# KiDS-Legacy deprojected matter power spectrum (Broxterman et al. 2025, A&A 703 L3; CDS J/A+A/703/L3)
# Pm = fdelta * Pdmo; 68% credible band shown; k [h/Mpc], P [(Mpc/h)^3]
# columns: k  z_fid  Pm  Pm_lo68  Pm_hi68  fdelta  fdelta_lo68  fdelta_hi68  Pdmo
1.009550e-02 1.500000e-01 2.407507e+04 1.326616e+04 3.562575e+04 1.168500e+00 6.438820e-01 1.729120e+00 2.060340e+04
1.504630e-02 1.500000e-01 2.493094e+04 1.535212e+04 3.518578e+04 1.160480e+00 7.146070e-01 1.637820e+00 2.148330e+04
2.242510e-02 1.500000e-01 2.273002e+04 1.510116e+04 3.071010e+04 1.141730e+00 7.585320e-01 1.542570e+00 1.990840e+04
3.342250e-02 1.500000e-01 1.785694e+04 1.245176e+04 2.341720e+04 1.101940e+00 7.683900e-01 1.445060e+00 1.620500e+04
4.981300e-02 1.500000e-01 1.206493e+04 8.639500e+03 1.554458e+04 1.038210e+00 7.434450e-01 1.337640e+00 1.162090e+04
7.424150e-02 1.500000e-01 7.152544e+03 5.198846e+03 9.155629e+03 9.571720e-01 6.957230e-01 1.225230e+00 7.472580e+03
1.106500e-01 1.500000e-01 3.895979e+03 2.814214e+03 5.001803e+03 8.752590e-01 6.322330e-01 1.123690e+00 4.451230e+03
1.649130e-01 1.500000e-01 2.043798e+03 1.451500e+03 2.649151e+03 8.012790e-01 5.690660e-01 1.038610e+00 2.550670e+03
2.457870e-01 1.500000e-01 1.116733e+03 7.824799e+02 1.459335e+03 7.612620e-01 5.334060e-01 9.948090e-01 1.466950e+03
3.663220e-01 1.500000e-01 7.489985e+02 5.503378e+02 9.524953e+02 8.482400e-01 6.232570e-01 1.078700e+00 8.830030e+02
5.459680e-01 1.500000e-01 6.239746e+02 5.016404e+02 7.484359e+02 1.103300e+00 8.869910e-01 1.323370e+00 5.655530e+02
8.137130e-01 1.500000e-01 3.859307e+02 3.074180e+02 4.659410e+02 1.025190e+00 8.166280e-01 1.237730e+00 3.764480e+02
1.212760e+00 1.500000e-01 2.569297e+02 2.065160e+02 3.084552e+02 1.038280e+00 8.345530e-01 1.246500e+00 2.474570e+02
1.807500e+00 1.500000e-01 1.531386e+02 1.216121e+02 1.853277e+02 1.005110e+00 7.981890e-01 1.216380e+00 1.523600e+02
2.693910e+00 1.500000e-01 8.466030e+01 6.628697e+01 1.033587e+02 9.963270e-01 7.801000e-01 1.216380e+00 8.497240e+01
4.015020e+00 1.500000e-01 3.629634e+01 2.627673e+01 4.642113e+01 8.472120e-01 6.133390e-01 1.083540e+00 4.284210e+01
5.984000e+00 1.500000e-01 1.308536e+01 7.996802e+00 1.831451e+01 6.561710e-01 4.010030e-01 9.183890e-01 1.994200e+01
8.918580e+00 1.500000e-01 4.723652e+00 2.436943e+00 7.231480e+00 5.381000e-01 2.776070e-01 8.237820e-01 8.778390e+00
1.329230e+01 1.500000e-01 1.984748e+00 9.780346e-01 3.164807e+00 5.323380e-01 2.623230e-01 8.488470e-01 3.728360e+00
1.981090e+01 1.500000e-01 7.864250e-01 3.162793e-01 1.390225e+00 5.076690e-01 2.041710e-01 8.974460e-01 1.549090e+00
1.009550e-02 4.500000e-01 1.592727e+04 8.550219e+03 2.389097e+04 1.052430e+00 5.649750e-01 1.578650e+00 1.513380e+04
1.504630e-02 4.500000e-01 1.606595e+04 9.567257e+03 2.312820e+04 1.017360e+00 6.058370e-01 1.464570e+00 1.579180e+04
2.242510e-02 4.500000e-01 1.394747e+04 8.761445e+03 1.945933e+04 9.520590e-01 5.980590e-01 1.328300e+00 1.464980e+04
3.342250e-02 4.500000e-01 1.072212e+04 7.067971e+03 1.450833e+04 8.978870e-01 5.918830e-01 1.214950e+00 1.194150e+04
4.981300e-02 4.500000e-01 8.156299e+03 5.850809e+03 1.051672e+04 9.511020e-01 6.822600e-01 1.226350e+00 8.575630e+03
7.424150e-02 4.500000e-01 5.859711e+03 4.526043e+03 7.215370e+03 1.062880e+00 8.209690e-01 1.308780e+00 5.513050e+03
1.106500e-01 4.500000e-01 3.663537e+03 2.920231e+03 4.420556e+03 1.121730e+00 8.941390e-01 1.353520e+00 3.265970e+03
1.649130e-01 4.500000e-01 2.066751e+03 1.649610e+03 2.492763e+03 1.121400e+00 8.950630e-01 1.352550e+00 1.843010e+03
2.457870e-01 4.500000e-01 1.264090e+03 1.029376e+03 1.503361e+03 1.227260e+00 9.993840e-01 1.459560e+00 1.030010e+03
3.663220e-01 4.500000e-01 5.940139e+02 4.562927e+02 7.343105e+02 9.989370e-01 7.673350e-01 1.234870e+00 5.946460e+02
5.459680e-01 4.500000e-01 2.772955e+02 1.920793e+02 3.641511e+02 7.630230e-01 5.285370e-01 1.002020e+00 3.634170e+02
8.137130e-01 4.500000e-01 2.318082e+02 1.781111e+02 2.867118e+02 9.972520e-01 7.662440e-01 1.233450e+00 2.324470e+02
1.212760e+00 4.500000e-01 1.333654e+02 9.808348e+01 1.695384e+02 8.940620e-01 6.575370e-01 1.136560e+00 1.491680e+02
1.807500e+00 4.500000e-01 8.147999e+01 5.940983e+01 1.040152e+02 8.913080e-01 6.498830e-01 1.137820e+00 9.141620e+01
2.693910e+00 4.500000e-01 3.711231e+01 2.426172e+01 5.018056e+01 7.190790e-01 4.700890e-01 9.722860e-01 5.161090e+01
4.015020e+00 4.500000e-01 1.932310e+01 1.246950e+01 2.631947e+01 7.305740e-01 4.714510e-01 9.950950e-01 2.644920e+01
5.984000e+00 4.500000e-01 9.225409e+00 5.637796e+00 1.299677e+01 7.424040e-01 4.536950e-01 1.045900e+00 1.242640e+01
8.918580e+00 4.500000e-01 4.593894e+00 2.702195e+00 6.709968e+00 8.394200e-01 4.937590e-01 1.226080e+00 5.472700e+00
1.329230e+01 4.500000e-01 1.957694e+00 1.031767e+00 3.043879e+00 8.477910e-01 4.468130e-01 1.318170e+00 2.309170e+00
1.981090e+01 4.500000e-01 8.363718e-01 3.955219e-01 1.355472e+00 8.816730e-01 4.169450e-01 1.428890e+00 9.486190e-01
1.009550e-02 1.300000e+00 8.510384e+03 4.736559e+03 1.253596e+04 1.212150e+00 6.746370e-01 1.785520e+00 7.020900e+03
1.504630e-02 1.300000e+00 8.786065e+03 5.401833e+03 1.240727e+04 1.197710e+00 7.363740e-01 1.691350e+00 7.335720e+03
2.242510e-02 1.300000e+00 7.883088e+03 5.186214e+03 1.074523e+04 1.156100e+00 7.605880e-01 1.575850e+00 6.818690e+03
3.342250e-02 1.300000e+00 6.051640e+03 4.101378e+03 8.088214e+03 1.085720e+00 7.358250e-01 1.451100e+00 5.573850e+03
4.981300e-02 1.300000e+00 4.234541e+03 2.919501e+03 5.595552e+03 1.054520e+00 7.270380e-01 1.393450e+00 4.015610e+03
7.424150e-02 1.300000e+00 2.855691e+03 2.037326e+03 3.698407e+03 1.104810e+00 7.882010e-01 1.430840e+00 2.584780e+03
1.106500e-01 1.300000e+00 1.884304e+03 1.395432e+03 2.385636e+03 1.237630e+00 9.165340e-01 1.566910e+00 1.522510e+03
1.649130e-01 1.300000e+00 1.171997e+03 8.924146e+02 1.458287e+03 1.392610e+00 1.060400e+00 1.732790e+00 8.415830e+02
2.457870e-01 1.300000e+00 5.908735e+02 4.328889e+02 7.521828e+02 1.316000e+00 9.641350e-01 1.675270e+00 4.489920e+02
3.663220e-01 1.300000e+00 3.199801e+02 2.289933e+02 4.125351e+02 1.339350e+00 9.585040e-01 1.726760e+00 2.389070e+02
5.459680e-01 1.300000e+00 1.986793e+02 1.454589e+02 2.529125e+02 1.518270e+00 1.111570e+00 1.932710e+00 1.308590e+02
8.137130e-01 1.300000e+00 1.230205e+02 9.069903e+01 1.558837e+02 1.639690e+00 1.208890e+00 2.077710e+00 7.502670e+01
1.212760e+00 1.300000e+00 7.480541e+01 5.438614e+01 9.575039e+01 1.677650e+00 1.219710e+00 2.147380e+00 4.458940e+01
1.807500e+00 1.300000e+00 4.260768e+01 2.977224e+01 5.594811e+01 1.603070e+00 1.120150e+00 2.104990e+00 2.657880e+01
2.693910e+00 1.300000e+00 2.446849e+01 1.663021e+01 3.276961e+01 1.601320e+00 1.088350e+00 2.144580e+00 1.528020e+01
4.015020e+00 1.300000e+00 1.278881e+01 8.231107e+00 1.774820e+01 1.553050e+00 9.995710e-01 2.155310e+00 8.234640e+00
5.984000e+00 1.300000e+00 6.560826e+00 4.082972e+00 9.306700e+00 1.599090e+00 9.951550e-01 2.268350e+00 4.102850e+00
8.918580e+00 1.300000e+00 2.976037e+00 1.745930e+00 4.367337e+00 1.575740e+00 9.244280e-01 2.312400e+00 1.888660e+00
1.329230e+01 1.300000e+00 1.289988e+00 7.144315e-01 1.940762e+00 1.582600e+00 8.764880e-01 2.380990e+00 8.151070e-01
1.981090e+01 1.300000e+00 5.353215e-01 2.792211e-01 8.228753e-01 1.591050e+00 8.298840e-01 2.445700e+00 3.364580e-01
