# KiDS-Legacy deprojected matter power spectrum (Broxterman et al. 2025, A&A 703 L3; CDS J/A+A/703/L3)
# Pm = fdelta * Pdmo; 68% credible band shown; k [h/Mpc], P [(Mpc/h)^3]
# columns: k  z_fid  Pm  Pm_lo68  Pm_hi68  fdelta  fdelta_lo68  fdelta_hi68  Pdmo
1.009550e-02 1.000000e+00 1.063879e+04 6.875371e+03 1.444985e+04 1.181500e+00 7.635500e-01 1.604740e+00 9.004480e+03
1.504630e-02 1.000000e+00 1.081280e+04 7.729004e+03 1.398863e+04 1.149670e+00 8.217860e-01 1.487340e+00 9.405130e+03
2.242510e-02 1.000000e+00 9.352995e+03 7.081040e+03 1.165944e+04 1.070400e+00 8.103870e-01 1.334360e+00 8.737850e+03
3.342250e-02 1.000000e+00 6.843599e+03 5.298217e+03 8.388953e+03 9.588190e-01 7.423040e-01 1.175330e+00 7.137530e+03
4.981300e-02 1.000000e+00 4.829749e+03 3.883101e+03 5.809594e+03 9.400130e-01 7.557670e-01 1.130720e+00 5.137960e+03
7.424150e-02 1.000000e+00 3.197747e+03 2.638974e+03 3.766005e+03 9.672790e-01 7.982570e-01 1.139170e+00 3.305920e+03
1.106500e-01 1.000000e+00 1.911333e+03 1.590998e+03 2.237290e+03 9.804370e-01 8.161180e-01 1.147640e+00 1.949470e+03
1.649130e-01 1.000000e+00 1.167649e+03 9.947584e+02 1.346822e+03 1.078610e+00 9.189030e-01 1.244120e+00 1.082550e+03
2.457870e-01 1.000000e+00 6.814904e+02 5.882745e+02 7.747005e+02 1.166670e+00 1.007090e+00 1.326240e+00 5.841330e+02
3.663220e-01 1.000000e+00 3.133461e+02 2.628455e+02 3.658265e+02 9.862150e-01 8.272710e-01 1.151390e+00 3.177260e+02
5.459680e-01 1.000000e+00 1.751738e+02 1.467861e+02 2.050832e+02 9.740750e-01 8.162220e-01 1.140390e+00 1.798360e+02
8.137130e-01 1.000000e+00 1.185900e+02 1.017437e+02 1.359890e+02 1.108950e+00 9.514180e-01 1.271650e+00 1.069390e+02
1.212760e+00 1.000000e+00 6.934372e+01 5.908213e+01 7.960558e+01 1.060240e+00 9.033440e-01 1.217140e+00 6.540380e+01
1.807500e+00 1.000000e+00 4.010952e+01 3.410241e+01 4.641674e+01 1.015580e+00 8.634790e-01 1.175280e+00 3.949420e+01
2.693910e+00 1.000000e+00 2.046788e+01 1.695811e+01 2.403813e+01 9.037990e-01 7.488180e-01 1.061450e+00 2.264650e+01
4.015020e+00 1.000000e+00 9.509240e+00 7.520399e+00 1.153178e+01 7.901190e-01 6.248670e-01 9.581710e-01 1.203520e+01
5.984000e+00 1.000000e+00 4.094354e+00 3.070366e+00 5.134347e+00 6.970560e-01 5.227240e-01 8.741130e-01 5.873780e+00
8.918580e+00 1.000000e+00 1.685836e+00 1.159808e+00 2.219168e+00 6.355720e-01 4.372560e-01 8.366420e-01 2.652470e+00
1.329230e+01 1.000000e+00 7.088779e-01 4.720559e-01 9.488997e-01 6.267210e-01 4.173460e-01 8.389250e-01 1.131090e+00
1.981090e+01 1.000000e+00 2.820158e-01 1.691974e-01 3.948338e-01 6.072300e-01 3.643120e-01 8.501470e-01 4.644300e-01
