# [<k> (h/Mpc)]	[<P_0(k)> (Mpc/h)^3]	[ErrorBar (Mpc/h)^3]	nModes	[<P_2(k)> (Mpc/h)^3]
3.476422e-02	9.161563e+03	2.540961e+03	13.000000	0.000000e+00
5.890282e-02	3.861524e+03	6.722050e+02	33.000000	0.000000e+00
8.378087e-02	3.217639e+03	3.620127e+02	79.000000	0.000000e+00
1.087368e-01	1.692653e+03	1.564859e+02	117.000000	0.000000e+00
1.341836e-01	1.324327e+03	9.249499e+01	205.000000	0.000000e+00
1.581206e-01	1.003607e+03	6.546810e+01	235.000000	0.000000e+00
1.826843e-01	8.950073e+02	4.659222e+01	369.000000	0.000000e+00
2.073525e-01	7.528404e+02	3.617920e+01	433.000000	0.000000e+00
2.322407e-01	6.175022e+02	2.553057e+01	585.000000	0.000000e+00
2.568838e-01	5.009450e+02	1.922450e+01	679.000000	0.000000e+00
2.811185e-01	4.453894e+02	1.562049e+01	813.000000	0.000000e+00
3.057758e-01	3.839979e+02	1.223519e+01	985.000000	0.000000e+00
3.308750e-01	3.345710e+02	9.727382e+00	1183.000000	0.000000e+00
3.553459e-01	3.060292e+02	8.590770e+00	1269.000000	0.000000e+00
3.797184e-01	2.781260e+02	7.094219e+00	1537.000000	0.000000e+00
4.042043e-01	2.520168e+02	6.198592e+00	1653.000000	0.000000e+00
4.287408e-01	2.315863e+02	5.227002e+00	1963.000000	0.000000e+00
4.533372e-01	2.177296e+02	4.727670e+00	2121.000000	0.000000e+00
4.779960e-01	2.024463e+02	4.121270e+00	2413.000000	0.000000e+00
5.026630e-01	1.818929e+02	3.543443e+00	2635.000000	0.000000e+00
5.271488e-01	1.729841e+02	3.225048e+00	2877.000000	0.000000e+00
5.515428e-01	1.647709e+02	2.926977e+00	3169.000000	0.000000e+00
5.762241e-01	1.568198e+02	2.648092e+00	3507.000000	0.000000e+00
6.007286e-01	1.416803e+02	2.333946e+00	3685.000000	0.000000e+00
6.252569e-01	1.369137e+02	2.121482e+00	4165.000000	0.000000e+00
6.499966e-01	1.285152e+02	1.942523e+00	4377.000000	0.000000e+00
6.746858e-01	1.242958e+02	1.783864e+00	4855.000000	0.000000e+00
6.991271e-01	1.195099e+02	1.702255e+00	4929.000000	0.000000e+00
7.235757e-01	1.154711e+02	1.545672e+00	5581.000000	0.000000e+00
7.479714e-01	1.075607e+02	1.427308e+00	5679.000000	0.000000e+00
7.726133e-01	1.042518e+02	1.304677e+00	6385.000000	0.000000e+00
7.972413e-01	9.885578e+01	1.221187e+00	6553.000000	0.000000e+00
8.218513e-01	9.725055e+01	1.152125e+00	7125.000000	0.000000e+00
8.464491e-01	9.405724e+01	1.089937e+00	7447.000000	0.000000e+00
8.709767e-01	8.892978e+01	9.987068e-01	7929.000000	0.000000e+00
8.955547e-01	8.887701e+01	9.724521e-01	8353.000000	0.000000e+00
9.199772e-01	8.502773e+01	9.076889e-01	8775.000000	0.000000e+00
9.444963e-01	8.223453e+01	8.521370e-01	9313.000000	0.000000e+00
9.690846e-01	7.814557e+01	7.877434e-01	9841.000000	0.000000e+00
9.935517e-01	7.633948e+01	7.562072e-01	10191.000000	0.000000e+00
1.018099e+00	7.597754e+01	7.278330e-01	10897.000000	0.000000e+00
1.042679e+00	7.176923e+01	6.751183e-01	11301.000000	0.000000e+00
1.067353e+00	7.112411e+01	6.485961e-01	12025.000000	0.000000e+00
1.092004e+00	6.911930e+01	6.201348e-01	12423.000000	0.000000e+00
1.116549e+00	6.822295e+01	5.978722e-01	13021.000000	0.000000e+00
1.140967e+00	6.555303e+01	5.661863e-01	13405.000000	0.000000e+00
1.165410e+00	6.449812e+01	5.403627e-01	14247.000000	0.000000e+00
1.189942e+00	6.289757e+01	5.196018e-01	14653.000000	0.000000e+00
1.214340e+00	6.164068e+01	4.977988e-01	15333.000000	0.000000e+00
1.238824e+00	6.042591e+01	4.784719e-01	15949.000000	0.000000e+00
1.263616e+00	5.884173e+01	4.505144e-01	17059.000000	0.000000e+00
1.288278e+00	5.766451e+01	4.410102e-01	17097.000000	0.000000e+00
1.312698e+00	5.674791e+01	4.233857e-01	17965.000000	0.000000e+00
1.337129e+00	5.532838e+01	4.064420e-01	18531.000000	0.000000e+00
1.361846e+00	5.409406e+01	3.857078e-01	19669.000000	0.000000e+00
1.386459e+00	5.289450e+01	3.750251e-01	19893.000000	0.000000e+00
1.410760e+00	5.215855e+01	3.644245e-01	20485.000000	0.000000e+00
1.435294e+00	5.095052e+01	3.454690e-01	21751.000000	0.000000e+00
1.459966e+00	4.999817e+01	3.354977e-01	22209.000000	0.000000e+00
1.484553e+00	4.958907e+01	3.266896e-01	23041.000000	0.000000e+00
1.509059e+00	4.829126e+01	3.137450e-01	23691.000000	0.000000e+00
1.533565e+00	4.751787e+01	3.038473e-01	24457.000000	0.000000e+00
1.558284e+00	4.701297e+01	2.927070e-01	25797.000000	0.000000e+00
1.582818e+00	4.548757e+01	2.841475e-01	25627.000000	0.000000e+00
1.607259e+00	4.449572e+01	2.697107e-01	27217.000000	0.000000e+00
1.631809e+00	4.420853e+01	2.663503e-01	27549.000000	0.000000e+00
1.656366e+00	4.316382e+01	2.542879e-01	28813.000000	0.000000e+00
1.680925e+00	4.263188e+01	2.488247e-01	29355.000000	0.000000e+00
1.705257e+00	4.259710e+01	2.462754e-01	29917.000000	0.000000e+00
1.729806e+00	4.104754e+01	2.307170e-01	31653.000000	0.000000e+00
1.754462e+00	4.034636e+01	2.257159e-01	31951.000000	0.000000e+00
1.778992e+00	4.027979e+01	2.215283e-01	33061.000000	0.000000e+00
1.803411e+00	3.957891e+01	2.159303e-01	33597.000000	0.000000e+00
1.827963e+00	3.894049e+01	2.075623e-01	35197.000000	0.000000e+00
1.852647e+00	3.815930e+01	2.016134e-01	35823.000000	0.000000e+00
1.877249e+00	3.798123e+01	1.975912e-01	36949.000000	0.000000e+00
1.901733e+00	3.727831e+01	1.929965e-01	37309.000000	0.000000e+00
1.926241e+00	3.633122e+01	1.837937e-01	39075.000000	0.000000e+00
1.950830e+00	3.624348e+01	1.826546e-01	39373.000000	0.000000e+00
1.975308e+00	3.535339e+01	1.749546e-01	40833.000000	0.000000e+00
1.999729e+00	3.491631e+01	1.720141e-01	41203.000000	0.000000e+00
2.024419e+00	3.430924e+01	1.641440e-01	43689.000000	0.000000e+00
2.049126e+00	3.424596e+01	1.641723e-01	43513.000000	0.000000e+00
2.073508e+00	3.340212e+01	1.584534e-01	44437.000000	0.000000e+00
2.097846e+00	3.329274e+01	1.558204e-01	45651.000000	0.000000e+00
2.122473e+00	3.267250e+01	1.499354e-01	47485.000000	0.000000e+00
2.147106e+00	3.202779e+01	1.462456e-01	47961.000000	0.000000e+00
2.171601e+00	3.193339e+01	1.440445e-01	49147.000000	0.000000e+00
2.196158e+00	3.104608e+01	1.383932e-01	50325.000000	0.000000e+00
2.220735e+00	3.079932e+01	1.355221e-01	51649.000000	0.000000e+00
2.245251e+00	3.028255e+01	1.326028e-01	52153.000000	0.000000e+00
2.269729e+00	2.980334e+01	1.283209e-01	53943.000000	0.000000e+00
2.294271e+00	2.944681e+01	1.259089e-01	54697.000000	0.000000e+00
2.318928e+00	2.920120e+01	1.225849e-01	56745.000000	0.000000e+00
2.343538e+00	2.861397e+01	1.198434e-01	57007.000000	0.000000e+00
2.368026e+00	2.829103e+01	1.170080e-01	58461.000000	0.000000e+00
2.392423e+00	2.790375e+01	1.148380e-01	59041.000000	0.000000e+00
2.416863e+00	2.740796e+01	1.109580e-01	61015.000000	0.000000e+00
2.441509e+00	2.731355e+01	1.091346e-01	62637.000000	0.000000e+00
2.466080e+00	2.695298e+01	1.072395e-01	63169.000000	0.000000e+00
2.490575e+00	2.675973e+01	1.052807e-01	64605.000000	0.000000e+00
2.515186e+00	2.642485e+01	1.024812e-01	66487.000000	0.000000e+00
2.539777e+00	2.582096e+01	9.973051e-02	67033.000000	0.000000e+00
2.564215e+00	2.564415e+01	9.816702e-02	68241.000000	0.000000e+00
2.588707e+00	2.528300e+01	9.556689e-02	69991.000000	0.000000e+00
2.613337e+00	2.503103e+01	9.360746e-02	71505.000000	0.000000e+00
2.637925e+00	2.461841e+01	9.129899e-02	72709.000000	0.000000e+00
2.662420e+00	2.435269e+01	8.984275e-02	73473.000000	0.000000e+00
2.686963e+00	2.397390e+01	8.709838e-02	75763.000000	0.000000e+00
2.711515e+00	2.381104e+01	8.622381e-02	76261.000000	0.000000e+00
2.735982e+00	2.355432e+01	8.434611e-02	77985.000000	0.000000e+00
2.760573e+00	2.328549e+01	8.232096e-02	80011.000000	0.000000e+00
2.785237e+00	2.299708e+01	8.079902e-02	81009.000000	0.000000e+00
2.809671e+00	2.264119e+01	7.925953e-02	81601.000000	0.000000e+00
2.834151e+00	2.220168e+01	7.656617e-02	84081.000000	0.000000e+00
2.858722e+00	2.195048e+01	7.521921e-02	85159.000000	0.000000e+00
2.883250e+00	2.189509e+01	7.437464e-02	86665.000000	0.000000e+00
2.907819e+00	2.155785e+01	7.253109e-02	88341.000000	0.000000e+00
2.932335e+00	2.134149e+01	7.134509e-02	89479.000000	0.000000e+00
2.956914e+00	2.106796e+01	6.964053e-02	91521.000000	0.000000e+00
2.981449e+00	2.079131e+01	6.838914e-02	92425.000000	0.000000e+00
3.005876e+00	2.043736e+01	6.680910e-02	93579.000000	0.000000e+00
3.030403e+00	2.025475e+01	6.526968e-02	96301.000000	0.000000e+00
3.055041e+00	1.995258e+01	6.384801e-02	97657.000000	0.000000e+00
3.079692e+00	1.994172e+01	6.325353e-02	99393.000000	0.000000e+00
3.104241e+00	1.956179e+01	6.179959e-02	100195.000000	0.000000e+00
3.128710e+00	1.936650e+01	6.072556e-02	101709.000000	0.000000e+00
3.153123e+00	1.925936e+01	6.000383e-02	103021.000000	0.000000e+00
3.177619e+00	1.895155e+01	5.831744e-02	105607.000000	0.000000e+00
3.202185e+00	1.872278e+01	5.728837e-02	106809.000000	0.000000e+00
3.226708e+00	1.848008e+01	5.607419e-02	108613.000000	0.000000e+00
3.251321e+00	1.836088e+01	5.516466e-02	110781.000000	0.000000e+00
3.275882e+00	1.804720e+01	5.401248e-02	111643.000000	0.000000e+00
3.300393e+00	1.793697e+01	5.320390e-02	113661.000000	0.000000e+00
3.324955e+00	1.784577e+01	5.256469e-02	115261.000000	0.000000e+00
3.349528e+00	1.758478e+01	5.130553e-02	117475.000000	0.000000e+00
3.374087e+00	1.732764e+01	5.035976e-02	118389.000000	0.000000e+00
3.398541e+00	1.716817e+01	4.955755e-02	120013.000000	0.000000e+00
3.423011e+00	1.695117e+01	4.855115e-02	121899.000000	0.000000e+00
3.447546e+00	1.680843e+01	4.771022e-02	124117.000000	0.000000e+00
3.472176e+00	1.661114e+01	4.667284e-02	126669.000000	0.000000e+00
3.496772e+00	1.633390e+01	4.584107e-02	126961.000000	0.000000e+00
3.521302e+00	1.621883e+01	4.500113e-02	129895.000000	0.000000e+00
3.545845e+00	1.604612e+01	4.442522e-02	130461.000000	0.000000e+00
3.570351e+00	1.587394e+01	4.347457e-02	133321.000000	0.000000e+00
3.594817e+00	1.571573e+01	4.299264e-02	133623.000000	0.000000e+00
3.619340e+00	1.550098e+01	4.181626e-02	137413.000000	0.000000e+00
3.643921e+00	1.539305e+01	4.140057e-02	138241.000000	0.000000e+00
3.668501e+00	1.510597e+01	4.023454e-02	140961.000000	0.000000e+00
3.693083e+00	1.503543e+01	3.986410e-02	142255.000000	0.000000e+00
3.717636e+00	1.490098e+01	3.924504e-02	144165.000000	0.000000e+00
3.742123e+00	1.470699e+01	3.857340e-02	145369.000000	0.000000e+00
3.766623e+00	1.461514e+01	3.796577e-02	148191.000000	0.000000e+00
3.791211e+00	1.443223e+01	3.723990e-02	150193.000000	0.000000e+00
3.815740e+00	1.422986e+01	3.656176e-02	151477.000000	0.000000e+00
3.840250e+00	1.406872e+01	3.587849e-02	153759.000000	0.000000e+00
3.864816e+00	1.396294e+01	3.533835e-02	156121.000000	0.000000e+00
3.889416e+00	1.385199e+01	3.482324e-02	158229.000000	0.000000e+00
3.913984e+00	1.368709e+01	3.425919e-02	159613.000000	0.000000e+00
3.938439e+00	1.353612e+01	3.375066e-02	160851.000000	0.000000e+00
3.962856e+00	1.344268e+01	3.330122e-02	162949.000000	0.000000e+00
3.987408e+00	1.329728e+01	3.255257e-02	166861.000000	0.000000e+00
4.011951e+00	1.314802e+01	3.217890e-02	166947.000000	0.000000e+00
4.036502e+00	1.299491e+01	3.144257e-02	170809.000000	0.000000e+00
4.061101e+00	1.289761e+01	3.109520e-02	172041.000000	0.000000e+00
4.085632e+00	1.271240e+01	3.049239e-02	173809.000000	0.000000e+00
4.110226e+00	1.257341e+01	2.985431e-02	177375.000000	0.000000e+00
4.134760e+00	1.244230e+01	2.957620e-02	176977.000000	0.000000e+00
4.159247e+00	1.233234e+01	2.900091e-02	180829.000000	0.000000e+00
4.183807e+00	1.221878e+01	2.859550e-02	182583.000000	0.000000e+00
4.208321e+00	1.213397e+01	2.827939e-02	184105.000000	0.000000e+00
4.232839e+00	1.193780e+01	2.758440e-02	187293.000000	0.000000e+00
4.257376e+00	1.188003e+01	2.737530e-02	188329.000000	0.000000e+00
4.281944e+00	1.176714e+01	2.682322e-02	192451.000000	0.000000e+00
4.306505e+00	1.159057e+01	2.641152e-02	192585.000000	0.000000e+00
4.331033e+00	1.153818e+01	2.605431e-02	196117.000000	0.000000e+00
4.355617e+00	1.138980e+01	2.558330e-02	198207.000000	0.000000e+00
4.380161e+00	1.127978e+01	2.524781e-02	199597.000000	0.000000e+00
4.404676e+00	1.119988e+01	2.488512e-02	202557.000000	0.000000e+00
4.429249e+00	1.105790e+01	2.443193e-02	204847.000000	0.000000e+00
4.453772e+00	1.098413e+01	2.418093e-02	206341.000000	0.000000e+00
4.478282e+00	1.084524e+01	2.371050e-02	209217.000000	0.000000e+00
4.502777e+00	1.075550e+01	2.344226e-02	210505.000000	0.000000e+00
4.527289e+00	1.063704e+01	2.297792e-02	214299.000000	0.000000e+00
4.551889e+00	1.054459e+01	2.265872e-02	216565.000000	0.000000e+00
4.576426e+00	1.042148e+01	2.232953e-02	217821.000000	0.000000e+00
4.600893e+00	1.035098e+01	2.206160e-02	220135.000000	0.000000e+00
4.625467e+00	1.023751e+01	2.161597e-02	224305.000000	0.000000e+00
4.650035e+00	1.016907e+01	2.144243e-02	224913.000000	0.000000e+00
4.674541e+00	1.007839e+01	2.111906e-02	227737.000000	0.000000e+00
4.699104e+00	9.984693e+00	2.078183e-02	230835.000000	0.000000e+00
4.723670e+00	9.920266e+00	2.056143e-02	232777.000000	0.000000e+00
4.748182e+00	9.812750e+00	2.026887e-02	234381.000000	0.000000e+00
4.772682e+00	9.705044e+00	1.990783e-02	237655.000000	0.000000e+00
4.797203e+00	9.651550e+00	1.972924e-02	239317.000000	0.000000e+00
4.821755e+00	9.519093e+00	1.928915e-02	243537.000000	0.000000e+00
4.846361e+00	9.472161e+00	1.912780e-02	245227.000000	0.000000e+00
4.870915e+00	9.363087e+00	1.882930e-02	247269.000000	0.000000e+00
4.895426e+00	9.232803e+00	1.847947e-02	249625.000000	0.000000e+00
4.919952e+00	9.175907e+00	1.826663e-02	252337.000000	0.000000e+00
4.944496e+00	9.077395e+00	1.796398e-02	255339.000000	0.000000e+00
4.969013e+00	9.021668e+00	1.781447e-02	256465.000000	0.000000e+00
4.993562e+00	8.930144e+00	1.747074e-02	261273.000000	0.000000e+00
5.018138e+00	8.840047e+00	1.726167e-02	262267.000000	0.000000e+00
5.042642e+00	8.794974e+00	1.709516e-02	264681.000000	0.000000e+00
5.067215e+00	8.703517e+00	1.677826e-02	269089.000000	0.000000e+00
5.091775e+00	8.662392e+00	1.669079e-02	269353.000000	0.000000e+00
5.116309e+00	8.532105e+00	1.629871e-02	274035.000000	0.000000e+00
5.140838e+00	8.470688e+00	1.617436e-02	274273.000000	0.000000e+00
5.165333e+00	8.412423e+00	1.594026e-02	278517.000000	0.000000e+00
5.189818e+00	8.331056e+00	1.576001e-02	279439.000000	0.000000e+00
5.214351e+00	8.262361e+00	1.548342e-02	284757.000000	0.000000e+00
5.238947e+00	8.203456e+00	1.532874e-02	286405.000000	0.000000e+00
5.263479e+00	8.104935e+00	1.508896e-02	288523.000000	0.000000e+00
5.288002e+00	8.054692e+00	1.491464e-02	291657.000000	0.000000e+00
5.312546e+00	7.965779e+00	1.468180e-02	294373.000000	0.000000e+00
5.337121e+00	7.911688e+00	1.449735e-02	297825.000000	0.000000e+00
5.361672e+00	7.844045e+00	1.433624e-02	299371.000000	0.000000e+00
5.386196e+00	7.782538e+00	1.414743e-02	302613.000000	0.000000e+00
5.410715e+00	7.698819e+00	1.394876e-02	304633.000000	0.000000e+00
5.435244e+00	7.644665e+00	1.376296e-02	308527.000000	0.000000e+00
5.459823e+00	7.576584e+00	1.357817e-02	311361.000000	0.000000e+00
5.484389e+00	7.513450e+00	1.340617e-02	314101.000000	0.000000e+00
5.508889e+00	7.451538e+00	1.328184e-02	314757.000000	0.000000e+00
5.533464e+00	7.396586e+00	1.303204e-02	322135.000000	0.000000e+00
5.558036e+00	7.322677e+00	1.294226e-02	320125.000000	0.000000e+00
5.582484e+00	7.265596e+00	1.275143e-02	324657.000000	0.000000e+00
5.606956e+00	7.219838e+00	1.263664e-02	326431.000000	0.000000e+00
5.631560e+00	7.133127e+00	1.234983e-02	333609.000000	0.000000e+00
5.656168e+00	7.089885e+00	1.228617e-02	333001.000000	0.000000e+00
5.680698e+00	7.042282e+00	1.213637e-02	336705.000000	0.000000e+00
5.705204e+00	6.997748e+00	1.202861e-02	338443.000000	0.000000e+00
5.729704e+00	6.920698e+00	1.183101e-02	342181.000000	0.000000e+00
5.754232e+00	6.863420e+00	1.168247e-02	345153.000000	0.000000e+00
5.778772e+00	6.801686e+00	1.151970e-02	348619.000000	0.000000e+00
5.803342e+00	6.759746e+00	1.140280e-02	351429.000000	0.000000e+00
5.827902e+00	6.708540e+00	1.126398e-02	354709.000000	0.000000e+00
5.852409e+00	6.675436e+00	1.119096e-02	355815.000000	0.000000e+00
5.876957e+00	6.620241e+00	1.100752e-02	361717.000000	0.000000e+00
5.901534e+00	6.549731e+00	1.087334e-02	362845.000000	0.000000e+00
5.926030e+00	6.506535e+00	1.076702e-02	365181.000000	0.000000e+00
5.950548e+00	6.446135e+00	1.059957e-02	369847.000000	0.000000e+00
5.975137e+00	6.397725e+00	1.047315e-02	373161.000000	0.000000e+00
5.999657e+00	6.362239e+00	1.040497e-02	373885.000000	0.000000e+00
6.024161e+00	6.294736e+00	1.022505e-02	378987.000000	0.000000e+00
6.048714e+00	6.247746e+00	1.011820e-02	381277.000000	0.000000e+00
6.073267e+00	6.199637e+00	9.985435e-03	385477.000000	0.000000e+00
6.097868e+00	6.174818e+00	9.902296e-03	388845.000000	0.000000e+00
6.122369e+00	6.137284e+00	9.845017e-03	388615.000000	0.000000e+00
6.146867e+00	6.076133e+00	9.666784e-03	395085.000000	0.000000e+00
6.171452e+00	6.044719e+00	9.588983e-03	397381.000000	0.000000e+00
6.195974e+00	5.971216e+00	9.442844e-03	399871.000000	0.000000e+00
6.220444e+00	5.915834e+00	9.336347e-03	401493.000000	0.000000e+00
6.244986e+00	5.877969e+00	9.191769e-03	408937.000000	0.000000e+00
6.269588e+00	5.843607e+00	9.128507e-03	409791.000000	0.000000e+00
6.294124e+00	5.805333e+00	9.033232e-03	413017.000000	0.000000e+00
6.318633e+00	5.753248e+00	8.922595e-03	415761.000000	0.000000e+00
6.343202e+00	5.712493e+00	8.805505e-03	420865.000000	0.000000e+00
6.367770e+00	5.667265e+00	8.716116e-03	422767.000000	0.000000e+00
6.392288e+00	5.615527e+00	8.609561e-03	425421.000000	0.000000e+00
6.416837e+00	5.573071e+00	8.493670e-03	430525.000000	0.000000e+00
6.441383e+00	5.524511e+00	8.407816e-03	431739.000000	0.000000e+00
6.465913e+00	5.513188e+00	8.344460e-03	436525.000000	0.000000e+00
6.490433e+00	5.463294e+00	8.251646e-03	438357.000000	0.000000e+00
6.514946e+00	5.427437e+00	8.160120e-03	442381.000000	0.000000e+00
6.539518e+00	5.400402e+00	8.072367e-03	447559.000000	0.000000e+00
6.564059e+00	5.345675e+00	7.988940e-03	447741.000000	0.000000e+00
6.588587e+00	5.311369e+00	7.884041e-03	453853.000000	0.000000e+00
6.613110e+00	5.269155e+00	7.816403e-03	454431.000000	0.000000e+00
6.637622e+00	5.227523e+00	7.707889e-03	459961.000000	0.000000e+00
6.662172e+00	5.201800e+00	7.646655e-03	462769.000000	0.000000e+00
6.686693e+00	5.173637e+00	7.580805e-03	465759.000000	0.000000e+00
6.711227e+00	5.127851e+00	7.480081e-03	469957.000000	0.000000e+00
6.735777e+00	5.101904e+00	7.414485e-03	473481.000000	0.000000e+00
6.760323e+00	5.051954e+00	7.320557e-03	476245.000000	0.000000e+00
6.784855e+00	5.020440e+00	7.244094e-03	480303.000000	0.000000e+00
6.809427e+00	4.988205e+00	7.165800e-03	484573.000000	0.000000e+00
6.833979e+00	4.961506e+00	7.113367e-03	486493.000000	0.000000e+00
6.858503e+00	4.937227e+00	7.048788e-03	490611.000000	0.000000e+00
6.883055e+00	4.903484e+00	6.974661e-03	494269.000000	0.000000e+00
6.907584e+00	4.860889e+00	6.893131e-03	497277.000000	0.000000e+00
6.932134e+00	4.834820e+00	6.825975e-03	501685.000000	0.000000e+00
6.956669e+00	4.791407e+00	6.748227e-03	504135.000000	0.000000e+00
6.981221e+00	4.761668e+00	6.673238e-03	509149.000000	0.000000e+00
7.005753e+00	4.737946e+00	6.630390e-03	510625.000000	0.000000e+00
7.030233e+00	4.709322e+00	6.565831e-03	514443.000000	0.000000e+00
7.054782e+00	4.675571e+00	6.483645e-03	520033.000000	0.000000e+00
7.079343e+00	4.634515e+00	6.409749e-03	522789.000000	0.000000e+00
7.103883e+00	4.617992e+00	6.367319e-03	526009.000000	0.000000e+00
7.128424e+00	4.582640e+00	6.291921e-03	530475.000000	0.000000e+00
7.152965e+00	4.555132e+00	6.239363e-03	532993.000000	0.000000e+00
7.177501e+00	4.516772e+00	6.160660e-03	537529.000000	0.000000e+00
7.202013e+00	4.500271e+00	6.125846e-03	539691.000000	0.000000e+00
7.226577e+00	4.464192e+00	6.038004e-03	546637.000000	0.000000e+00
7.251125e+00	4.435060e+00	5.996846e-03	546957.000000	0.000000e+00
7.275651e+00	4.403157e+00	5.922938e-03	552655.000000	0.000000e+00
7.300226e+00	4.384320e+00	5.876234e-03	556681.000000	0.000000e+00
7.324759e+00	4.346096e+00	5.815503e-03	558501.000000	0.000000e+00
7.349299e+00	4.323961e+00	5.756624e-03	564193.000000	0.000000e+00
7.373825e+00	4.288465e+00	5.702509e-03	565551.000000	0.000000e+00
7.398312e+00	4.250321e+00	5.630512e-03	569833.000000	0.000000e+00
7.422892e+00	4.239024e+00	5.578682e-03	577389.000000	0.000000e+00
7.447442e+00	4.218746e+00	5.557089e-03	576331.000000	0.000000e+00
7.471956e+00	4.180739e+00	5.476127e-03	582853.000000	0.000000e+00
7.496499e+00	4.159988e+00	5.434774e-03	585897.000000	0.000000e+00
7.521014e+00	4.132889e+00	5.386789e-03	588637.000000	0.000000e+00
7.545557e+00	4.102535e+00	5.317436e-03	595251.000000	0.000000e+00
7.570086e+00	4.085564e+00	5.292781e-03	595849.000000	0.000000e+00
7.594613e+00	4.062853e+00	5.235301e-03	602253.000000	0.000000e+00
7.619172e+00	4.036784e+00	5.186189e-03	605863.000000	0.000000e+00
7.643756e+00	4.010901e+00	5.131761e-03	610873.000000	0.000000e+00
7.668263e+00	3.987513e+00	5.104011e-03	610353.000000	0.000000e+00
7.692777e+00	3.951338e+00	5.023851e-03	618607.000000	0.000000e+00
7.717371e+00	3.940492e+00	4.995634e-03	622185.000000	0.000000e+00
7.741929e+00	3.918978e+00	4.956219e-03	625237.000000	0.000000e+00
7.766457e+00	3.890509e+00	4.909266e-03	628029.000000	0.000000e+00
7.790953e+00	3.869155e+00	4.867054e-03	631975.000000	0.000000e+00
7.815489e+00	3.851563e+00	4.823790e-03	637525.000000	0.000000e+00
7.840050e+00	3.823769e+00	4.772985e-03	641805.000000	0.000000e+00
7.864588e+00	3.800256e+00	4.734357e-03	644323.000000	0.000000e+00
7.889126e+00	3.778246e+00	4.688541e-03	649389.000000	0.000000e+00
7.913643e+00	3.746969e+00	4.641445e-03	651709.000000	0.000000e+00
7.938181e+00	3.729985e+00	4.597187e-03	658309.000000	0.000000e+00
7.962760e+00	3.720973e+00	4.571182e-03	662607.000000	0.000000e+00
7.987311e+00	3.683319e+00	4.519369e-03	664237.000000	0.000000e+00
8.011811e+00	3.664440e+00	4.482956e-03	668169.000000	0.000000e+00
8.036325e+00	3.644667e+00	4.440706e-03	673615.000000	0.000000e+00
8.060868e+00	3.617122e+00	4.394007e-03	677649.000000	0.000000e+00
8.085446e+00	3.592025e+00	4.343554e-03	683893.000000	0.000000e+00
8.109989e+00	3.574599e+00	4.322444e-03	683905.000000	0.000000e+00
8.134471e+00	3.550794e+00	4.278217e-03	688851.000000	0.000000e+00
8.159038e+00	3.542086e+00	4.242129e-03	697189.000000	0.000000e+00
8.183598e+00	3.515988e+00	4.213715e-03	696249.000000	0.000000e+00
8.208073e+00	3.491234e+00	4.168671e-03	701395.000000	0.000000e+00
8.232590e+00	3.481014e+00	4.141432e-03	706497.000000	0.000000e+00
8.257144e+00	3.451800e+00	4.089957e-03	712285.000000	0.000000e+00
8.281710e+00	3.439481e+00	4.065731e-03	715663.000000	0.000000e+00
8.306271e+00	3.419197e+00	4.029403e-03	720057.000000	0.000000e+00
8.330826e+00	3.399292e+00	3.993409e-03	724585.000000	0.000000e+00
8.355374e+00	3.380302e+00	3.963798e-03	727257.000000	0.000000e+00
8.379901e+00	3.364731e+00	3.930849e-03	732703.000000	0.000000e+00
8.404418e+00	3.343760e+00	3.900695e-03	734829.000000	0.000000e+00
8.428928e+00	3.335826e+00	3.876015e-03	740689.000000	0.000000e+00
8.453504e+00	3.312010e+00	3.829543e-03	747979.000000	0.000000e+00
8.478051e+00	3.297895e+00	3.815789e-03	746973.000000	0.000000e+00
8.502580e+00	3.278596e+00	3.769873e-03	756349.000000	0.000000e+00
8.527138e+00	3.258894e+00	3.746516e-03	756633.000000	0.000000e+00
8.551634e+00	3.235854e+00	3.707881e-03	761599.000000	0.000000e+00
8.576156e+00	3.221733e+00	3.678264e-03	767173.000000	0.000000e+00
8.600697e+00	3.205817e+00	3.650380e-03	771261.000000	0.000000e+00
8.625259e+00	3.184263e+00	3.611178e-03	777535.000000	0.000000e+00
8.649836e+00	3.167851e+00	3.585430e-03	780633.000000	0.000000e+00
8.674376e+00	3.149705e+00	3.555576e-03	784729.000000	0.000000e+00
8.698927e+00	3.132300e+00	3.524677e-03	789747.000000	0.000000e+00
8.723450e+00	3.117265e+00	3.503003e-03	791893.000000	0.000000e+00
8.747957e+00	3.104974e+00	3.476517e-03	797677.000000	0.000000e+00
8.772521e+00	3.085971e+00	3.440709e-03	804429.000000	0.000000e+00
8.797047e+00	3.068672e+00	3.421196e-03	804535.000000	0.000000e+00
8.821541e+00	3.062061e+00	3.400484e-03	810861.000000	0.000000e+00
8.846076e+00	3.037714e+00	3.362137e-03	816325.000000	0.000000e+00
8.870641e+00	3.026308e+00	3.337120e-03	822399.000000	0.000000e+00
8.895170e+00	3.003359e+00	3.311601e-03	822505.000000	0.000000e+00
8.919713e+00	2.995146e+00	3.282350e-03	832657.000000	0.000000e+00
8.944263e+00	2.979017e+00	3.266236e-03	831861.000000	0.000000e+00
8.968772e+00	2.958457e+00	3.229220e-03	839335.000000	0.000000e+00
8.993334e+00	2.948582e+00	3.208202e-03	844701.000000	0.000000e+00
9.017895e+00	2.933039e+00	3.185180e-03	847945.000000	0.000000e+00
9.042430e+00	2.913008e+00	3.154197e-03	852915.000000	0.000000e+00
9.066970e+00	2.893863e+00	3.126374e-03	856789.000000	0.000000e+00
9.091538e+00	2.886764e+00	3.104045e-03	864901.000000	0.000000e+00
9.116063e+00	2.866827e+00	3.086976e-03	862455.000000	0.000000e+00
9.140573e+00	2.859488e+00	3.059579e-03	873481.000000	0.000000e+00
9.165140e+00	2.839410e+00	3.034000e-03	875841.000000	0.000000e+00
9.189653e+00	2.828567e+00	3.017408e-03	878749.000000	0.000000e+00
9.214176e+00	2.806470e+00	2.980708e-03	886507.000000	0.000000e+00
9.238722e+00	2.801423e+00	2.970944e-03	889137.000000	0.000000e+00
9.263252e+00	2.789800e+00	2.948560e-03	895213.000000	0.000000e+00
9.287810e+00	2.774909e+00	2.923935e-03	900663.000000	0.000000e+00
9.312363e+00	2.764578e+00	2.907247e-03	904261.000000	0.000000e+00
9.336898e+00	2.749069e+00	2.883206e-03	909117.000000	0.000000e+00
9.361428e+00	2.740168e+00	2.867853e-03	912937.000000	0.000000e+00
9.385969e+00	2.724880e+00	2.840867e-03	920011.000000	0.000000e+00
9.410496e+00	2.709899e+00	2.823350e-03	921249.000000	0.000000e+00
9.435027e+00	2.698098e+00	2.797759e-03	930025.000000	0.000000e+00
9.459577e+00	2.688372e+00	2.784261e-03	932307.000000	0.000000e+00
9.484080e+00	2.677248e+00	2.767405e-03	935905.000000	0.000000e+00
9.508599e+00	2.664464e+00	2.742547e-03	943869.000000	0.000000e+00
9.533177e+00	2.650368e+00	2.719986e-03	949465.000000	0.000000e+00
9.557740e+00	2.639329e+00	2.703869e-03	952831.000000	0.000000e+00
9.582283e+00	2.625762e+00	2.683167e-03	957669.000000	0.000000e+00
9.606825e+00	2.616778e+00	2.667371e-03	962425.000000	0.000000e+00
9.631356e+00	2.599490e+00	2.643458e-03	967011.000000	0.000000e+00
9.655881e+00	2.591641e+00	2.629612e-03	971329.000000	0.000000e+00
9.680426e+00	2.581899e+00	2.609768e-03	978757.000000	0.000000e+00
9.704942e+00	2.565812e+00	2.593297e-03	978915.000000	0.000000e+00
9.729497e+00	2.556352e+00	2.567192e-03	991573.000000	0.000000e+00
9.754046e+00	2.546659e+00	2.560750e-03	989025.000000	0.000000e+00
9.778535e+00	2.532597e+00	2.538074e-03	995689.000000	0.000000e+00
9.803103e+00	2.518839e+00	2.510808e-03	1006407.000000	0.000000e+00
9.827649e+00	2.514918e+00	2.510782e-03	1003297.000000	0.000000e+00
9.852180e+00	2.502128e+00	2.482870e-03	1015573.000000	0.000000e+00
9.876731e+00	2.489679e+00	2.471025e-03	1015155.000000	0.000000e+00
9.901284e+00	2.483297e+00	2.452676e-03	1025125.000000	0.000000e+00
9.925835e+00	2.469895e+00	2.438132e-03	1026225.000000	0.000000e+00
9.950350e+00	2.460106e+00	2.422381e-03	1031389.000000	0.000000e+00
9.974902e+00	2.450585e+00	2.402933e-03	1040055.000000	0.000000e+00
9.999429e+00	2.438433e+00	2.392248e-03	1038985.000000	0.000000e+00
1.002392e+01	2.427772e+00	2.371893e-03	1047673.000000	0.000000e+00
1.004849e+01	2.420078e+00	2.355634e-03	1055463.000000	0.000000e+00
1.007303e+01	2.404906e+00	2.340084e-03	1056169.000000	0.000000e+00
1.009756e+01	2.392482e+00	2.318875e-03	1064493.000000	0.000000e+00
1.012209e+01	2.385958e+00	2.310263e-03	1066603.000000	0.000000e+00
1.014664e+01	2.381293e+00	2.295373e-03	1076265.000000	0.000000e+00
1.017120e+01	2.370731e+00	2.282948e-03	1078381.000000	0.000000e+00
1.019572e+01	2.361767e+00	2.270064e-03	1082425.000000	0.000000e+00
1.022025e+01	2.351092e+00	2.251468e-03	1090455.000000	0.000000e+00
1.024479e+01	2.339588e+00	2.237378e-03	1093453.000000	0.000000e+00
1.026933e+01	2.332575e+00	2.223682e-03	1100337.000000	0.000000e+00
1.029386e+01	2.328528e+00	2.215890e-03	1104247.000000	0.000000e+00
1.031842e+01	2.315760e+00	2.195898e-03	1112149.000000	0.000000e+00
1.034296e+01	2.307510e+00	2.185415e-03	1114857.000000	0.000000e+00
1.036749e+01	2.299562e+00	2.172849e-03	1120033.000000	0.000000e+00
1.039203e+01	2.287870e+00	2.154495e-03	1127643.000000	0.000000e+00
1.041655e+01	2.283810e+00	2.150010e-03	1128337.000000	0.000000e+00
1.044111e+01	2.276489e+00	2.130605e-03	1141629.000000	0.000000e+00
1.046570e+01	2.265736e+00	2.120065e-03	1142143.000000	0.000000e+00
1.049021e+01	2.256185e+00	2.108609e-03	1144873.000000	0.000000e+00
1.051473e+01	2.249044e+00	2.093453e-03	1154169.000000	0.000000e+00
1.053925e+01	2.244007e+00	2.087996e-03	1155019.000000	0.000000e+00
1.056380e+01	2.232633e+00	2.065705e-03	1168149.000000	0.000000e+00
1.058835e+01	2.226034e+00	2.060930e-03	1166641.000000	0.000000e+00
1.061283e+01	2.215634e+00	2.047664e-03	1170789.000000	0.000000e+00
1.063739e+01	2.210109e+00	2.029651e-03	1185727.000000	0.000000e+00
1.066197e+01	2.204940e+00	2.026324e-03	1184065.000000	0.000000e+00
1.068650e+01	2.195519e+00	2.011391e-03	1191465.000000	0.000000e+00
1.071103e+01	2.187952e+00	2.001912e-03	1194499.000000	0.000000e+00
1.073555e+01	2.183163e+00	1.991346e-03	1201929.000000	0.000000e+00
1.076011e+01	2.176597e+00	1.979120e-03	1209517.000000	0.000000e+00
1.078466e+01	2.165537e+00	1.966697e-03	1212429.000000	0.000000e+00
1.080918e+01	2.160042e+00	1.958107e-03	1216891.000000	0.000000e+00
1.083370e+01	2.149513e+00	1.943924e-03	1222705.000000	0.000000e+00
1.085823e+01	2.146400e+00	1.934817e-03	1230669.000000	0.000000e+00
1.088282e+01	2.136619e+00	1.919370e-03	1239187.000000	0.000000e+00
1.090737e+01	2.132395e+00	1.916716e-03	1237713.000000	0.000000e+00
1.093189e+01	2.125158e+00	1.903273e-03	1246753.000000	0.000000e+00
1.095642e+01	2.118175e+00	1.894367e-03	1250245.000000	0.000000e+00
1.098096e+01	2.114698e+00	1.883840e-03	1260111.000000	0.000000e+00
1.100552e+01	2.109346e+00	1.877706e-03	1261945.000000	0.000000e+00
1.103005e+01	2.102867e+00	1.866977e-03	1268661.000000	0.000000e+00
1.105458e+01	2.097363e+00	1.858124e-03	1274083.000000	0.000000e+00
1.107911e+01	2.092933e+00	1.850333e-03	1279413.000000	0.000000e+00
1.110366e+01	2.084099e+00	1.836776e-03	1287433.000000	0.000000e+00
1.112821e+01	2.079488e+00	1.830082e-03	1291135.000000	0.000000e+00
1.115273e+01	2.075164e+00	1.823169e-03	1295541.000000	0.000000e+00
1.117726e+01	2.069882e+00	1.813360e-03	1302937.000000	0.000000e+00
1.120181e+01	2.061686e+00	1.801550e-03	1309641.000000	0.000000e+00
1.122634e+01	2.053761e+00	1.792739e-03	1312399.000000	0.000000e+00
1.125085e+01	2.048446e+00	1.783748e-03	1318809.000000	0.000000e+00
1.127541e+01	2.045442e+00	1.773897e-03	1329589.000000	0.000000e+00
1.129999e+01	2.040427e+00	1.768132e-03	1331719.000000	0.000000e+00
1.132451e+01	2.035377e+00	1.761439e-03	1335225.000000	0.000000e+00
1.134903e+01	2.026714e+00	1.748409e-03	1343689.000000	0.000000e+00
1.137357e+01	2.025532e+00	1.744482e-03	1348173.000000	0.000000e+00
1.139811e+01	2.022381e+00	1.736575e-03	1356247.000000	0.000000e+00
1.142265e+01	2.021028e+00	1.733725e-03	1358889.000000	0.000000e+00
1.144718e+01	2.012874e+00	1.721461e-03	1367221.000000	0.000000e+00
1.147174e+01	2.007849e+00	1.712895e-03	1374043.000000	0.000000e+00
1.149628e+01	2.005084e+00	1.708530e-03	1377273.000000	0.000000e+00
1.152079e+01	2.000386e+00	1.701976e-03	1381405.000000	0.000000e+00
1.154533e+01	1.995571e+00	1.690784e-03	1393023.000000	0.000000e+00
1.156988e+01	1.992968e+00	1.688049e-03	1393897.000000	0.000000e+00
1.159441e+01	1.986576e+00	1.677214e-03	1402921.000000	0.000000e+00
1.161895e+01	1.984000e+00	1.672191e-03	1407705.000000	0.000000e+00
1.164349e+01	1.981938e+00	1.666622e-03	1414183.000000	0.000000e+00
1.166804e+01	1.977957e+00	1.659988e-03	1419789.000000	0.000000e+00
1.169259e+01	1.978861e+00	1.656347e-03	1427341.000000	0.000000e+00
1.171712e+01	1.972893e+00	1.650463e-03	1428879.000000	0.000000e+00
1.174164e+01	1.968495e+00	1.641411e-03	1438249.000000	0.000000e+00
1.176619e+01	1.963954e+00	1.633588e-03	1445365.000000	0.000000e+00
1.179072e+01	1.961926e+00	1.631193e-03	1446621.000000	0.000000e+00
1.181525e+01	1.958308e+00	1.622128e-03	1457443.000000	0.000000e+00
1.183979e+01	1.962006e+00	1.623181e-03	1461057.000000	0.000000e+00
1.186435e+01	1.956682e+00	1.613817e-03	1470049.000000	0.000000e+00
1.188889e+01	1.953451e+00	1.609314e-03	1473411.000000	0.000000e+00
1.191343e+01	1.949122e+00	1.602215e-03	1479913.000000	0.000000e+00
1.193797e+01	1.949084e+00	1.598475e-03	1486789.000000	0.000000e+00
1.196251e+01	1.946959e+00	1.594108e-03	1491687.000000	0.000000e+00
1.198703e+01	1.942654e+00	1.587689e-03	1497133.000000	0.000000e+00
1.201156e+01	1.943768e+00	1.584410e-03	1505061.000000	0.000000e+00
1.203612e+01	1.943276e+00	1.580639e-03	1511485.000000	0.000000e+00
1.206065e+01	1.939815e+00	1.575759e-03	1515447.000000	0.000000e+00
1.208515e+01	1.938866e+00	1.572718e-03	1519825.000000	0.000000e+00
1.210971e+01	1.936502e+00	1.562660e-03	1535701.000000	0.000000e+00
1.213428e+01	1.936521e+00	1.564534e-03	1532055.000000	0.000000e+00
1.215881e+01	1.935476e+00	1.557095e-03	1545061.000000	0.000000e+00
1.218336e+01	1.930349e+00	1.552695e-03	1545609.000000	0.000000e+00
1.220787e+01	1.930429e+00	1.549339e-03	1552441.000000	0.000000e+00
1.223242e+01	1.931137e+00	1.544238e-03	1563859.000000	0.000000e+00
1.225696e+01	1.929666e+00	1.543203e-03	1563573.000000	0.000000e+00
1.228148e+01	1.931507e+00	1.539736e-03	1573621.000000	0.000000e+00
1.230602e+01	1.930000e+00	1.536064e-03	1578687.000000	0.000000e+00
1.233056e+01	1.927466e+00	1.530689e-03	1585621.000000	0.000000e+00
1.235512e+01	1.931508e+00	1.529273e-03	1595229.000000	0.000000e+00
1.237965e+01	1.928424e+00	1.527737e-03	1593337.000000	0.000000e+00
1.240419e+01	1.929604e+00	1.520860e-03	1609747.000000	0.000000e+00
1.242874e+01	1.931882e+00	1.523894e-03	1607133.000000	0.000000e+00
1.245325e+01	1.928475e+00	1.516889e-03	1616293.000000	0.000000e+00
1.247780e+01	1.930432e+00	1.513141e-03	1627611.000000	0.000000e+00
1.250235e+01	1.931949e+00	1.514872e-03	1626445.000000	0.000000e+00
1.252688e+01	1.932220e+00	1.509240e-03	1639065.000000	0.000000e+00
1.255143e+01	1.932411e+00	1.508210e-03	1641631.000000	0.000000e+00
1.257596e+01	1.928628e+00	1.503665e-03	1645109.500000	0.000000e+00
1.260049e+01	1.925824e+00	1.502784e-03	1642254.000000	0.000000e+00
1.262503e+01	1.922372e+00	1.501518e-03	1639132.000000	0.000000e+00
1.264958e+01	1.917442e+00	1.498681e-03	1636914.000000	0.000000e+00
1.267411e+01	1.912826e+00	1.497927e-03	1630684.000000	0.000000e+00
1.269864e+01	1.909213e+00	1.495998e-03	1628722.000000	0.000000e+00
1.272316e+01	1.900405e+00	1.491065e-03	1624422.000000	0.000000e+00
1.274773e+01	1.900339e+00	1.489709e-03	1627270.000000	0.000000e+00
1.277225e+01	1.893575e+00	1.491356e-03	1612140.000000	0.000000e+00
1.279677e+01	1.887610e+00	1.483240e-03	1619578.000000	0.000000e+00
1.282133e+01	1.882602e+00	1.483694e-03	1610010.000000	0.000000e+00
1.284587e+01	1.877941e+00	1.479701e-03	1610704.000000	0.000000e+00
1.287043e+01	1.872506e+00	1.477918e-03	1605262.000000	0.000000e+00
1.289495e+01	1.866691e+00	1.476044e-03	1599360.000000	0.000000e+00
1.291951e+01	1.865055e+00	1.473566e-03	1601932.000000	0.000000e+00
1.294403e+01	1.861799e+00	1.477161e-03	1588584.000000	0.000000e+00
1.296853e+01	1.856936e+00	1.471881e-03	1591654.000000	0.000000e+00
1.299309e+01	1.852238e+00	1.469370e-03	1589028.000000	0.000000e+00
1.301763e+01	1.844484e+00	1.466799e-03	1581280.000000	0.000000e+00
1.304217e+01	1.842810e+00	1.465576e-03	1581046.000000	0.000000e+00
1.306670e+01	1.836249e+00	1.463181e-03	1574952.000000	0.000000e+00
1.309123e+01	1.830192e+00	1.459974e-03	1571458.000000	0.000000e+00
1.311579e+01	1.828777e+00	1.458965e-03	1571202.000000	0.000000e+00
1.314034e+01	1.822075e+00	1.456732e-03	1564492.000000	0.000000e+00
1.316488e+01	1.822316e+00	1.458731e-03	1560618.000000	0.000000e+00
1.318940e+01	1.819093e+00	1.458340e-03	1555936.000000	0.000000e+00
1.321393e+01	1.815443e+00	1.457127e-03	1552282.000000	0.000000e+00
1.323848e+01	1.807450e+00	1.450929e-03	1551816.000000	0.000000e+00
1.326302e+01	1.802084e+00	1.450833e-03	1542820.000000	0.000000e+00
1.328757e+01	1.798685e+00	1.447333e-03	1544448.000000	0.000000e+00
1.331210e+01	1.795627e+00	1.449464e-03	1534678.000000	0.000000e+00
1.333662e+01	1.792755e+00	1.447805e-03	1533280.000000	0.000000e+00
1.336117e+01	1.788030e+00	1.445027e-03	1531080.000000	0.000000e+00
1.338570e+01	1.782818e+00	1.444579e-03	1523110.000000	0.000000e+00
1.341022e+01	1.781256e+00	1.444200e-03	1521240.000000	0.000000e+00
1.343476e+01	1.775345e+00	1.441477e-03	1516876.000000	0.000000e+00
1.345932e+01	1.770461e+00	1.438113e-03	1515606.000000	0.000000e+00
1.348389e+01	1.768395e+00	1.438582e-03	1511086.000000	0.000000e+00
1.350843e+01	1.764110e+00	1.439116e-03	1502656.000000	0.000000e+00
1.353293e+01	1.759526e+00	1.437254e-03	1498734.000000	0.000000e+00
1.355748e+01	1.757003e+00	1.435294e-03	1498522.000000	0.000000e+00
1.358203e+01	1.754542e+00	1.436554e-03	1491708.000000	0.000000e+00
1.360658e+01	1.747487e+00	1.431798e-03	1489582.000000	0.000000e+00
1.363111e+01	1.745684e+00	1.434591e-03	1480728.000000	0.000000e+00
1.365563e+01	1.743282e+00	1.432690e-03	1480576.000000	0.000000e+00
1.368019e+01	1.739181e+00	1.431599e-03	1475866.000000	0.000000e+00
1.370473e+01	1.734660e+00	1.430945e-03	1469544.000000	0.000000e+00
1.372924e+01	1.731483e+00	1.431101e-03	1463848.000000	0.000000e+00
1.375380e+01	1.728956e+00	1.427415e-03	1467126.000000	0.000000e+00
1.377836e+01	1.723883e+00	1.429358e-03	1454566.000000	0.000000e+00
1.380287e+01	1.720099e+00	1.427672e-03	1451610.000000	0.000000e+00
1.382737e+01	1.721780e+00	1.431927e-03	1445818.000000	0.000000e+00
1.385191e+01	1.718393e+00	1.429012e-03	1446016.000000	0.000000e+00
1.387648e+01	1.714212e+00	1.428347e-03	1440330.000000	0.000000e+00
1.390103e+01	1.711830e+00	1.428390e-03	1436242.000000	0.000000e+00
1.392557e+01	1.705365e+00	1.427108e-03	1427976.000000	0.000000e+00
1.395012e+01	1.703461e+00	1.425049e-03	1428910.000000	0.000000e+00
1.397464e+01	1.702434e+00	1.430962e-03	1415416.000000	0.000000e+00
1.399917e+01	1.699717e+00	1.426056e-03	1420626.000000	0.000000e+00
1.402372e+01	1.697232e+00	1.430095e-03	1408486.000000	0.000000e+00
1.404824e+01	1.692261e+00	1.426641e-03	1407036.000000	0.000000e+00
1.407278e+01	1.690638e+00	1.427614e-03	1402426.000000	0.000000e+00
1.409731e+01	1.686381e+00	1.427613e-03	1395372.000000	0.000000e+00
1.412183e+01	1.682633e+00	1.425889e-03	1392538.000000	0.000000e+00
1.414639e+01	1.683829e+00	1.428035e-03	1390330.000000	0.000000e+00
1.417094e+01	1.682246e+00	1.431759e-03	1380510.000000	0.000000e+00
1.419546e+01	1.677088e+00	1.428049e-03	1379194.000000	0.000000e+00
1.422001e+01	1.677974e+00	1.432337e-03	1372398.000000	0.000000e+00
1.424455e+01	1.671522e+00	1.428517e-03	1369156.000000	0.000000e+00
1.426908e+01	1.669998e+00	1.431566e-03	1360848.000000	0.000000e+00
1.429362e+01	1.668785e+00	1.430485e-03	1360924.000000	0.000000e+00
1.431818e+01	1.665682e+00	1.432278e-03	1352476.000000	0.000000e+00
1.434273e+01	1.665818e+00	1.433886e-03	1349664.000000	0.000000e+00
1.436724e+01	1.661181e+00	1.435690e-03	1338790.000000	0.000000e+00
1.439177e+01	1.658671e+00	1.431740e-03	1342122.000000	0.000000e+00
1.441633e+01	1.657309e+00	1.436418e-03	1331206.000000	0.000000e+00
1.444087e+01	1.657371e+00	1.437651e-03	1329024.000000	0.000000e+00
1.446541e+01	1.651011e+00	1.435997e-03	1321882.000000	0.000000e+00
1.448996e+01	1.648253e+00	1.434980e-03	1319338.000000	0.000000e+00
1.451448e+01	1.650410e+00	1.442576e-03	1308900.000000	0.000000e+00
1.453902e+01	1.649238e+00	1.440879e-03	1310122.000000	0.000000e+00
1.456356e+01	1.643158e+00	1.441210e-03	1299882.000000	0.000000e+00
1.458809e+01	1.643116e+00	1.443151e-03	1296322.000000	0.000000e+00
1.461262e+01	1.641556e+00	1.444112e-03	1292140.000000	0.000000e+00
1.463716e+01	1.637880e+00	1.445209e-03	1284408.000000	0.000000e+00
1.466171e+01	1.638958e+00	1.446861e-03	1283164.000000	0.000000e+00
1.468625e+01	1.636670e+00	1.450285e-03	1273548.000000	0.000000e+00
1.471078e+01	1.633087e+00	1.449210e-03	1269862.000000	0.000000e+00
1.473534e+01	1.632740e+00	1.450508e-03	1267050.000000	0.000000e+00
1.475987e+01	1.631257e+00	1.455895e-03	1255408.000000	0.000000e+00
1.478439e+01	1.629900e+00	1.454652e-03	1255462.000000	0.000000e+00
1.480894e+01	1.626747e+00	1.456873e-03	1246800.000000	0.000000e+00
1.483348e+01	1.625950e+00	1.457620e-03	1244302.000000	0.000000e+00
1.485802e+01	1.623727e+00	1.461025e-03	1235124.000000	0.000000e+00
1.488256e+01	1.624551e+00	1.463008e-03	1233028.000000	0.000000e+00
1.490708e+01	1.623200e+00	1.467947e-03	1222710.000000	0.000000e+00
1.493162e+01	1.620437e+00	1.465870e-03	1222006.000000	0.000000e+00
1.495618e+01	1.619224e+00	1.468531e-03	1215760.000000	0.000000e+00
1.498071e+01	1.620386e+00	1.475002e-03	1206846.000000	0.000000e+00
1.500525e+01	1.619625e+00	1.475771e-03	1204456.000000	0.000000e+00
1.502980e+01	1.617889e+00	1.478374e-03	1197648.000000	0.000000e+00
1.505434e+01	1.617709e+00	1.482573e-03	1190608.000000	0.000000e+00
1.507886e+01	1.613994e+00	1.481977e-03	1186098.000000	0.000000e+00
1.510342e+01	1.613962e+00	1.485014e-03	1181206.000000	0.000000e+00
1.512796e+01	1.609759e+00	1.486506e-03	1172704.000000	0.000000e+00
1.515246e+01	1.612866e+00	1.492742e-03	1167420.000000	0.000000e+00
1.517700e+01	1.610717e+00	1.493431e-03	1163236.000000	0.000000e+00
1.520157e+01	1.610796e+00	1.496114e-03	1159182.000000	0.000000e+00
1.522611e+01	1.610698e+00	1.503561e-03	1147588.000000	0.000000e+00
1.525063e+01	1.610928e+00	1.504649e-03	1146256.000000	0.000000e+00
1.527518e+01	1.606826e+00	1.506263e-03	1137984.000000	0.000000e+00
1.529972e+01	1.608128e+00	1.510778e-03	1133026.000000	0.000000e+00
1.532424e+01	1.605859e+00	1.513740e-03	1125414.000000	0.000000e+00
1.534877e+01	1.609050e+00	1.519714e-03	1121026.000000	0.000000e+00
1.537332e+01	1.607621e+00	1.522221e-03	1115352.000000	0.000000e+00
1.539786e+01	1.606828e+00	1.526671e-03	1107766.000000	0.000000e+00
1.542240e+01	1.604553e+00	1.527375e-03	1103614.000000	0.000000e+00
1.544694e+01	1.604472e+00	1.533070e-03	1095318.000000	0.000000e+00
1.547149e+01	1.606490e+00	1.538028e-03	1091008.000000	0.000000e+00
1.549603e+01	1.607856e+00	1.544250e-03	1084074.000000	0.000000e+00
1.552054e+01	1.607708e+00	1.551217e-03	1074160.000000	0.000000e+00
1.554506e+01	1.607432e+00	1.551613e-03	1073244.000000	0.000000e+00
1.556963e+01	1.606842e+00	1.555897e-03	1066558.000000	0.000000e+00
1.559418e+01	1.605587e+00	1.561014e-03	1057924.000000	0.000000e+00
1.561873e+01	1.608971e+00	1.567175e-03	1054050.000000	0.000000e+00
1.564327e+01	1.608176e+00	1.573707e-03	1044286.000000	0.000000e+00
1.566780e+01	1.607256e+00	1.574829e-03	1041606.000000	0.000000e+00
1.569233e+01	1.611142e+00	1.586891e-03	1030798.000000	0.000000e+00
1.571685e+01	1.610587e+00	1.588848e-03	1027552.000000	0.000000e+00
1.574141e+01	1.611977e+00	1.595049e-03	1021338.000000	0.000000e+00
1.576595e+01	1.610935e+00	1.600298e-03	1013338.000000	0.000000e+00
1.579049e+01	1.611544e+00	1.604989e-03	1008186.000000	0.000000e+00
1.581502e+01	1.611589e+00	1.612077e-03	999394.000000	0.000000e+00
1.583955e+01	1.615510e+00	1.619810e-03	994698.000000	0.000000e+00
1.586407e+01	1.613051e+00	1.623586e-03	987064.000000	0.000000e+00
1.588861e+01	1.616104e+00	1.631641e-03	981046.000000	0.000000e+00
1.591315e+01	1.613932e+00	1.634176e-03	975378.000000	0.000000e+00
1.593770e+01	1.620589e+00	1.647120e-03	968044.000000	0.000000e+00
1.596225e+01	1.619635e+00	1.651753e-03	961488.000000	0.000000e+00
1.598677e+01	1.620525e+00	1.659752e-03	953290.000000	0.000000e+00
1.601131e+01	1.622888e+00	1.665865e-03	949068.000000	0.000000e+00
1.603586e+01	1.623306e+00	1.673452e-03	940966.000000	0.000000e+00
1.606040e+01	1.622696e+00	1.679018e-03	934036.000000	0.000000e+00
1.608493e+01	1.628010e+00	1.690318e-03	927636.000000	0.000000e+00
1.610947e+01	1.627777e+00	1.697256e-03	919804.000000	0.000000e+00
1.613400e+01	1.633351e+00	1.708479e-03	913986.000000	0.000000e+00
1.615854e+01	1.628549e+00	1.709473e-03	907564.000000	0.000000e+00
1.618310e+01	1.629529e+00	1.717217e-03	900480.000000	0.000000e+00
1.620765e+01	1.631422e+00	1.726001e-03	893410.000000	0.000000e+00
1.623216e+01	1.634322e+00	1.738853e-03	883384.000000	0.000000e+00
1.625669e+01	1.637664e+00	1.744785e-03	880980.000000	0.000000e+00
1.628123e+01	1.639650e+00	1.756637e-03	871240.000000	0.000000e+00
1.630580e+01	1.641031e+00	1.761985e-03	867420.000000	0.000000e+00
1.633036e+01	1.645558e+00	1.777017e-03	857518.000000	0.000000e+00
1.635486e+01	1.645202e+00	1.785909e-03	848632.000000	0.000000e+00
1.637939e+01	1.647284e+00	1.791363e-03	845610.000000	0.000000e+00
1.640395e+01	1.647246e+00	1.801236e-03	836326.000000	0.000000e+00
1.642848e+01	1.649403e+00	1.811216e-03	829302.000000	0.000000e+00
1.645298e+01	1.653529e+00	1.825483e-03	820480.000000	0.000000e+00
1.647753e+01	1.659025e+00	1.835424e-03	817020.000000	0.000000e+00
1.650209e+01	1.659917e+00	1.846209e-03	808372.000000	0.000000e+00
1.652660e+01	1.663109e+00	1.861414e-03	798280.000000	0.000000e+00
1.655114e+01	1.665789e+00	1.867502e-03	795642.000000	0.000000e+00
1.657571e+01	1.669073e+00	1.882312e-03	786262.000000	0.000000e+00
1.660025e+01	1.672884e+00	1.896753e-03	777876.000000	0.000000e+00
1.662478e+01	1.671946e+00	1.902372e-03	772420.000000	0.000000e+00
1.664931e+01	1.674123e+00	1.917294e-03	762426.000000	0.000000e+00
1.667386e+01	1.677388e+00	1.925533e-03	758866.000000	0.000000e+00
1.669842e+01	1.682470e+00	1.944978e-03	748282.000000	0.000000e+00
1.672293e+01	1.686169e+00	1.959015e-03	740844.000000	0.000000e+00
1.674748e+01	1.687446e+00	1.967019e-03	735940.000000	0.000000e+00
1.677204e+01	1.688816e+00	1.982244e-03	725856.000000	0.000000e+00
1.679655e+01	1.692673e+00	1.996718e-03	718642.000000	0.000000e+00
1.682107e+01	1.697114e+00	2.011864e-03	711582.000000	0.000000e+00
1.684563e+01	1.700972e+00	2.026158e-03	704770.000000	0.000000e+00
1.687018e+01	1.698987e+00	2.035219e-03	696880.000000	0.000000e+00
1.689472e+01	1.705642e+00	2.056493e-03	687894.000000	0.000000e+00
1.691924e+01	1.705791e+00	2.065876e-03	681778.000000	0.000000e+00
1.694378e+01	1.705251e+00	2.079404e-03	672510.000000	0.000000e+00
1.696830e+01	1.717986e+00	2.105378e-03	665854.000000	0.000000e+00
1.699283e+01	1.711305e+00	2.110286e-03	657616.000000	0.000000e+00
1.701740e+01	1.719068e+00	2.129328e-03	651780.000000	0.000000e+00
1.704195e+01	1.724062e+00	2.151661e-03	642034.000000	0.000000e+00
1.706646e+01	1.727929e+00	2.171759e-03	633036.000000	0.000000e+00
1.709097e+01	1.728736e+00	2.181947e-03	627724.000000	0.000000e+00
1.711553e+01	1.727705e+00	2.195540e-03	619236.000000	0.000000e+00
1.714008e+01	1.733689e+00	2.218289e-03	610810.000000	0.000000e+00
1.716463e+01	1.740097e+00	2.237594e-03	604762.000000	0.000000e+00
1.718918e+01	1.741219e+00	2.259697e-03	593754.000000	0.000000e+00
1.721369e+01	1.745214e+00	2.276416e-03	587752.000000	0.000000e+00
1.723823e+01	1.743274e+00	2.291410e-03	578796.000000	0.000000e+00
1.726278e+01	1.754687e+00	2.320216e-03	571930.000000	0.000000e+00
1.728731e+01	1.748321e+00	2.330150e-03	562956.000000	0.000000e+00
1.731188e+01	1.755139e+00	2.353507e-03	556150.000000	0.000000e+00
1.733641e+01	1.759309e+00	2.380198e-03	546334.000000	0.000000e+00
1.736091e+01	1.758126e+00	2.397854e-03	537594.000000	0.000000e+00
1.738543e+01	1.764023e+00	2.417695e-03	532360.000000	0.000000e+00
1.741000e+01	1.767894e+00	2.446955e-03	521988.000000	0.000000e+00
1.743456e+01	1.765155e+00	2.457547e-03	515896.000000	0.000000e+00
1.745909e+01	1.762966e+00	2.480066e-03	505314.000000	0.000000e+00
1.748363e+01	1.764223e+00	2.498344e-03	498658.000000	0.000000e+00
1.750818e+01	1.765906e+00	2.522553e-03	490066.000000	0.000000e+00
1.753269e+01	1.761820e+00	2.543047e-03	479970.000000	0.000000e+00
1.755722e+01	1.773762e+00	2.575173e-03	474436.000000	0.000000e+00
1.758176e+01	1.761737e+00	2.586375e-03	463980.000000	0.000000e+00
1.760629e+01	1.766843e+00	2.614222e-03	456784.000000	0.000000e+00
1.763083e+01	1.764877e+00	2.635714e-03	448366.000000	0.000000e+00
1.765539e+01	1.766587e+00	2.663527e-03	439902.000000	0.000000e+00
1.767993e+01	1.758765e+00	2.678487e-03	431158.000000	0.000000e+00
1.770446e+01	1.761432e+00	2.709004e-03	422778.000000	0.000000e+00
1.772897e+01	1.753594e+00	2.726761e-03	413584.000000	0.000000e+00
1.775351e+01	1.751622e+00	2.747366e-03	406488.000000	0.000000e+00
1.777808e+01	1.742289e+00	2.762566e-03	397754.500000	0.000000e+00
1.780261e+01	1.743699e+00	2.795204e-03	389149.000000	0.000000e+00
1.782713e+01	1.740812e+00	2.815842e-03	382197.000000	0.000000e+00
1.785169e+01	1.734943e+00	2.830780e-03	375628.000000	0.000000e+00
1.787623e+01	1.737906e+00	2.865819e-03	367752.000000	0.000000e+00
1.790076e+01	1.738468e+00	2.889759e-03	361918.000000	0.000000e+00
1.792530e+01	1.737466e+00	2.915547e-03	355134.000000	0.000000e+00
1.794985e+01	1.733515e+00	2.935771e-03	348667.000000	0.000000e+00
1.797440e+01	1.736015e+00	2.964387e-03	342955.000000	0.000000e+00
1.799891e+01	1.731175e+00	2.987789e-03	335724.000000	0.000000e+00
1.802344e+01	1.730653e+00	3.007962e-03	331036.000000	0.000000e+00
1.804802e+01	1.731051e+00	3.034467e-03	325428.000000	0.000000e+00
1.807255e+01	1.733899e+00	3.073530e-03	318253.000000	0.000000e+00
1.809707e+01	1.733997e+00	3.094269e-03	314037.000000	0.000000e+00
1.812164e+01	1.734251e+00	3.124148e-03	308149.000000	0.000000e+00
1.814617e+01	1.740031e+00	3.164964e-03	302257.000000	0.000000e+00
1.817068e+01	1.734306e+00	3.181721e-03	297117.000000	0.000000e+00
1.819523e+01	1.739348e+00	3.215259e-03	292645.000000	0.000000e+00
1.821979e+01	1.731431e+00	3.231689e-03	287046.000000	0.000000e+00
1.824431e+01	1.739843e+00	3.280219e-03	281329.000000	0.000000e+00
1.826883e+01	1.741269e+00	3.306635e-03	277306.000000	0.000000e+00
1.829337e+01	1.738832e+00	3.332820e-03	272202.000000	0.000000e+00
1.831793e+01	1.743682e+00	3.369989e-03	267718.000000	0.000000e+00
1.834250e+01	1.747512e+00	3.407699e-03	262977.000000	0.000000e+00
1.836701e+01	1.750889e+00	3.453282e-03	257071.000000	0.000000e+00
1.839152e+01	1.744313e+00	3.462779e-03	253746.000000	0.000000e+00
1.841609e+01	1.751172e+00	3.507609e-03	249250.000000	0.000000e+00
1.844064e+01	1.750030e+00	3.541569e-03	244174.000000	0.000000e+00
1.846515e+01	1.759935e+00	3.591780e-03	240090.000000	0.000000e+00
1.848971e+01	1.754360e+00	3.611300e-03	235999.000000	0.000000e+00
1.851428e+01	1.766596e+00	3.669387e-03	231786.000000	0.000000e+00
1.853881e+01	1.762170e+00	3.698099e-03	227059.000000	0.000000e+00
1.856328e+01	1.761649e+00	3.735712e-03	222378.000000	0.000000e+00
1.858784e+01	1.767452e+00	3.766551e-03	220195.000000	0.000000e+00
1.861244e+01	1.779245e+00	3.837200e-03	215002.000000	0.000000e+00
1.863693e+01	1.777438e+00	3.873737e-03	210537.000000	0.000000e+00
1.866143e+01	1.780439e+00	3.910730e-03	207271.000000	0.000000e+00
1.868601e+01	1.773671e+00	3.928215e-03	203871.000000	0.000000e+00
1.871055e+01	1.782554e+00	3.993326e-03	199258.000000	0.000000e+00
1.873503e+01	1.794198e+00	4.059614e-03	195331.000000	0.000000e+00
1.875958e+01	1.796088e+00	4.089004e-03	192939.000000	0.000000e+00
1.878417e+01	1.800600e+00	4.148420e-03	188395.000000	0.000000e+00
1.880870e+01	1.794351e+00	4.171973e-03	184983.000000	0.000000e+00
1.883322e+01	1.807095e+00	4.245013e-03	181219.000000	0.000000e+00
1.885775e+01	1.804490e+00	4.278506e-03	177879.000000	0.000000e+00
1.888231e+01	1.816082e+00	4.345850e-03	174631.000000	0.000000e+00
1.890684e+01	1.815168e+00	4.390835e-03	170899.000000	0.000000e+00
1.893134e+01	1.828273e+00	4.467836e-03	167451.000000	0.000000e+00
1.895590e+01	1.819785e+00	4.481699e-03	164875.000000	0.000000e+00
1.898046e+01	1.831995e+00	4.567685e-03	160863.000000	0.000000e+00
1.900495e+01	1.833365e+00	4.618180e-03	157600.000000	0.000000e+00
1.902946e+01	1.831004e+00	4.652993e-03	154851.000000	0.000000e+00
1.905406e+01	1.843941e+00	4.727758e-03	152119.000000	0.000000e+00
1.907863e+01	1.839634e+00	4.775276e-03	148411.000000	0.000000e+00
1.910311e+01	1.859094e+00	4.883198e-03	144942.000000	0.000000e+00
1.912765e+01	1.854645e+00	4.904084e-03	143023.000000	0.000000e+00
1.915226e+01	1.872979e+00	5.011855e-03	139659.000000	0.000000e+00
1.917678e+01	1.869983e+00	5.066236e-03	136240.000000	0.000000e+00
1.920124e+01	1.884782e+00	5.160032e-03	133419.000000	0.000000e+00
1.922581e+01	1.884351e+00	5.198433e-03	131395.000000	0.000000e+00
1.925040e+01	1.890561e+00	5.285847e-03	127924.000000	0.000000e+00
1.927489e+01	1.890928e+00	5.347947e-03	125019.000000	0.000000e+00
1.929941e+01	1.902257e+00	5.429439e-03	122752.000000	0.000000e+00
1.932402e+01	1.906918e+00	5.497312e-03	120327.000000	0.000000e+00
1.934855e+01	1.925065e+00	5.635981e-03	116668.000000	0.000000e+00
1.937298e+01	1.931407e+00	5.714747e-03	114223.000000	0.000000e+00
1.939755e+01	1.931385e+00	5.750844e-03	112791.000000	0.000000e+00
1.942217e+01	1.932832e+00	5.846019e-03	109312.000000	0.000000e+00
1.944667e+01	1.939764e+00	5.932250e-03	106920.000000	0.000000e+00
1.947113e+01	1.945677e+00	6.033142e-03	104005.000000	0.000000e+00
1.949570e+01	1.964030e+00	6.125521e-03	102804.000000	0.000000e+00
1.952032e+01	1.973790e+00	6.253221e-03	99631.000000	0.000000e+00
1.954482e+01	1.974390e+00	6.335859e-03	97108.000000	0.000000e+00
1.956930e+01	1.980896e+00	6.429073e-03	94935.000000	0.000000e+00
1.959391e+01	1.987854e+00	6.513250e-03	93148.000000	0.000000e+00
1.961850e+01	2.003559e+00	6.665656e-03	90348.000000	0.000000e+00
1.964294e+01	1.995654e+00	6.738729e-03	87703.000000	0.000000e+00
1.966740e+01	2.004961e+00	6.833840e-03	86076.000000	0.000000e+00
1.969204e+01	2.029014e+00	6.984155e-03	84400.000000	0.000000e+00
1.971660e+01	2.040204e+00	7.153944e-03	81331.000000	0.000000e+00
1.974103e+01	2.045542e+00	7.256980e-03	79452.000000	0.000000e+00
1.976563e+01	2.057928e+00	7.361017e-03	78160.000000	0.000000e+00
1.979032e+01	2.065472e+00	7.504607e-03	75750.000000	0.000000e+00
1.981482e+01	2.087938e+00	7.720035e-03	73147.000000	0.000000e+00
1.983914e+01	2.095479e+00	7.874624e-03	70812.000000	0.000000e+00
1.986374e+01	2.097741e+00	7.892941e-03	70636.000000	0.000000e+00
1.988844e+01	2.114199e+00	8.132977e-03	67576.000000	0.000000e+00
1.991292e+01	2.113317e+00	8.243142e-03	65727.000000	0.000000e+00
1.993736e+01	2.151276e+00	8.521256e-03	63736.000000	0.000000e+00
1.996197e+01	2.146932e+00	8.574841e-03	62688.000000	0.000000e+00
1.998658e+01	2.173773e+00	8.856402e-03	60244.000000	0.000000e+00
2.001095e+01	2.175964e+00	9.029597e-03	58072.000000	0.000000e+00
2.003547e+01	2.187960e+00	9.128630e-03	57447.000000	0.000000e+00
2.006019e+01	2.201586e+00	9.354487e-03	55390.000000	0.000000e+00
2.008472e+01	2.213262e+00	9.580953e-03	53364.000000	0.000000e+00
2.010903e+01	2.233599e+00	9.864659e-03	51268.000000	0.000000e+00
2.013363e+01	2.225685e+00	9.841615e-03	51144.000000	0.000000e+00
2.015842e+01	2.245571e+00	1.016814e-02	48772.000000	0.000000e+00
2.018288e+01	2.288527e+00	1.057556e-02	46828.000000	0.000000e+00
2.020721e+01	2.274881e+00	1.067984e-02	45372.000000	0.000000e+00
2.023181e+01	2.298001e+00	1.088880e-02	44539.000000	0.000000e+00
2.025650e+01	2.343762e+00	1.133960e-02	42720.000000	0.000000e+00
2.028095e+01	2.341519e+00	1.157297e-02	40936.000000	0.000000e+00
2.030542e+01	2.342368e+00	1.171506e-02	39978.000000	0.000000e+00
2.033011e+01	2.356316e+00	1.199209e-02	38608.000000	0.000000e+00
2.035466e+01	2.372278e+00	1.235092e-02	36892.000000	0.000000e+00
2.037892e+01	2.376572e+00	1.266573e-02	35208.000000	0.000000e+00
2.040348e+01	2.400318e+00	1.282657e-02	35020.000000	0.000000e+00
2.042837e+01	2.410404e+00	1.319468e-02	33372.000000	0.000000e+00
2.045281e+01	2.446708e+00	1.380317e-02	31420.000000	0.000000e+00
2.047697e+01	2.449158e+00	1.405891e-02	30348.000000	0.000000e+00
2.050165e+01	2.494498e+00	1.439240e-02	30040.000000	0.000000e+00
2.052659e+01	2.512487e+00	1.487539e-02	28528.000000	0.000000e+00
2.055100e+01	2.519848e+00	1.544379e-02	26622.000000	0.000000e+00
2.057510e+01	2.569053e+00	1.600043e-02	25780.000000	0.000000e+00
2.059985e+01	2.581295e+00	1.617993e-02	25452.000000	0.000000e+00
2.062477e+01	2.606204e+00	1.682999e-02	23980.000000	0.000000e+00
2.064904e+01	2.605550e+00	1.748573e-02	22204.000000	0.000000e+00
2.067328e+01	2.596460e+00	1.753565e-02	21924.000000	0.000000e+00
2.069813e+01	2.670185e+00	1.840326e-02	21052.000000	0.000000e+00
2.072282e+01	2.673726e+00	1.903598e-02	19728.000000	0.000000e+00
2.074689e+01	2.699492e+00	1.994650e-02	18316.000000	0.000000e+00
2.077148e+01	2.718021e+00	1.997142e-02	18522.000000	0.000000e+00
2.079650e+01	2.785261e+00	2.132688e-02	17056.000000	0.000000e+00
2.082086e+01	2.795284e+00	2.216735e-02	15901.000000	0.000000e+00
2.084494e+01	2.837563e+00	2.306733e-02	15132.000000	0.000000e+00
2.086988e+01	2.861717e+00	2.335337e-02	15016.000000	0.000000e+00
2.089484e+01	2.884379e+00	2.476980e-02	13560.000000	0.000000e+00
2.091874e+01	2.847219e+00	2.553175e-02	12436.000000	0.000000e+00
2.094286e+01	2.924628e+00	2.635763e-02	12312.000000	0.000000e+00
2.096835e+01	2.946906e+00	2.688353e-02	12016.000000	0.000000e+00
2.099333e+01	2.987909e+00	2.927915e-02	10414.000000	0.000000e+00
2.101635e+01	3.000093e+00	3.114973e-02	9276.000000	0.000000e+00
2.104066e+01	3.003706e+00	3.009580e-02	9961.000000	0.000000e+00
2.106684e+01	3.053020e+00	3.178161e-02	9228.000000	0.000000e+00
2.109169e+01	3.067259e+00	3.488225e-02	7732.000000	0.000000e+00
2.111385e+01	3.073238e+00	3.738965e-02	6756.000000	0.000000e+00
2.113864e+01	3.177514e+00	3.608016e-02	7756.000000	0.000000e+00
2.116547e+01	3.183362e+00	3.854729e-02	6820.000000	0.000000e+00
2.118998e+01	3.292125e+00	4.497539e-02	5358.000000	0.000000e+00
2.121167e+01	3.270349e+00	4.628212e-02	4993.000000	0.000000e+00
2.123701e+01	3.296625e+00	4.437108e-02	5520.000000	0.000000e+00
2.126409e+01	3.412404e+00	4.929490e-02	4792.000000	0.000000e+00
2.128812e+01	3.402038e+00	5.803802e-02	3436.000000	0.000000e+00
2.130920e+01	3.306505e+00	5.605050e-02	3480.000000	0.000000e+00
2.133536e+01	3.378062e+00	5.537806e-02	3721.000000	0.000000e+00
2.136298e+01	3.475852e+00	6.210841e-02	3132.000000	0.000000e+00
2.138535e+01	3.608987e+00	8.568574e-02	1774.000000	0.000000e+00
2.140616e+01	3.653916e+00	7.439948e-02	2412.000000	0.000000e+00
2.143360e+01	3.778422e+00	8.033741e-02	2212.000000	0.000000e+00
2.146162e+01	3.648900e+00	8.513485e-02	1837.000000	0.000000e+00
2.148292e+01	3.682884e+00	1.289267e-01	816.000000	0.000000e+00
2.150387e+01	3.804083e+00	1.027006e-01	1372.000000	0.000000e+00
2.153200e+01	3.774011e+00	1.142068e-01	1092.000000	0.000000e+00
2.156014e+01	4.029208e+00	1.386911e-01	844.000000	0.000000e+00
2.158178e+01	3.898729e+00	2.117499e-01	339.000000	0.000000e+00
2.160234e+01	3.951074e+00	1.713008e-01	532.000000	0.000000e+00
2.163046e+01	3.927447e+00	2.058542e-01	364.000000	0.000000e+00
2.165853e+01	4.335088e+00	2.870982e-01	228.000000	0.000000e+00
2.168066e+01	3.680428e+00	4.307615e-01	73.000000	0.000000e+00
2.170037e+01	3.715050e+00	4.053452e-01	84.000000	0.000000e+00
2.172766e+01	2.610137e+00	4.932695e-01	28.000000	0.000000e+00
2.175143e+01	4.077346e+00	2.354057e+00	3.000000	0.000000e+00
