# [<k> (h/Mpc)]	[<P_0(k)> (Mpc/h)^3]	[ErrorBar (Mpc/h)^3]	nModes	[<P_2(k)> (Mpc/h)^3]
3.476422e-02	1.894465e+04	5.254299e+03	13.000000	0.000000e+00
5.890282e-02	7.859258e+03	1.368121e+03	33.000000	0.000000e+00
8.378087e-02	6.749548e+03	7.593835e+02	79.000000	0.000000e+00
1.087368e-01	3.598658e+03	3.326960e+02	117.000000	0.000000e+00
1.341836e-01	2.722448e+03	1.901440e+02	205.000000	0.000000e+00
1.581206e-01	2.175857e+03	1.419372e+02	235.000000	0.000000e+00
1.826843e-01	1.973123e+03	1.027167e+02	369.000000	0.000000e+00
2.073525e-01	1.637336e+03	7.868536e+01	433.000000	0.000000e+00
2.322407e-01	1.414037e+03	5.846322e+01	585.000000	0.000000e+00
2.568838e-01	1.163695e+03	4.465852e+01	679.000000	0.000000e+00
2.811185e-01	1.030666e+03	3.614705e+01	813.000000	0.000000e+00
3.057758e-01	8.999852e+02	2.867591e+01	985.000000	0.000000e+00
3.308750e-01	8.307296e+02	2.415279e+01	1183.000000	0.000000e+00
3.553459e-01	7.413924e+02	2.081217e+01	1269.000000	0.000000e+00
3.797184e-01	6.968664e+02	1.777512e+01	1537.000000	0.000000e+00
4.042043e-01	6.322470e+02	1.555072e+01	1653.000000	0.000000e+00
4.287408e-01	5.867238e+02	1.324261e+01	1963.000000	0.000000e+00
4.533372e-01	5.765519e+02	1.251895e+01	2121.000000	0.000000e+00
4.779960e-01	5.409972e+02	1.101327e+01	2413.000000	0.000000e+00
5.026630e-01	5.081527e+02	9.899288e+00	2635.000000	0.000000e+00
5.271488e-01	4.751602e+02	8.858703e+00	2877.000000	0.000000e+00
5.515428e-01	4.544672e+02	8.073120e+00	3169.000000	0.000000e+00
5.762241e-01	4.288488e+02	7.241630e+00	3507.000000	0.000000e+00
6.007286e-01	4.161666e+02	6.855647e+00	3685.000000	0.000000e+00
6.252569e-01	3.894691e+02	6.034836e+00	4165.000000	0.000000e+00
6.499966e-01	3.841301e+02	5.806175e+00	4377.000000	0.000000e+00
6.746858e-01	3.777321e+02	5.421123e+00	4855.000000	0.000000e+00
6.991271e-01	3.462074e+02	4.931249e+00	4929.000000	0.000000e+00
7.235757e-01	3.439263e+02	4.603725e+00	5581.000000	0.000000e+00
7.479714e-01	3.364649e+02	4.464819e+00	5679.000000	0.000000e+00
7.726133e-01	3.169358e+02	3.966349e+00	6385.000000	0.000000e+00
7.972413e-01	3.123154e+02	3.858098e+00	6553.000000	0.000000e+00
8.218513e-01	3.036757e+02	3.597640e+00	7125.000000	0.000000e+00
8.464491e-01	2.974735e+02	3.447130e+00	7447.000000	0.000000e+00
8.709767e-01	2.851533e+02	3.202353e+00	7929.000000	0.000000e+00
8.955547e-01	2.766483e+02	3.026961e+00	8353.000000	0.000000e+00
9.199772e-01	2.650482e+02	2.829445e+00	8775.000000	0.000000e+00
9.444963e-01	2.649899e+02	2.745898e+00	9313.000000	0.000000e+00
9.690846e-01	2.529630e+02	2.549983e+00	9841.000000	0.000000e+00
9.935517e-01	2.504928e+02	2.481343e+00	10191.000000	0.000000e+00
1.018099e+00	2.409204e+02	2.307917e+00	10897.000000	0.000000e+00
1.042679e+00	2.378371e+02	2.237284e+00	11301.000000	0.000000e+00
1.067353e+00	2.309726e+02	2.106289e+00	12025.000000	0.000000e+00
1.092004e+00	2.273302e+02	2.039595e+00	12423.000000	0.000000e+00
1.116549e+00	2.213243e+02	1.939577e+00	13021.000000	0.000000e+00
1.140967e+00	2.189207e+02	1.890834e+00	13405.000000	0.000000e+00
1.165410e+00	2.132859e+02	1.786901e+00	14247.000000	0.000000e+00
1.189942e+00	2.055694e+02	1.698225e+00	14653.000000	0.000000e+00
1.214340e+00	2.021919e+02	1.632865e+00	15333.000000	0.000000e+00
1.238824e+00	2.004526e+02	1.587249e+00	15949.000000	0.000000e+00
1.263616e+00	1.949732e+02	1.492788e+00	17059.000000	0.000000e+00
1.288278e+00	1.913400e+02	1.463342e+00	17097.000000	0.000000e+00
1.312698e+00	1.879000e+02	1.401888e+00	17965.000000	0.000000e+00
1.337129e+00	1.827131e+02	1.342209e+00	18531.000000	0.000000e+00
1.361846e+00	1.818768e+02	1.296839e+00	19669.000000	0.000000e+00
1.386459e+00	1.767453e+02	1.253135e+00	19893.000000	0.000000e+00
1.410760e+00	1.744099e+02	1.218577e+00	20485.000000	0.000000e+00
1.435294e+00	1.714578e+02	1.162566e+00	21751.000000	0.000000e+00
1.459966e+00	1.667818e+02	1.119139e+00	22209.000000	0.000000e+00
1.484553e+00	1.647115e+02	1.085109e+00	23041.000000	0.000000e+00
1.509059e+00	1.597675e+02	1.037998e+00	23691.000000	0.000000e+00
1.533565e+00	1.569167e+02	1.003385e+00	24457.000000	0.000000e+00
1.558284e+00	1.536621e+02	9.567144e-01	25797.000000	0.000000e+00
1.582818e+00	1.505932e+02	9.407114e-01	25627.000000	0.000000e+00
1.607259e+00	1.474250e+02	8.936161e-01	27217.000000	0.000000e+00
1.631809e+00	1.463880e+02	8.819672e-01	27549.000000	0.000000e+00
1.656366e+00	1.447596e+02	8.528119e-01	28813.000000	0.000000e+00
1.680925e+00	1.398586e+02	8.162967e-01	29355.000000	0.000000e+00
1.705257e+00	1.385361e+02	8.009475e-01	29917.000000	0.000000e+00
1.729806e+00	1.350513e+02	7.590866e-01	31653.000000	0.000000e+00
1.754462e+00	1.324740e+02	7.411197e-01	31951.000000	0.000000e+00
1.778992e+00	1.298697e+02	7.142495e-01	33061.000000	0.000000e+00
1.803411e+00	1.285403e+02	7.012763e-01	33597.000000	0.000000e+00
1.827963e+00	1.255925e+02	6.694387e-01	35197.000000	0.000000e+00
1.852647e+00	1.236385e+02	6.532401e-01	35823.000000	0.000000e+00
1.877249e+00	1.215940e+02	6.325732e-01	36949.000000	0.000000e+00
1.901733e+00	1.193232e+02	6.177575e-01	37309.000000	0.000000e+00
1.926241e+00	1.184163e+02	5.990485e-01	39075.000000	0.000000e+00
1.950830e+00	1.158531e+02	5.838598e-01	39373.000000	0.000000e+00
1.975308e+00	1.157762e+02	5.729460e-01	40833.000000	0.000000e+00
1.999729e+00	1.114106e+02	5.488608e-01	41203.000000	0.000000e+00
2.024419e+00	1.082683e+02	5.179827e-01	43689.000000	0.000000e+00
2.049126e+00	1.081233e+02	5.183342e-01	43513.000000	0.000000e+00
2.073508e+00	1.066998e+02	5.061638e-01	44437.000000	0.000000e+00
2.097846e+00	1.042136e+02	4.877523e-01	45651.000000	0.000000e+00
2.122473e+00	1.026322e+02	4.709832e-01	47485.000000	0.000000e+00
2.147106e+00	9.959826e+01	4.547866e-01	47961.000000	0.000000e+00
2.171601e+00	9.932893e+01	4.480508e-01	49147.000000	0.000000e+00
2.196158e+00	9.790726e+01	4.364385e-01	50325.000000	0.000000e+00
2.220735e+00	9.647139e+01	4.244901e-01	51649.000000	0.000000e+00
2.245251e+00	9.505785e+01	4.162443e-01	52153.000000	0.000000e+00
2.269729e+00	9.303662e+01	4.005773e-01	53943.000000	0.000000e+00
2.294271e+00	9.149305e+01	3.912067e-01	54697.000000	0.000000e+00
2.318928e+00	8.950993e+01	3.757573e-01	56745.000000	0.000000e+00
2.343538e+00	8.835151e+01	3.700410e-01	57007.000000	0.000000e+00
2.368026e+00	8.696297e+01	3.596676e-01	58461.000000	0.000000e+00
2.392423e+00	8.527538e+01	3.509513e-01	59041.000000	0.000000e+00
2.416863e+00	8.419111e+01	3.408379e-01	61015.000000	0.000000e+00
2.441509e+00	8.272410e+01	3.305343e-01	62637.000000	0.000000e+00
2.466080e+00	8.176064e+01	3.253061e-01	63169.000000	0.000000e+00
2.490575e+00	8.054346e+01	3.168818e-01	64605.000000	0.000000e+00
2.515186e+00	7.900446e+01	3.063961e-01	66487.000000	0.000000e+00
2.539777e+00	7.794453e+01	3.010519e-01	67033.000000	0.000000e+00
2.564215e+00	7.722276e+01	2.956124e-01	68241.000000	0.000000e+00
2.588707e+00	7.534426e+01	2.847929e-01	69991.000000	0.000000e+00
2.613337e+00	7.463147e+01	2.790961e-01	71505.000000	0.000000e+00
2.637925e+00	7.328114e+01	2.717679e-01	72709.000000	0.000000e+00
2.662420e+00	7.223347e+01	2.664861e-01	73473.000000	0.000000e+00
2.686963e+00	7.103520e+01	2.580744e-01	75763.000000	0.000000e+00
2.711515e+00	7.021008e+01	2.542425e-01	76261.000000	0.000000e+00
2.735982e+00	6.906200e+01	2.473054e-01	77985.000000	0.000000e+00
2.760573e+00	6.755536e+01	2.388278e-01	80011.000000	0.000000e+00
2.785237e+00	6.646653e+01	2.335266e-01	81009.000000	0.000000e+00
2.809671e+00	6.593290e+01	2.308099e-01	81601.000000	0.000000e+00
2.834151e+00	6.488193e+01	2.237561e-01	84081.000000	0.000000e+00
2.858722e+00	6.420472e+01	2.200147e-01	85159.000000	0.000000e+00
2.883250e+00	6.283640e+01	2.134467e-01	86665.000000	0.000000e+00
2.907819e+00	6.210197e+01	2.089413e-01	88341.000000	0.000000e+00
2.932335e+00	6.148578e+01	2.055484e-01	89479.000000	0.000000e+00
2.956914e+00	6.033667e+01	1.994440e-01	91521.000000	0.000000e+00
2.981449e+00	5.977046e+01	1.966038e-01	92425.000000	0.000000e+00
3.005876e+00	5.869937e+01	1.918864e-01	93579.000000	0.000000e+00
3.030403e+00	5.742321e+01	1.850427e-01	96301.000000	0.000000e+00
3.055041e+00	5.702783e+01	1.824884e-01	97657.000000	0.000000e+00
3.079692e+00	5.610917e+01	1.779738e-01	99393.000000	0.000000e+00
3.104241e+00	5.528045e+01	1.746419e-01	100195.000000	0.000000e+00
3.128710e+00	5.479600e+01	1.718182e-01	101709.000000	0.000000e+00
3.153123e+00	5.372177e+01	1.673738e-01	103021.000000	0.000000e+00
3.177619e+00	5.318603e+01	1.636633e-01	105607.000000	0.000000e+00
3.202185e+00	5.228191e+01	1.599733e-01	106809.000000	0.000000e+00
3.226708e+00	5.129767e+01	1.556527e-01	108613.000000	0.000000e+00
3.251321e+00	5.058729e+01	1.519878e-01	110781.000000	0.000000e+00
3.275882e+00	5.006107e+01	1.498250e-01	111643.000000	0.000000e+00
3.300393e+00	4.971069e+01	1.474498e-01	113661.000000	0.000000e+00
3.324955e+00	4.905850e+01	1.445018e-01	115261.000000	0.000000e+00
3.349528e+00	4.812250e+01	1.404027e-01	117475.000000	0.000000e+00
3.374087e+00	4.801978e+01	1.395611e-01	118389.000000	0.000000e+00
3.398541e+00	4.689944e+01	1.353797e-01	120013.000000	0.000000e+00
3.423011e+00	4.630228e+01	1.326180e-01	121899.000000	0.000000e+00
3.447546e+00	4.591217e+01	1.303203e-01	124117.000000	0.000000e+00
3.472176e+00	4.507082e+01	1.266369e-01	126669.000000	0.000000e+00
3.496772e+00	4.476173e+01	1.256237e-01	126961.000000	0.000000e+00
3.521302e+00	4.398346e+01	1.220375e-01	129895.000000	0.000000e+00
3.545845e+00	4.367463e+01	1.209174e-01	130461.000000	0.000000e+00
3.570351e+00	4.292933e+01	1.175723e-01	133321.000000	0.000000e+00
3.594817e+00	4.246461e+01	1.161680e-01	133623.000000	0.000000e+00
3.619340e+00	4.206353e+01	1.134728e-01	137413.000000	0.000000e+00
3.643921e+00	4.160167e+01	1.118903e-01	138241.000000	0.000000e+00
3.668501e+00	4.088576e+01	1.088987e-01	140961.000000	0.000000e+00
3.693083e+00	4.046953e+01	1.072987e-01	142255.000000	0.000000e+00
3.717636e+00	3.997572e+01	1.052850e-01	144165.000000	0.000000e+00
3.742123e+00	3.969553e+01	1.041132e-01	145369.000000	0.000000e+00
3.766623e+00	3.920592e+01	1.018452e-01	148191.000000	0.000000e+00
3.791211e+00	3.868015e+01	9.980753e-02	150193.000000	0.000000e+00
3.815740e+00	3.798269e+01	9.759159e-02	151477.000000	0.000000e+00
3.840250e+00	3.776779e+01	9.631663e-02	153759.000000	0.000000e+00
3.864816e+00	3.711907e+01	9.394343e-02	156121.000000	0.000000e+00
3.889416e+00	3.673505e+01	9.235014e-02	158229.000000	0.000000e+00
3.913984e+00	3.652473e+01	9.142245e-02	159613.000000	0.000000e+00
3.938439e+00	3.588769e+01	8.948159e-02	160851.000000	0.000000e+00
3.962856e+00	3.550550e+01	8.795688e-02	162949.000000	0.000000e+00
3.987408e+00	3.522984e+01	8.624487e-02	166861.000000	0.000000e+00
4.011951e+00	3.470613e+01	8.494092e-02	166947.000000	0.000000e+00
4.036502e+00	3.422278e+01	8.280563e-02	170809.000000	0.000000e+00
4.061101e+00	3.394508e+01	8.183910e-02	172041.000000	0.000000e+00
4.085632e+00	3.352122e+01	8.040512e-02	173809.000000	0.000000e+00
4.110226e+00	3.308327e+01	7.855290e-02	177375.000000	0.000000e+00
4.134760e+00	3.269195e+01	7.771099e-02	176977.000000	0.000000e+00
4.159247e+00	3.235026e+01	7.607531e-02	180829.000000	0.000000e+00
4.183807e+00	3.200511e+01	7.490126e-02	182583.000000	0.000000e+00
4.208321e+00	3.156050e+01	7.355480e-02	184105.000000	0.000000e+00
4.232839e+00	3.143327e+01	7.263212e-02	187293.000000	0.000000e+00
4.257376e+00	3.103986e+01	7.152555e-02	188329.000000	0.000000e+00
4.281944e+00	3.064512e+01	6.985561e-02	192451.000000	0.000000e+00
4.306505e+00	3.038888e+01	6.924740e-02	192585.000000	0.000000e+00
4.331033e+00	2.999710e+01	6.773634e-02	196117.000000	0.000000e+00
4.355617e+00	2.971318e+01	6.674053e-02	198207.000000	0.000000e+00
4.380161e+00	2.943118e+01	6.587653e-02	199597.000000	0.000000e+00
4.404676e+00	2.909469e+01	6.464576e-02	202557.000000	0.000000e+00
4.429249e+00	2.871099e+01	6.343564e-02	204847.000000	0.000000e+00
4.453772e+00	2.843088e+01	6.258893e-02	206341.000000	0.000000e+00
4.478282e+00	2.810035e+01	6.143462e-02	209217.000000	0.000000e+00
4.502777e+00	2.777750e+01	6.054272e-02	210505.000000	0.000000e+00
4.527289e+00	2.763035e+01	5.968652e-02	214299.000000	0.000000e+00
4.551889e+00	2.730737e+01	5.867942e-02	216565.000000	0.000000e+00
4.576426e+00	2.698999e+01	5.782996e-02	217821.000000	0.000000e+00
4.600893e+00	2.676837e+01	5.705285e-02	220135.000000	0.000000e+00
4.625467e+00	2.633151e+01	5.559763e-02	224305.000000	0.000000e+00
4.650035e+00	2.610480e+01	5.504440e-02	224913.000000	0.000000e+00
4.674541e+00	2.580958e+01	5.408342e-02	227737.000000	0.000000e+00
4.699104e+00	2.566219e+01	5.341251e-02	230835.000000	0.000000e+00
4.723670e+00	2.529961e+01	5.243772e-02	232777.000000	0.000000e+00
4.748182e+00	2.510639e+01	5.185886e-02	234381.000000	0.000000e+00
4.772682e+00	2.475180e+01	5.077306e-02	237655.000000	0.000000e+00
4.797203e+00	2.457342e+01	5.023181e-02	239317.000000	0.000000e+00
4.821755e+00	2.436587e+01	4.937414e-02	243537.000000	0.000000e+00
4.846361e+00	2.404199e+01	4.854966e-02	245227.000000	0.000000e+00
4.870915e+00	2.377312e+01	4.780808e-02	247269.000000	0.000000e+00
4.895426e+00	2.358879e+01	4.721300e-02	249625.000000	0.000000e+00
4.919952e+00	2.328693e+01	4.635769e-02	252337.000000	0.000000e+00
4.944496e+00	2.323679e+01	4.598515e-02	255339.000000	0.000000e+00
4.969013e+00	2.286561e+01	4.515115e-02	256465.000000	0.000000e+00
4.993562e+00	2.265510e+01	4.432193e-02	261273.000000	0.000000e+00
5.018138e+00	2.249483e+01	4.392491e-02	262267.000000	0.000000e+00
5.042642e+00	2.221085e+01	4.317216e-02	264681.000000	0.000000e+00
5.067215e+00	2.209541e+01	4.259455e-02	269089.000000	0.000000e+00
5.091775e+00	2.186243e+01	4.212476e-02	269353.000000	0.000000e+00
5.116309e+00	2.166203e+01	4.138054e-02	274035.000000	0.000000e+00
5.140838e+00	2.137149e+01	4.080781e-02	274273.000000	0.000000e+00
5.165333e+00	2.121203e+01	4.019355e-02	278517.000000	0.000000e+00
5.189818e+00	2.103365e+01	3.978975e-02	279439.000000	0.000000e+00
5.214351e+00	2.083123e+01	3.903711e-02	284757.000000	0.000000e+00
5.238947e+00	2.056296e+01	3.842335e-02	286405.000000	0.000000e+00
5.263479e+00	2.051078e+01	3.818493e-02	288523.000000	0.000000e+00
5.288002e+00	2.022106e+01	3.744275e-02	291657.000000	0.000000e+00
5.312546e+00	2.005993e+01	3.697264e-02	294373.000000	0.000000e+00
5.337121e+00	1.981187e+01	3.630319e-02	297825.000000	0.000000e+00
5.361672e+00	1.967990e+01	3.596815e-02	299371.000000	0.000000e+00
5.386196e+00	1.950712e+01	3.546088e-02	302613.000000	0.000000e+00
5.410715e+00	1.934027e+01	3.504080e-02	304633.000000	0.000000e+00
5.435244e+00	1.911236e+01	3.440865e-02	308527.000000	0.000000e+00
5.459823e+00	1.893503e+01	3.393391e-02	311361.000000	0.000000e+00
5.484389e+00	1.880495e+01	3.355347e-02	314101.000000	0.000000e+00
5.508889e+00	1.867459e+01	3.328613e-02	314757.000000	0.000000e+00
5.533464e+00	1.851226e+01	3.261673e-02	322135.000000	0.000000e+00
5.558036e+00	1.827346e+01	3.229691e-02	320125.000000	0.000000e+00
5.582484e+00	1.815453e+01	3.186198e-02	324657.000000	0.000000e+00
5.606956e+00	1.799951e+01	3.150395e-02	326431.000000	0.000000e+00
5.631560e+00	1.782878e+01	3.086759e-02	333609.000000	0.000000e+00
5.656168e+00	1.765488e+01	3.059441e-02	333001.000000	0.000000e+00
5.680698e+00	1.752579e+01	3.020320e-02	336705.000000	0.000000e+00
5.705204e+00	1.734339e+01	2.981200e-02	338443.000000	0.000000e+00
5.729704e+00	1.722487e+01	2.944611e-02	342181.000000	0.000000e+00
5.754232e+00	1.707336e+01	2.906118e-02	345153.000000	0.000000e+00
5.778772e+00	1.694736e+01	2.870295e-02	348619.000000	0.000000e+00
5.803342e+00	1.678335e+01	2.831130e-02	351429.000000	0.000000e+00
5.827902e+00	1.667098e+01	2.799143e-02	354709.000000	0.000000e+00
5.852409e+00	1.649348e+01	2.765031e-02	355815.000000	0.000000e+00
5.876957e+00	1.636847e+01	2.721595e-02	361717.000000	0.000000e+00
5.901534e+00	1.618572e+01	2.687023e-02	362845.000000	0.000000e+00
5.926030e+00	1.607336e+01	2.659821e-02	365181.000000	0.000000e+00
5.950548e+00	1.599602e+01	2.630273e-02	369847.000000	0.000000e+00
5.975137e+00	1.581299e+01	2.588606e-02	373161.000000	0.000000e+00
5.999657e+00	1.569122e+01	2.566184e-02	373885.000000	0.000000e+00
6.024161e+00	1.555266e+01	2.526344e-02	378987.000000	0.000000e+00
6.048714e+00	1.539139e+01	2.492628e-02	381277.000000	0.000000e+00
6.073267e+00	1.527776e+01	2.460711e-02	385477.000000	0.000000e+00
6.097868e+00	1.513500e+01	2.427137e-02	388845.000000	0.000000e+00
6.122369e+00	1.504201e+01	2.412938e-02	388615.000000	0.000000e+00
6.146867e+00	1.491376e+01	2.372695e-02	395085.000000	0.000000e+00
6.171452e+00	1.480634e+01	2.348790e-02	397381.000000	0.000000e+00
6.195974e+00	1.470248e+01	2.325041e-02	399871.000000	0.000000e+00
6.220444e+00	1.454281e+01	2.295141e-02	401493.000000	0.000000e+00
6.244986e+00	1.443274e+01	2.256943e-02	408937.000000	0.000000e+00
6.269588e+00	1.432929e+01	2.238430e-02	409791.000000	0.000000e+00
6.294124e+00	1.421534e+01	2.211940e-02	413017.000000	0.000000e+00
6.318633e+00	1.409516e+01	2.185989e-02	415761.000000	0.000000e+00
6.343202e+00	1.402668e+01	2.162139e-02	420865.000000	0.000000e+00
6.367770e+00	1.390652e+01	2.138789e-02	422767.000000	0.000000e+00
6.392288e+00	1.382213e+01	2.119169e-02	425421.000000	0.000000e+00
6.416837e+00	1.366454e+01	2.082552e-02	430525.000000	0.000000e+00
6.441383e+00	1.358039e+01	2.066814e-02	431739.000000	0.000000e+00
6.465913e+00	1.350234e+01	2.043640e-02	436525.000000	0.000000e+00
6.490433e+00	1.335574e+01	2.017223e-02	438357.000000	0.000000e+00
6.514946e+00	1.326851e+01	1.994913e-02	442381.000000	0.000000e+00
6.539518e+00	1.318619e+01	1.971034e-02	447559.000000	0.000000e+00
6.564059e+00	1.305889e+01	1.951610e-02	447741.000000	0.000000e+00
6.588587e+00	1.296773e+01	1.924892e-02	453853.000000	0.000000e+00
6.613110e+00	1.283801e+01	1.904425e-02	454431.000000	0.000000e+00
6.637622e+00	1.276083e+01	1.881562e-02	459961.000000	0.000000e+00
6.662172e+00	1.265668e+01	1.860535e-02	462769.000000	0.000000e+00
6.686693e+00	1.256056e+01	1.840469e-02	465759.000000	0.000000e+00
6.711227e+00	1.249076e+01	1.822048e-02	469957.000000	0.000000e+00
6.735777e+00	1.240638e+01	1.802992e-02	473481.000000	0.000000e+00
6.760323e+00	1.231012e+01	1.783804e-02	476245.000000	0.000000e+00
6.784855e+00	1.223569e+01	1.765513e-02	480303.000000	0.000000e+00
6.809427e+00	1.214058e+01	1.744054e-02	484573.000000	0.000000e+00
6.833979e+00	1.203157e+01	1.724980e-02	486493.000000	0.000000e+00
6.858503e+00	1.193064e+01	1.703315e-02	490611.000000	0.000000e+00
6.883055e+00	1.184421e+01	1.684707e-02	494269.000000	0.000000e+00
6.907584e+00	1.180022e+01	1.673366e-02	497277.000000	0.000000e+00
6.932134e+00	1.166696e+01	1.647184e-02	501685.000000	0.000000e+00
6.956669e+00	1.160772e+01	1.634834e-02	504135.000000	0.000000e+00
6.981221e+00	1.150312e+01	1.612104e-02	509149.000000	0.000000e+00
7.005753e+00	1.142119e+01	1.598308e-02	510625.000000	0.000000e+00
7.030233e+00	1.132203e+01	1.578540e-02	514443.000000	0.000000e+00
7.054782e+00	1.127487e+01	1.563493e-02	520033.000000	0.000000e+00
7.079343e+00	1.117234e+01	1.545187e-02	522789.000000	0.000000e+00
7.103883e+00	1.110311e+01	1.530904e-02	526009.000000	0.000000e+00
7.128424e+00	1.104162e+01	1.516004e-02	530475.000000	0.000000e+00
7.152965e+00	1.095996e+01	1.501233e-02	532993.000000	0.000000e+00
7.177501e+00	1.089580e+01	1.486134e-02	537529.000000	0.000000e+00
7.202013e+00	1.080264e+01	1.470474e-02	539691.000000	0.000000e+00
7.226577e+00	1.073658e+01	1.452167e-02	546637.000000	0.000000e+00
7.251125e+00	1.066554e+01	1.442136e-02	546957.000000	0.000000e+00
7.275651e+00	1.058740e+01	1.424171e-02	552655.000000	0.000000e+00
7.300226e+00	1.052655e+01	1.410856e-02	556681.000000	0.000000e+00
7.324759e+00	1.044907e+01	1.398188e-02	558501.000000	0.000000e+00
7.349299e+00	1.033755e+01	1.376271e-02	564193.000000	0.000000e+00
7.373825e+00	1.028816e+01	1.368050e-02	565551.000000	0.000000e+00
7.398312e+00	1.023439e+01	1.355777e-02	569833.000000	0.000000e+00
7.422892e+00	1.017459e+01	1.339007e-02	577389.000000	0.000000e+00
7.447442e+00	1.011473e+01	1.332349e-02	576331.000000	0.000000e+00
7.471956e+00	1.003174e+01	1.314004e-02	582853.000000	0.000000e+00
7.496499e+00	9.957668e+00	1.300909e-02	585897.000000	0.000000e+00
7.521014e+00	9.887365e+00	1.288715e-02	588637.000000	0.000000e+00
7.545557e+00	9.842371e+00	1.275703e-02	595251.000000	0.000000e+00
7.570086e+00	9.759500e+00	1.264327e-02	595849.000000	0.000000e+00
7.594613e+00	9.708655e+00	1.251035e-02	602253.000000	0.000000e+00
7.619172e+00	9.655890e+00	1.240524e-02	605863.000000	0.000000e+00
7.643756e+00	9.576235e+00	1.225235e-02	610873.000000	0.000000e+00
7.668263e+00	9.500973e+00	1.216123e-02	610353.000000	0.000000e+00
7.692777e+00	9.448456e+00	1.201305e-02	618607.000000	0.000000e+00
7.717371e+00	9.372085e+00	1.188164e-02	622185.000000	0.000000e+00
7.741929e+00	9.338490e+00	1.181012e-02	625237.000000	0.000000e+00
7.766457e+00	9.257171e+00	1.168123e-02	628029.000000	0.000000e+00
7.790953e+00	9.202527e+00	1.157596e-02	631975.000000	0.000000e+00
7.815489e+00	9.140806e+00	1.144816e-02	637525.000000	0.000000e+00
7.840050e+00	9.077622e+00	1.133106e-02	641805.000000	0.000000e+00
7.864588e+00	9.018074e+00	1.123471e-02	644323.000000	0.000000e+00
7.889126e+00	8.962849e+00	1.112227e-02	649389.000000	0.000000e+00
7.913643e+00	8.911569e+00	1.103894e-02	651709.000000	0.000000e+00
7.938181e+00	8.856472e+00	1.091556e-02	658309.000000	0.000000e+00
7.962760e+00	8.800838e+00	1.081175e-02	662607.000000	0.000000e+00
7.987311e+00	8.741685e+00	1.072590e-02	664237.000000	0.000000e+00
8.011811e+00	8.680477e+00	1.061941e-02	668169.000000	0.000000e+00
8.036325e+00	8.632984e+00	1.051853e-02	673615.000000	0.000000e+00
8.060868e+00	8.582397e+00	1.042572e-02	677649.000000	0.000000e+00
8.085446e+00	8.532125e+00	1.031723e-02	683893.000000	0.000000e+00
8.109989e+00	8.470401e+00	1.024250e-02	683905.000000	0.000000e+00
8.134471e+00	8.430920e+00	1.015810e-02	688851.000000	0.000000e+00
8.159038e+00	8.362195e+00	1.001486e-02	697189.000000	0.000000e+00
8.183598e+00	8.317391e+00	9.967927e-03	696249.000000	0.000000e+00
8.208073e+00	8.268413e+00	9.872811e-03	701395.000000	0.000000e+00
8.232590e+00	8.232112e+00	9.793910e-03	706497.000000	0.000000e+00
8.257144e+00	8.182289e+00	9.695002e-03	712285.000000	0.000000e+00
8.281710e+00	8.123942e+00	9.603124e-03	715663.000000	0.000000e+00
8.306271e+00	8.065856e+00	9.505326e-03	720057.000000	0.000000e+00
8.330826e+00	8.036787e+00	9.441431e-03	724585.000000	0.000000e+00
8.355374e+00	7.977449e+00	9.354489e-03	727257.000000	0.000000e+00
8.379901e+00	7.921215e+00	9.253965e-03	732703.000000	0.000000e+00
8.404418e+00	7.860657e+00	9.169923e-03	734829.000000	0.000000e+00
8.428928e+00	7.842296e+00	9.112243e-03	740689.000000	0.000000e+00
8.453504e+00	7.787055e+00	9.003855e-03	747979.000000	0.000000e+00
8.478051e+00	7.728074e+00	8.941674e-03	746973.000000	0.000000e+00
8.502580e+00	7.696450e+00	8.849716e-03	756349.000000	0.000000e+00
8.527138e+00	7.639970e+00	8.783124e-03	756633.000000	0.000000e+00
8.551634e+00	7.616384e+00	8.727415e-03	761599.000000	0.000000e+00
8.576156e+00	7.555004e+00	8.625575e-03	767173.000000	0.000000e+00
8.600697e+00	7.520125e+00	8.562969e-03	771261.000000	0.000000e+00
8.625259e+00	7.468663e+00	8.469990e-03	777535.000000	0.000000e+00
8.649836e+00	7.437682e+00	8.418102e-03	780633.000000	0.000000e+00
8.674376e+00	7.385618e+00	8.337330e-03	784729.000000	0.000000e+00
8.698927e+00	7.356232e+00	8.277733e-03	789747.000000	0.000000e+00
8.723450e+00	7.314734e+00	8.219877e-03	791893.000000	0.000000e+00
8.747957e+00	7.279356e+00	8.150410e-03	797677.000000	0.000000e+00
8.772521e+00	7.218335e+00	8.048097e-03	804429.000000	0.000000e+00
8.797047e+00	7.187359e+00	8.013032e-03	804535.000000	0.000000e+00
8.821541e+00	7.138855e+00	7.927848e-03	810861.000000	0.000000e+00
8.846076e+00	7.115558e+00	7.875487e-03	816325.000000	0.000000e+00
8.870641e+00	7.069671e+00	7.795750e-03	822399.000000	0.000000e+00
8.895170e+00	7.031750e+00	7.753435e-03	822505.000000	0.000000e+00
8.919713e+00	6.978068e+00	7.647194e-03	832657.000000	0.000000e+00
8.944263e+00	6.936828e+00	7.605637e-03	831861.000000	0.000000e+00
8.968772e+00	6.912057e+00	7.544660e-03	839335.000000	0.000000e+00
8.993334e+00	6.878790e+00	7.484462e-03	844701.000000	0.000000e+00
9.017895e+00	6.846713e+00	7.435296e-03	847945.000000	0.000000e+00
9.042430e+00	6.801703e+00	7.364865e-03	852915.000000	0.000000e+00
9.066970e+00	6.773799e+00	7.318050e-03	856789.000000	0.000000e+00
9.091538e+00	6.727384e+00	7.233742e-03	864901.000000	0.000000e+00
9.116063e+00	6.694724e+00	7.208824e-03	862455.000000	0.000000e+00
9.140573e+00	6.655334e+00	7.121035e-03	873481.000000	0.000000e+00
9.165140e+00	6.609881e+00	7.062867e-03	875841.000000	0.000000e+00
9.189653e+00	6.574101e+00	7.013001e-03	878749.000000	0.000000e+00
9.214176e+00	6.560680e+00	6.967994e-03	886507.000000	0.000000e+00
9.238722e+00	6.532607e+00	6.927909e-03	889137.000000	0.000000e+00
9.263252e+00	6.489791e+00	6.859106e-03	895213.000000	0.000000e+00
9.287810e+00	6.445887e+00	6.792060e-03	900663.000000	0.000000e+00
9.312363e+00	6.427088e+00	6.758765e-03	904261.000000	0.000000e+00
9.336898e+00	6.400691e+00	6.713005e-03	909117.000000	0.000000e+00
9.361428e+00	6.364774e+00	6.661355e-03	912937.000000	0.000000e+00
9.385969e+00	6.332136e+00	6.601669e-03	920011.000000	0.000000e+00
9.410496e+00	6.291753e+00	6.555157e-03	921249.000000	0.000000e+00
9.435027e+00	6.260872e+00	6.492135e-03	930025.000000	0.000000e+00
9.459577e+00	6.219698e+00	6.441542e-03	932307.000000	0.000000e+00
9.484080e+00	6.203981e+00	6.412902e-03	935905.000000	0.000000e+00
9.508599e+00	6.170708e+00	6.351541e-03	943869.000000	0.000000e+00
9.533177e+00	6.128651e+00	6.289634e-03	949465.000000	0.000000e+00
9.557740e+00	6.104785e+00	6.254066e-03	952831.000000	0.000000e+00
9.582283e+00	6.075938e+00	6.208771e-03	957669.000000	0.000000e+00
9.606825e+00	6.037437e+00	6.154165e-03	962425.000000	0.000000e+00
9.631356e+00	6.006869e+00	6.108470e-03	967011.000000	0.000000e+00
9.655881e+00	5.986276e+00	6.073983e-03	971329.000000	0.000000e+00
9.680426e+00	5.954650e+00	6.018923e-03	978757.000000	0.000000e+00
9.704942e+00	5.924410e+00	5.987874e-03	978915.000000	0.000000e+00
9.729497e+00	5.895483e+00	5.920481e-03	991573.000000	0.000000e+00
9.754046e+00	5.864485e+00	5.896933e-03	989025.000000	0.000000e+00
9.778535e+00	5.841140e+00	5.853771e-03	995689.000000	0.000000e+00
9.803103e+00	5.821686e+00	5.803125e-03	1006407.000000	0.000000e+00
9.827649e+00	5.782160e+00	5.772651e-03	1003297.000000	0.000000e+00
9.852180e+00	5.759339e+00	5.715011e-03	1015573.000000	0.000000e+00
9.876731e+00	5.721859e+00	5.678989e-03	1015155.000000	0.000000e+00
9.901284e+00	5.704636e+00	5.634294e-03	1025125.000000	0.000000e+00
9.925835e+00	5.667458e+00	5.594574e-03	1026225.000000	0.000000e+00
9.950350e+00	5.652108e+00	5.565436e-03	1031389.000000	0.000000e+00
9.974902e+00	5.614156e+00	5.504988e-03	1040055.000000	0.000000e+00
9.999429e+00	5.592384e+00	5.486462e-03	1038985.000000	0.000000e+00
1.002392e+01	5.576705e+00	5.448347e-03	1047673.000000	0.000000e+00
1.004849e+01	5.561116e+00	5.413030e-03	1055463.000000	0.000000e+00
1.007303e+01	5.518812e+00	5.370057e-03	1056169.000000	0.000000e+00
1.009756e+01	5.490953e+00	5.322018e-03	1064493.000000	0.000000e+00
1.012209e+01	5.473488e+00	5.299840e-03	1066603.000000	0.000000e+00
1.014664e+01	5.446644e+00	5.250122e-03	1076265.000000	0.000000e+00
1.017120e+01	5.417376e+00	5.216785e-03	1078381.000000	0.000000e+00
1.019572e+01	5.410399e+00	5.200324e-03	1082425.000000	0.000000e+00
1.022025e+01	5.379451e+00	5.151505e-03	1090455.000000	0.000000e+00
1.024479e+01	5.345422e+00	5.111896e-03	1093453.000000	0.000000e+00
1.026933e+01	5.330135e+00	5.081306e-03	1100337.000000	0.000000e+00
1.029386e+01	5.307043e+00	5.050327e-03	1104247.000000	0.000000e+00
1.031842e+01	5.293804e+00	5.019800e-03	1112149.000000	0.000000e+00
1.034296e+01	5.268710e+00	4.989933e-03	1114857.000000	0.000000e+00
1.036749e+01	5.247996e+00	4.958817e-03	1120033.000000	0.000000e+00
1.039203e+01	5.226022e+00	4.921363e-03	1127643.000000	0.000000e+00
1.041655e+01	5.203153e+00	4.898320e-03	1128337.000000	0.000000e+00
1.044111e+01	5.175849e+00	4.844167e-03	1141629.000000	0.000000e+00
1.046570e+01	5.171970e+00	4.839447e-03	1142143.000000	0.000000e+00
1.049021e+01	5.135575e+00	4.799659e-03	1144873.000000	0.000000e+00
1.051473e+01	5.117014e+00	4.763014e-03	1154169.000000	0.000000e+00
1.053925e+01	5.094906e+00	4.740690e-03	1155019.000000	0.000000e+00
1.056380e+01	5.071829e+00	4.692621e-03	1168149.000000	0.000000e+00
1.058835e+01	5.050375e+00	4.675790e-03	1166641.000000	0.000000e+00
1.061283e+01	5.035092e+00	4.653376e-03	1170789.000000	0.000000e+00
1.063739e+01	5.015982e+00	4.606421e-03	1185727.000000	0.000000e+00
1.066197e+01	5.006445e+00	4.600888e-03	1184065.000000	0.000000e+00
1.068650e+01	4.976410e+00	4.559062e-03	1191465.000000	0.000000e+00
1.071103e+01	4.963178e+00	4.541162e-03	1194499.000000	0.000000e+00
1.073555e+01	4.936187e+00	4.502484e-03	1201929.000000	0.000000e+00
1.076011e+01	4.927785e+00	4.480699e-03	1209517.000000	0.000000e+00
1.078466e+01	4.900246e+00	4.450304e-03	1212429.000000	0.000000e+00
1.080918e+01	4.894988e+00	4.437372e-03	1216891.000000	0.000000e+00
1.083370e+01	4.879808e+00	4.413081e-03	1222705.000000	0.000000e+00
1.085823e+01	4.859087e+00	4.380100e-03	1230669.000000	0.000000e+00
1.088282e+01	4.846707e+00	4.353899e-03	1239187.000000	0.000000e+00
1.090737e+01	4.833348e+00	4.344483e-03	1237713.000000	0.000000e+00
1.093189e+01	4.803600e+00	4.302062e-03	1246753.000000	0.000000e+00
1.095642e+01	4.795666e+00	4.288953e-03	1250245.000000	0.000000e+00
1.098096e+01	4.772208e+00	4.251233e-03	1260111.000000	0.000000e+00
1.100552e+01	4.754096e+00	4.232020e-03	1261945.000000	0.000000e+00
1.103005e+01	4.744719e+00	4.212478e-03	1268661.000000	0.000000e+00
1.105458e+01	4.729044e+00	4.189618e-03	1274083.000000	0.000000e+00
1.107911e+01	4.715436e+00	4.168852e-03	1279413.000000	0.000000e+00
1.110366e+01	4.687505e+00	4.131231e-03	1287433.000000	0.000000e+00
1.112821e+01	4.683980e+00	4.122202e-03	1291135.000000	0.000000e+00
1.115273e+01	4.667236e+00	4.100475e-03	1295541.000000	0.000000e+00
1.117726e+01	4.642822e+00	4.067433e-03	1302937.000000	0.000000e+00
1.120181e+01	4.631033e+00	4.046707e-03	1309641.000000	0.000000e+00
1.122634e+01	4.625086e+00	4.037262e-03	1312399.000000	0.000000e+00
1.125085e+01	4.613559e+00	4.017401e-03	1318809.000000	0.000000e+00
1.127541e+01	4.598424e+00	3.987956e-03	1329589.000000	0.000000e+00
1.129999e+01	4.589050e+00	3.976642e-03	1331719.000000	0.000000e+00
1.132451e+01	4.573681e+00	3.958117e-03	1335225.000000	0.000000e+00
1.134903e+01	4.558565e+00	3.932591e-03	1343689.000000	0.000000e+00
1.137357e+01	4.545068e+00	3.914421e-03	1348173.000000	0.000000e+00
1.139811e+01	4.536704e+00	3.895571e-03	1356247.000000	0.000000e+00
1.142265e+01	4.522703e+00	3.879771e-03	1358889.000000	0.000000e+00
1.144718e+01	4.517231e+00	3.863251e-03	1367221.000000	0.000000e+00
1.147174e+01	4.499027e+00	3.838119e-03	1374043.000000	0.000000e+00
1.149628e+01	4.487459e+00	3.823758e-03	1377273.000000	0.000000e+00
1.152079e+01	4.479299e+00	3.811093e-03	1381405.000000	0.000000e+00
1.154533e+01	4.467449e+00	3.785127e-03	1393023.000000	0.000000e+00
1.156988e+01	4.454981e+00	3.773380e-03	1393897.000000	0.000000e+00
1.159441e+01	4.450994e+00	3.757858e-03	1402921.000000	0.000000e+00
1.161895e+01	4.434092e+00	3.737222e-03	1407705.000000	0.000000e+00
1.164349e+01	4.425895e+00	3.721759e-03	1414183.000000	0.000000e+00
1.166804e+01	4.413487e+00	3.703991e-03	1419789.000000	0.000000e+00
1.169259e+01	4.400882e+00	3.683628e-03	1427341.000000	0.000000e+00
1.171712e+01	4.402502e+00	3.683001e-03	1428879.000000	0.000000e+00
1.174164e+01	4.389624e+00	3.660246e-03	1438249.000000	0.000000e+00
1.176619e+01	4.384734e+00	3.647157e-03	1445365.000000	0.000000e+00
1.179072e+01	4.373075e+00	3.635880e-03	1446621.000000	0.000000e+00
1.181525e+01	4.368031e+00	3.618178e-03	1457443.000000	0.000000e+00
1.183979e+01	4.359558e+00	3.606691e-03	1461057.000000	0.000000e+00
1.186435e+01	4.356123e+00	3.592810e-03	1470049.000000	0.000000e+00
1.188889e+01	4.354781e+00	3.587603e-03	1473411.000000	0.000000e+00
1.191343e+01	4.340817e+00	3.568235e-03	1479913.000000	0.000000e+00
1.193797e+01	4.333437e+00	3.553921e-03	1486789.000000	0.000000e+00
1.196251e+01	4.328071e+00	3.543689e-03	1491687.000000	0.000000e+00
1.198703e+01	4.322788e+00	3.532919e-03	1497133.000000	0.000000e+00
1.201156e+01	4.314797e+00	3.517088e-03	1505061.000000	0.000000e+00
1.203612e+01	4.310070e+00	3.505762e-03	1511485.000000	0.000000e+00
1.206065e+01	4.304129e+00	3.496350e-03	1515447.000000	0.000000e+00
1.208515e+01	4.295553e+00	3.484354e-03	1519825.000000	0.000000e+00
1.210971e+01	4.299098e+00	3.469158e-03	1535701.000000	0.000000e+00
1.213428e+01	4.290962e+00	3.466709e-03	1532055.000000	0.000000e+00
1.215881e+01	4.283134e+00	3.445790e-03	1545061.000000	0.000000e+00
1.218336e+01	4.286021e+00	3.447502e-03	1545609.000000	0.000000e+00
1.220787e+01	4.283723e+00	3.438063e-03	1552441.000000	0.000000e+00
1.223242e+01	4.277544e+00	3.420548e-03	1563859.000000	0.000000e+00
1.225696e+01	4.270227e+00	3.415009e-03	1563573.000000	0.000000e+00
1.228148e+01	4.268956e+00	3.403076e-03	1573621.000000	0.000000e+00
1.230602e+01	4.270730e+00	3.399023e-03	1578687.000000	0.000000e+00
1.233056e+01	4.266174e+00	3.387965e-03	1585621.000000	0.000000e+00
1.235512e+01	4.263993e+00	3.376020e-03	1595229.000000	0.000000e+00
1.237965e+01	4.265459e+00	3.379185e-03	1593337.000000	0.000000e+00
1.240419e+01	4.258942e+00	3.356781e-03	1609747.000000	0.000000e+00
1.242874e+01	4.259564e+00	3.360000e-03	1607133.000000	0.000000e+00
1.245325e+01	4.253501e+00	3.345696e-03	1616293.000000	0.000000e+00
1.247780e+01	4.260846e+00	3.339801e-03	1627611.000000	0.000000e+00
1.250235e+01	4.262888e+00	3.342598e-03	1626445.000000	0.000000e+00
1.252688e+01	4.265042e+00	3.331388e-03	1639065.000000	0.000000e+00
1.255143e+01	4.265200e+00	3.328907e-03	1641631.000000	0.000000e+00
1.257596e+01	4.257122e+00	3.319088e-03	1645109.500000	0.000000e+00
1.260049e+01	4.245612e+00	3.312990e-03	1642254.000000	0.000000e+00
1.262503e+01	4.231999e+00	3.305511e-03	1639132.000000	0.000000e+00
1.264958e+01	4.226091e+00	3.303132e-03	1636914.000000	0.000000e+00
1.267411e+01	4.215939e+00	3.301486e-03	1630684.000000	0.000000e+00
1.269864e+01	4.198320e+00	3.289668e-03	1628722.000000	0.000000e+00
1.272316e+01	4.187526e+00	3.285550e-03	1624422.000000	0.000000e+00
1.274773e+01	4.171168e+00	3.269850e-03	1627270.000000	0.000000e+00
1.277225e+01	4.154870e+00	3.272322e-03	1612140.000000	0.000000e+00
1.279677e+01	4.149157e+00	3.260310e-03	1619578.000000	0.000000e+00
1.282133e+01	4.136868e+00	3.260298e-03	1610010.000000	0.000000e+00
1.284587e+01	4.128548e+00	3.253040e-03	1610704.000000	0.000000e+00
1.287043e+01	4.118889e+00	3.250926e-03	1605262.000000	0.000000e+00
1.289495e+01	4.096725e+00	3.239394e-03	1599360.000000	0.000000e+00
1.291951e+01	4.088675e+00	3.230432e-03	1601932.000000	0.000000e+00
1.294403e+01	4.078054e+00	3.235548e-03	1588584.000000	0.000000e+00
1.296853e+01	4.069341e+00	3.225520e-03	1591654.000000	0.000000e+00
1.299309e+01	4.060168e+00	3.220907e-03	1589028.000000	0.000000e+00
1.301763e+01	4.040700e+00	3.213307e-03	1581280.000000	0.000000e+00
1.304217e+01	4.032979e+00	3.207404e-03	1581046.000000	0.000000e+00
1.306670e+01	4.014962e+00	3.199247e-03	1574952.000000	0.000000e+00
1.309123e+01	4.009718e+00	3.198618e-03	1571458.000000	0.000000e+00
1.311579e+01	4.002632e+00	3.193226e-03	1571202.000000	0.000000e+00
1.314034e+01	3.991782e+00	3.191392e-03	1564492.000000	0.000000e+00
1.316488e+01	3.982691e+00	3.188074e-03	1560618.000000	0.000000e+00
1.318940e+01	3.973164e+00	3.185229e-03	1555936.000000	0.000000e+00
1.321393e+01	3.965435e+00	3.182772e-03	1552282.000000	0.000000e+00
1.323848e+01	3.944835e+00	3.166713e-03	1551816.000000	0.000000e+00
1.326302e+01	3.941193e+00	3.173000e-03	1542820.000000	0.000000e+00
1.328757e+01	3.929385e+00	3.161826e-03	1544448.000000	0.000000e+00
1.331210e+01	3.917711e+00	3.162451e-03	1534678.000000	0.000000e+00
1.333662e+01	3.906492e+00	3.154832e-03	1533280.000000	0.000000e+00
1.336117e+01	3.897471e+00	3.149807e-03	1531080.000000	0.000000e+00
1.338570e+01	3.883037e+00	3.146342e-03	1523110.000000	0.000000e+00
1.341022e+01	3.880478e+00	3.146200e-03	1521240.000000	0.000000e+00
1.343476e+01	3.866511e+00	3.139382e-03	1516876.000000	0.000000e+00
1.345932e+01	3.850481e+00	3.127676e-03	1515606.000000	0.000000e+00
1.348389e+01	3.851225e+00	3.132956e-03	1511086.000000	0.000000e+00
1.350843e+01	3.845713e+00	3.137235e-03	1502656.000000	0.000000e+00
1.353293e+01	3.829022e+00	3.127703e-03	1498734.000000	0.000000e+00
1.355748e+01	3.825600e+00	3.125129e-03	1498522.000000	0.000000e+00
1.358203e+01	3.812984e+00	3.121930e-03	1491708.000000	0.000000e+00
1.360658e+01	3.805480e+00	3.118008e-03	1489582.000000	0.000000e+00
1.363111e+01	3.794515e+00	3.118306e-03	1480728.000000	0.000000e+00
1.365563e+01	3.781318e+00	3.107620e-03	1480576.000000	0.000000e+00
1.368019e+01	3.779777e+00	3.111306e-03	1475866.000000	0.000000e+00
1.370473e+01	3.763116e+00	3.104247e-03	1469544.000000	0.000000e+00
1.372924e+01	3.760105e+00	3.107792e-03	1463848.000000	0.000000e+00
1.375380e+01	3.752286e+00	3.097863e-03	1467126.000000	0.000000e+00
1.377836e+01	3.746539e+00	3.106444e-03	1454566.000000	0.000000e+00
1.380287e+01	3.730324e+00	3.096147e-03	1451610.000000	0.000000e+00
1.382737e+01	3.728364e+00	3.100713e-03	1445818.000000	0.000000e+00
1.385191e+01	3.721892e+00	3.095118e-03	1446016.000000	0.000000e+00
1.387648e+01	3.712977e+00	3.093793e-03	1440330.000000	0.000000e+00
1.390103e+01	3.709131e+00	3.094984e-03	1436242.000000	0.000000e+00
1.392557e+01	3.694134e+00	3.091379e-03	1427976.000000	0.000000e+00
1.395012e+01	3.681635e+00	3.079912e-03	1428910.000000	0.000000e+00
1.397464e+01	3.682082e+00	3.094934e-03	1415416.000000	0.000000e+00
1.399917e+01	3.668973e+00	3.078255e-03	1420626.000000	0.000000e+00
1.402372e+01	3.660751e+00	3.084565e-03	1408486.000000	0.000000e+00
1.404824e+01	3.653553e+00	3.080086e-03	1407036.000000	0.000000e+00
1.407278e+01	3.648000e+00	3.080455e-03	1402426.000000	0.000000e+00
1.409731e+01	3.641482e+00	3.082713e-03	1395372.000000	0.000000e+00
1.412183e+01	3.634794e+00	3.080182e-03	1392538.000000	0.000000e+00
1.414639e+01	3.627431e+00	3.076381e-03	1390330.000000	0.000000e+00
1.417094e+01	3.616121e+00	3.077678e-03	1380510.000000	0.000000e+00
1.419546e+01	3.611006e+00	3.074791e-03	1379194.000000	0.000000e+00
1.422001e+01	3.602770e+00	3.075363e-03	1372398.000000	0.000000e+00
1.424455e+01	3.604510e+00	3.080490e-03	1369156.000000	0.000000e+00
1.426908e+01	3.595644e+00	3.082279e-03	1360848.000000	0.000000e+00
1.429362e+01	3.581913e+00	3.070422e-03	1360924.000000	0.000000e+00
1.431818e+01	3.572645e+00	3.072027e-03	1352476.000000	0.000000e+00
1.434273e+01	3.573509e+00	3.075970e-03	1349664.000000	0.000000e+00
1.436724e+01	3.563293e+00	3.079607e-03	1338790.000000	0.000000e+00
1.439177e+01	3.557979e+00	3.071195e-03	1342122.000000	0.000000e+00
1.441633e+01	3.552959e+00	3.079411e-03	1331206.000000	0.000000e+00
1.444087e+01	3.554579e+00	3.083342e-03	1329024.000000	0.000000e+00
1.446541e+01	3.551788e+00	3.089233e-03	1321882.000000	0.000000e+00
1.448996e+01	3.543738e+00	3.085202e-03	1319338.000000	0.000000e+00
1.451448e+01	3.536987e+00	3.091578e-03	1308900.000000	0.000000e+00
1.453902e+01	3.526739e+00	3.081182e-03	1310122.000000	0.000000e+00
1.456356e+01	3.528291e+00	3.094656e-03	1299882.000000	0.000000e+00
1.458809e+01	3.519225e+00	3.090940e-03	1296322.000000	0.000000e+00
1.461262e+01	3.509203e+00	3.087121e-03	1292140.000000	0.000000e+00
1.463716e+01	3.503706e+00	3.091549e-03	1284408.000000	0.000000e+00
1.466171e+01	3.501263e+00	3.090891e-03	1283164.000000	0.000000e+00
1.468625e+01	3.495977e+00	3.097854e-03	1273548.000000	0.000000e+00
1.471078e+01	3.489769e+00	3.096837e-03	1269862.000000	0.000000e+00
1.473534e+01	3.487352e+00	3.098125e-03	1267050.000000	0.000000e+00
1.475987e+01	3.482598e+00	3.108214e-03	1255408.000000	0.000000e+00
1.478439e+01	3.476920e+00	3.103079e-03	1255462.000000	0.000000e+00
1.480894e+01	3.475894e+00	3.112921e-03	1246800.000000	0.000000e+00
1.483348e+01	3.467737e+00	3.108732e-03	1244302.000000	0.000000e+00
1.485802e+01	3.459135e+00	3.112520e-03	1235124.000000	0.000000e+00
1.488256e+01	3.454663e+00	3.111138e-03	1233028.000000	0.000000e+00
1.490708e+01	3.457085e+00	3.126427e-03	1222710.000000	0.000000e+00
1.493162e+01	3.453230e+00	3.123841e-03	1222006.000000	0.000000e+00
1.495618e+01	3.438455e+00	3.118455e-03	1215760.000000	0.000000e+00
1.498071e+01	3.445124e+00	3.136020e-03	1206846.000000	0.000000e+00
1.500525e+01	3.440566e+00	3.134977e-03	1204456.000000	0.000000e+00
1.502980e+01	3.433817e+00	3.137708e-03	1197648.000000	0.000000e+00
1.505434e+01	3.429938e+00	3.143416e-03	1190608.000000	0.000000e+00
1.507886e+01	3.433066e+00	3.152258e-03	1186098.000000	0.000000e+00
1.510342e+01	3.425822e+00	3.152115e-03	1181206.000000	0.000000e+00
1.512796e+01	3.424470e+00	3.162272e-03	1172704.000000	0.000000e+00
1.515246e+01	3.426790e+00	3.171567e-03	1167420.000000	0.000000e+00
1.517700e+01	3.421425e+00	3.172291e-03	1163236.000000	0.000000e+00
1.520157e+01	3.420013e+00	3.176522e-03	1159182.000000	0.000000e+00
1.522611e+01	3.415057e+00	3.187902e-03	1147588.000000	0.000000e+00
1.525063e+01	3.411365e+00	3.186305e-03	1146256.000000	0.000000e+00
1.527518e+01	3.409161e+00	3.195798e-03	1137984.000000	0.000000e+00
1.529972e+01	3.403627e+00	3.197584e-03	1133026.000000	0.000000e+00
1.532424e+01	3.404977e+00	3.209653e-03	1125414.000000	0.000000e+00
1.534877e+01	3.408933e+00	3.219665e-03	1121026.000000	0.000000e+00
1.537332e+01	3.405563e+00	3.224653e-03	1115352.000000	0.000000e+00
1.539786e+01	3.403687e+00	3.233893e-03	1107766.000000	0.000000e+00
1.542240e+01	3.399653e+00	3.236131e-03	1103614.000000	0.000000e+00
1.544694e+01	3.398962e+00	3.247702e-03	1095318.000000	0.000000e+00
1.547149e+01	3.394251e+00	3.249600e-03	1091008.000000	0.000000e+00
1.549603e+01	3.396948e+00	3.262567e-03	1084074.000000	0.000000e+00
1.552054e+01	3.397120e+00	3.277754e-03	1074160.000000	0.000000e+00
1.554506e+01	3.393067e+00	3.275240e-03	1073244.000000	0.000000e+00
1.556963e+01	3.384816e+00	3.277501e-03	1066558.000000	0.000000e+00
1.559418e+01	3.396876e+00	3.302573e-03	1057924.000000	0.000000e+00
1.561873e+01	3.392394e+00	3.304271e-03	1054050.000000	0.000000e+00
1.564327e+01	3.396802e+00	3.323996e-03	1044286.000000	0.000000e+00
1.566780e+01	3.391088e+00	3.322670e-03	1041606.000000	0.000000e+00
1.569233e+01	3.387387e+00	3.336399e-03	1030798.000000	0.000000e+00
1.571685e+01	3.392260e+00	3.346472e-03	1027552.000000	0.000000e+00
1.574141e+01	3.395597e+00	3.359939e-03	1021338.000000	0.000000e+00
1.576595e+01	3.387290e+00	3.364924e-03	1013338.000000	0.000000e+00
1.579049e+01	3.389034e+00	3.375247e-03	1008186.000000	0.000000e+00
1.581502e+01	3.401001e+00	3.402032e-03	999394.000000	0.000000e+00
1.583955e+01	3.396350e+00	3.405389e-03	994698.000000	0.000000e+00
1.586407e+01	3.392197e+00	3.414352e-03	987064.000000	0.000000e+00
1.588861e+01	3.395440e+00	3.428083e-03	981046.000000	0.000000e+00
1.591315e+01	3.391566e+00	3.434106e-03	975378.000000	0.000000e+00
1.593770e+01	3.390456e+00	3.445963e-03	968044.000000	0.000000e+00
1.596225e+01	3.399152e+00	3.466560e-03	961488.000000	0.000000e+00
1.598677e+01	3.400122e+00	3.482427e-03	953290.000000	0.000000e+00
1.601131e+01	3.400088e+00	3.490129e-03	949068.000000	0.000000e+00
1.603586e+01	3.405628e+00	3.510834e-03	940966.000000	0.000000e+00
1.606040e+01	3.390686e+00	3.508373e-03	934036.000000	0.000000e+00
1.608493e+01	3.406446e+00	3.536818e-03	927636.000000	0.000000e+00
1.610947e+01	3.404837e+00	3.550166e-03	919804.000000	0.000000e+00
1.613400e+01	3.405269e+00	3.561899e-03	913986.000000	0.000000e+00
1.615854e+01	3.418014e+00	3.587858e-03	907564.000000	0.000000e+00
1.618310e+01	3.417084e+00	3.600962e-03	900480.000000	0.000000e+00
1.620765e+01	3.416809e+00	3.614891e-03	893410.000000	0.000000e+00
1.623216e+01	3.420755e+00	3.639546e-03	883384.000000	0.000000e+00
1.625669e+01	3.428556e+00	3.652820e-03	880980.000000	0.000000e+00
1.628123e+01	3.426282e+00	3.670745e-03	871240.000000	0.000000e+00
1.630580e+01	3.425838e+00	3.678342e-03	867420.000000	0.000000e+00
1.633036e+01	3.428945e+00	3.702873e-03	857518.000000	0.000000e+00
1.635486e+01	3.440968e+00	3.735261e-03	848632.000000	0.000000e+00
1.637939e+01	3.436235e+00	3.736782e-03	845610.000000	0.000000e+00
1.640395e+01	3.440090e+00	3.761681e-03	836326.000000	0.000000e+00
1.642848e+01	3.453896e+00	3.792739e-03	829302.000000	0.000000e+00
1.645298e+01	3.449046e+00	3.807720e-03	820480.000000	0.000000e+00
1.647753e+01	3.459043e+00	3.826834e-03	817020.000000	0.000000e+00
1.650209e+01	3.462155e+00	3.850710e-03	808372.000000	0.000000e+00
1.652660e+01	3.464235e+00	3.877302e-03	798280.000000	0.000000e+00
1.655114e+01	3.473101e+00	3.893665e-03	795642.000000	0.000000e+00
1.657571e+01	3.478590e+00	3.923012e-03	786262.000000	0.000000e+00
1.660025e+01	3.474334e+00	3.939276e-03	777876.000000	0.000000e+00
1.662478e+01	3.482041e+00	3.961933e-03	772420.000000	0.000000e+00
1.664931e+01	3.482693e+00	3.988562e-03	762426.000000	0.000000e+00
1.667386e+01	3.492448e+00	4.009105e-03	758866.000000	0.000000e+00
1.669842e+01	3.493380e+00	4.038436e-03	748282.000000	0.000000e+00
1.672293e+01	3.498328e+00	4.064407e-03	740844.000000	0.000000e+00
1.674748e+01	3.517962e+00	4.100813e-03	735940.000000	0.000000e+00
1.677204e+01	3.519373e+00	4.130856e-03	725856.000000	0.000000e+00
1.679655e+01	3.518560e+00	4.150579e-03	718642.000000	0.000000e+00
1.682107e+01	3.529078e+00	4.183587e-03	711582.000000	0.000000e+00
1.684563e+01	3.532583e+00	4.207931e-03	704770.000000	0.000000e+00
1.687018e+01	3.531346e+00	4.230204e-03	696880.000000	0.000000e+00
1.689472e+01	3.540998e+00	4.269381e-03	687894.000000	0.000000e+00
1.691924e+01	3.553393e+00	4.303499e-03	681778.000000	0.000000e+00
1.694378e+01	3.550957e+00	4.330081e-03	672510.000000	0.000000e+00
1.696830e+01	3.562022e+00	4.365229e-03	665854.000000	0.000000e+00
1.699283e+01	3.567167e+00	4.398831e-03	657616.000000	0.000000e+00
1.701740e+01	3.563149e+00	4.413503e-03	651780.000000	0.000000e+00
1.704195e+01	3.577661e+00	4.464987e-03	642034.000000	0.000000e+00
1.706646e+01	3.579049e+00	4.498352e-03	633036.000000	0.000000e+00
1.709097e+01	3.592867e+00	4.534786e-03	627724.000000	0.000000e+00
1.711553e+01	3.592768e+00	4.565634e-03	619236.000000	0.000000e+00
1.714008e+01	3.597016e+00	4.602453e-03	610810.000000	0.000000e+00
1.716463e+01	3.610774e+00	4.643100e-03	604762.000000	0.000000e+00
1.718918e+01	3.607974e+00	4.682310e-03	593754.000000	0.000000e+00
1.721369e+01	3.623870e+00	4.726891e-03	587752.000000	0.000000e+00
1.723823e+01	3.619249e+00	4.757248e-03	578796.000000	0.000000e+00
1.726278e+01	3.626574e+00	4.795403e-03	571930.000000	0.000000e+00
1.728731e+01	3.619744e+00	4.824370e-03	562956.000000	0.000000e+00
1.731188e+01	3.628444e+00	4.865466e-03	556150.000000	0.000000e+00
1.733641e+01	3.640568e+00	4.925383e-03	546334.000000	0.000000e+00
1.736091e+01	3.637633e+00	4.961256e-03	537594.000000	0.000000e+00
1.738543e+01	3.651285e+00	5.004296e-03	532360.000000	0.000000e+00
1.741000e+01	3.655446e+00	5.059530e-03	521988.000000	0.000000e+00
1.743456e+01	3.659133e+00	5.094447e-03	515896.000000	0.000000e+00
1.745909e+01	3.647663e+00	5.131379e-03	505314.000000	0.000000e+00
1.748363e+01	3.644556e+00	5.161111e-03	498658.000000	0.000000e+00
1.750818e+01	3.654016e+00	5.219671e-03	490066.000000	0.000000e+00
1.753269e+01	3.649953e+00	5.268418e-03	479970.000000	0.000000e+00
1.755722e+01	3.660006e+00	5.313650e-03	474436.000000	0.000000e+00
1.758176e+01	3.633068e+00	5.333643e-03	463980.000000	0.000000e+00
1.760629e+01	3.655853e+00	5.409203e-03	456784.000000	0.000000e+00
1.763083e+01	3.646491e+00	5.445764e-03	448366.000000	0.000000e+00
1.765539e+01	3.655226e+00	5.511074e-03	439902.000000	0.000000e+00
1.767993e+01	3.637213e+00	5.539244e-03	431158.000000	0.000000e+00
1.770446e+01	3.627881e+00	5.579521e-03	422778.000000	0.000000e+00
1.772897e+01	3.618754e+00	5.627004e-03	413584.000000	0.000000e+00
1.775351e+01	3.604447e+00	5.653466e-03	406488.000000	0.000000e+00
1.777808e+01	3.595205e+00	5.700541e-03	397754.500000	0.000000e+00
1.780261e+01	3.595453e+00	5.763624e-03	389149.000000	0.000000e+00
1.782713e+01	3.578945e+00	5.789105e-03	382197.000000	0.000000e+00
1.785169e+01	3.588706e+00	5.855431e-03	375628.000000	0.000000e+00
1.787623e+01	3.573854e+00	5.893310e-03	367752.000000	0.000000e+00
1.790076e+01	3.577538e+00	5.946743e-03	361918.000000	0.000000e+00
1.792530e+01	3.568412e+00	5.987959e-03	355134.000000	0.000000e+00
1.794985e+01	3.563297e+00	6.034573e-03	348667.000000	0.000000e+00
1.797440e+01	3.571504e+00	6.098633e-03	342955.000000	0.000000e+00
1.799891e+01	3.572038e+00	6.164883e-03	335724.000000	0.000000e+00
1.802344e+01	3.557953e+00	6.183902e-03	331036.000000	0.000000e+00
1.804802e+01	3.561139e+00	6.242542e-03	325428.000000	0.000000e+00
1.807255e+01	3.572846e+00	6.333271e-03	318253.000000	0.000000e+00
1.809707e+01	3.573606e+00	6.376997e-03	314037.000000	0.000000e+00
1.812164e+01	3.564744e+00	6.421669e-03	308149.000000	0.000000e+00
1.814617e+01	3.567926e+00	6.489746e-03	302257.000000	0.000000e+00
1.817068e+01	3.569142e+00	6.547870e-03	297117.000000	0.000000e+00
1.819523e+01	3.562608e+00	6.585632e-03	292645.000000	0.000000e+00
1.821979e+01	3.576771e+00	6.675985e-03	287046.000000	0.000000e+00
1.824431e+01	3.568571e+00	6.728018e-03	281329.000000	0.000000e+00
1.826883e+01	3.561623e+00	6.763450e-03	277306.000000	0.000000e+00
1.829337e+01	3.573603e+00	6.849529e-03	272202.000000	0.000000e+00
1.831793e+01	3.573182e+00	6.905838e-03	267718.000000	0.000000e+00
1.834250e+01	3.580535e+00	6.982148e-03	262977.000000	0.000000e+00
1.836701e+01	3.591675e+00	7.083869e-03	257071.000000	0.000000e+00
1.839152e+01	3.567975e+00	7.083080e-03	253746.000000	0.000000e+00
1.841609e+01	3.575111e+00	7.160972e-03	249250.000000	0.000000e+00
1.844064e+01	3.576746e+00	7.238330e-03	244174.000000	0.000000e+00
1.846515e+01	3.596368e+00	7.339680e-03	240090.000000	0.000000e+00
1.848971e+01	3.572353e+00	7.353587e-03	235999.000000	0.000000e+00
1.851428e+01	3.598672e+00	7.474784e-03	231786.000000	0.000000e+00
1.853881e+01	3.599087e+00	7.553060e-03	227059.000000	0.000000e+00
1.856328e+01	3.593097e+00	7.619439e-03	222378.000000	0.000000e+00
1.858784e+01	3.596440e+00	7.664240e-03	220195.000000	0.000000e+00
1.861244e+01	3.615606e+00	7.797580e-03	215002.000000	0.000000e+00
1.863693e+01	3.605892e+00	7.858661e-03	210537.000000	0.000000e+00
1.866143e+01	3.628356e+00	7.969675e-03	207271.000000	0.000000e+00
1.868601e+01	3.643364e+00	8.069095e-03	203871.000000	0.000000e+00
1.871055e+01	3.635356e+00	8.144025e-03	199258.000000	0.000000e+00
1.873503e+01	3.636218e+00	8.227433e-03	195331.000000	0.000000e+00
1.875958e+01	3.642875e+00	8.293431e-03	192939.000000	0.000000e+00
1.878417e+01	3.667871e+00	8.450440e-03	188395.000000	0.000000e+00
1.880870e+01	3.665431e+00	8.522345e-03	184983.000000	0.000000e+00
1.883322e+01	3.677334e+00	8.638358e-03	181219.000000	0.000000e+00
1.885775e+01	3.683314e+00	8.733261e-03	177879.000000	0.000000e+00
1.888231e+01	3.707583e+00	8.872177e-03	174631.000000	0.000000e+00
1.890684e+01	3.713635e+00	8.983166e-03	170899.000000	0.000000e+00
1.893134e+01	3.681952e+00	8.997756e-03	167451.000000	0.000000e+00
1.895590e+01	3.720059e+00	9.161622e-03	164875.000000	0.000000e+00
1.898046e+01	3.724877e+00	9.287181e-03	160863.000000	0.000000e+00
1.900495e+01	3.754983e+00	9.458667e-03	157600.000000	0.000000e+00
1.902946e+01	3.752949e+00	9.537086e-03	154851.000000	0.000000e+00
1.905406e+01	3.771248e+00	9.669263e-03	152119.000000	0.000000e+00
1.907863e+01	3.762691e+00	9.767097e-03	148411.000000	0.000000e+00
1.910311e+01	3.779670e+00	9.927886e-03	144942.000000	0.000000e+00
1.912765e+01	3.781883e+00	1.000012e-02	143023.000000	0.000000e+00
1.915226e+01	3.797523e+00	1.016169e-02	139659.000000	0.000000e+00
1.917678e+01	3.803812e+00	1.030544e-02	136240.000000	0.000000e+00
1.920124e+01	3.807604e+00	1.042421e-02	133419.000000	0.000000e+00
1.922581e+01	3.833302e+00	1.057508e-02	131395.000000	0.000000e+00
1.925040e+01	3.813047e+00	1.066096e-02	127924.000000	0.000000e+00
1.927489e+01	3.833775e+00	1.084273e-02	125019.000000	0.000000e+00
1.929941e+01	3.841897e+00	1.096558e-02	122752.000000	0.000000e+00
1.932402e+01	3.870979e+00	1.115936e-02	120327.000000	0.000000e+00
1.934855e+01	3.857294e+00	1.129294e-02	116668.000000	0.000000e+00
1.937298e+01	3.877983e+00	1.147438e-02	114223.000000	0.000000e+00
1.939755e+01	3.878716e+00	1.154917e-02	112791.000000	0.000000e+00
1.942217e+01	3.902296e+00	1.180283e-02	109312.000000	0.000000e+00
1.944667e+01	3.912238e+00	1.196453e-02	106920.000000	0.000000e+00
1.947113e+01	3.918631e+00	1.215087e-02	104005.000000	0.000000e+00
1.949570e+01	3.949502e+00	1.231792e-02	102804.000000	0.000000e+00
1.952032e+01	3.957852e+00	1.253898e-02	99631.000000	0.000000e+00
1.954482e+01	3.974022e+00	1.275272e-02	97108.000000	0.000000e+00
1.956930e+01	4.010272e+00	1.301550e-02	94935.000000	0.000000e+00
1.959391e+01	4.021639e+00	1.317699e-02	93148.000000	0.000000e+00
1.961850e+01	4.028398e+00	1.340211e-02	90348.000000	0.000000e+00
1.964294e+01	4.080018e+00	1.377701e-02	87703.000000	0.000000e+00
1.966740e+01	4.059283e+00	1.383593e-02	86076.000000	0.000000e+00
1.969204e+01	4.091440e+00	1.408332e-02	84400.000000	0.000000e+00
1.971660e+01	4.123768e+00	1.445993e-02	81331.000000	0.000000e+00
1.974103e+01	4.126172e+00	1.463844e-02	79452.000000	0.000000e+00
1.976563e+01	4.144980e+00	1.482621e-02	78160.000000	0.000000e+00
1.979032e+01	4.145172e+00	1.506091e-02	75750.000000	0.000000e+00
1.981482e+01	4.187984e+00	1.548484e-02	73147.000000	0.000000e+00
1.983914e+01	4.186514e+00	1.573255e-02	70812.000000	0.000000e+00
1.986374e+01	4.238947e+00	1.594942e-02	70636.000000	0.000000e+00
1.988844e+01	4.303828e+00	1.655613e-02	67576.000000	0.000000e+00
1.991292e+01	4.278179e+00	1.668734e-02	65727.000000	0.000000e+00
1.993736e+01	4.281029e+00	1.695727e-02	63736.000000	0.000000e+00
1.996197e+01	4.326501e+00	1.728004e-02	62688.000000	0.000000e+00
1.998658e+01	4.334310e+00	1.765888e-02	60244.000000	0.000000e+00
2.001095e+01	4.389236e+00	1.821401e-02	58072.000000	0.000000e+00
2.003547e+01	4.389058e+00	1.831208e-02	57447.000000	0.000000e+00
2.006019e+01	4.454246e+00	1.892599e-02	55390.000000	0.000000e+00
2.008472e+01	4.466573e+00	1.933527e-02	53364.000000	0.000000e+00
2.010903e+01	4.497228e+00	1.986194e-02	51268.000000	0.000000e+00
2.013363e+01	4.510851e+00	1.994624e-02	51144.000000	0.000000e+00
2.015842e+01	4.594072e+00	2.080236e-02	48772.000000	0.000000e+00
2.018288e+01	4.572485e+00	2.113000e-02	46828.000000	0.000000e+00
2.020721e+01	4.634868e+00	2.175922e-02	45372.000000	0.000000e+00
2.023181e+01	4.643494e+00	2.200263e-02	44539.000000	0.000000e+00
2.025650e+01	4.657320e+00	2.253308e-02	42720.000000	0.000000e+00
2.028095e+01	4.720973e+00	2.333344e-02	40936.000000	0.000000e+00
2.030542e+01	4.772651e+00	2.386982e-02	39978.000000	0.000000e+00
2.033011e+01	4.718511e+00	2.401410e-02	38608.000000	0.000000e+00
2.035466e+01	4.810235e+00	2.504380e-02	36892.000000	0.000000e+00
2.037892e+01	4.839579e+00	2.579211e-02	35208.000000	0.000000e+00
2.040348e+01	4.866323e+00	2.600416e-02	35020.000000	0.000000e+00
2.042837e+01	4.885255e+00	2.674214e-02	33372.000000	0.000000e+00
2.045281e+01	4.975136e+00	2.806738e-02	31420.000000	0.000000e+00
2.047697e+01	4.958057e+00	2.846076e-02	30348.000000	0.000000e+00
2.050165e+01	5.029787e+00	2.902015e-02	30040.000000	0.000000e+00
2.052659e+01	5.099221e+00	3.019035e-02	28528.000000	0.000000e+00
2.055100e+01	5.157282e+00	3.160826e-02	26622.000000	0.000000e+00
2.057510e+01	5.139557e+00	3.200990e-02	25780.000000	0.000000e+00
2.059985e+01	5.241856e+00	3.285672e-02	25452.000000	0.000000e+00
2.062477e+01	5.246014e+00	3.387699e-02	23980.000000	0.000000e+00
2.064904e+01	5.318426e+00	3.569172e-02	22204.000000	0.000000e+00
2.067328e+01	5.322667e+00	3.594756e-02	21924.000000	0.000000e+00
2.069813e+01	5.430750e+00	3.742942e-02	21052.000000	0.000000e+00
2.072282e+01	5.459744e+00	3.887145e-02	19728.000000	0.000000e+00
2.074689e+01	5.472623e+00	4.043712e-02	18316.000000	0.000000e+00
2.077148e+01	5.506721e+00	4.046217e-02	18522.000000	0.000000e+00
2.079650e+01	5.611405e+00	4.296680e-02	17056.000000	0.000000e+00
2.082086e+01	5.711014e+00	4.528986e-02	15901.000000	0.000000e+00
2.084494e+01	5.685137e+00	4.621604e-02	15132.000000	0.000000e+00
2.086988e+01	5.681356e+00	4.636336e-02	15016.000000	0.000000e+00
2.089484e+01	5.778366e+00	4.962211e-02	13560.000000	0.000000e+00
2.091874e+01	5.799052e+00	5.200159e-02	12436.000000	0.000000e+00
2.094286e+01	5.802945e+00	5.229789e-02	12312.000000	0.000000e+00
2.096835e+01	5.976556e+00	5.452191e-02	12016.000000	0.000000e+00
2.099333e+01	6.003371e+00	5.882831e-02	10414.000000	0.000000e+00
2.101635e+01	6.031630e+00	6.262595e-02	9276.000000	0.000000e+00
2.104066e+01	6.076780e+00	6.088665e-02	9961.000000	0.000000e+00
2.106684e+01	6.157983e+00	6.410394e-02	9228.000000	0.000000e+00
2.109169e+01	6.271544e+00	7.132283e-02	7732.000000	0.000000e+00
2.111385e+01	6.305806e+00	7.671774e-02	6756.000000	0.000000e+00
2.113864e+01	6.385156e+00	7.250243e-02	7756.000000	0.000000e+00
2.116547e+01	6.462480e+00	7.825408e-02	6820.000000	0.000000e+00
2.118998e+01	6.456055e+00	8.819945e-02	5358.000000	0.000000e+00
2.121167e+01	6.633016e+00	9.387074e-02	4993.000000	0.000000e+00
2.123701e+01	6.680441e+00	8.991572e-02	5520.000000	0.000000e+00
2.126409e+01	6.759117e+00	9.764085e-02	4792.000000	0.000000e+00
2.128812e+01	6.655352e+00	1.135388e-01	3436.000000	0.000000e+00
2.130920e+01	6.969825e+00	1.181496e-01	3480.000000	0.000000e+00
2.133536e+01	6.911982e+00	1.133112e-01	3721.000000	0.000000e+00
2.136298e+01	6.808214e+00	1.216529e-01	3132.000000	0.000000e+00
2.138535e+01	7.065821e+00	1.677590e-01	1774.000000	0.000000e+00
2.140616e+01	7.261795e+00	1.478616e-01	2412.000000	0.000000e+00
2.143360e+01	7.244193e+00	1.540272e-01	2212.000000	0.000000e+00
2.146162e+01	7.333991e+00	1.711141e-01	1837.000000	0.000000e+00
2.148292e+01	7.427090e+00	2.600002e-01	816.000000	0.000000e+00
2.150387e+01	7.058449e+00	1.905602e-01	1372.000000	0.000000e+00
2.153200e+01	7.556998e+00	2.286852e-01	1092.000000	0.000000e+00
2.156014e+01	7.530382e+00	2.592065e-01	844.000000	0.000000e+00
2.158178e+01	7.892105e+00	4.286403e-01	339.000000	0.000000e+00
2.160234e+01	7.347262e+00	3.185442e-01	532.000000	0.000000e+00
2.163046e+01	8.042675e+00	4.215507e-01	364.000000	0.000000e+00
2.165853e+01	8.054939e+00	5.334514e-01	228.000000	0.000000e+00
2.168066e+01	9.664870e+00	1.131188e+00	73.000000	0.000000e+00
2.170037e+01	8.433316e+00	9.201502e-01	84.000000	0.000000e+00
2.172766e+01	6.428443e+00	1.214862e+00	28.000000	0.000000e+00
2.175143e+01	1.836353e+01	1.060219e+01	3.000000	0.000000e+00
