# [<k> (h/Mpc)]	[<P_0(k)> (Mpc/h)^3]	[ErrorBar (Mpc/h)^3]	nModes	[<P_2(k)> (Mpc/h)^3]
3.476422e-02	2.462286e+04	6.829153e+03	13.000000	0.000000e+00
5.890282e-02	1.016732e+04	1.769902e+03	33.000000	0.000000e+00
8.378087e-02	8.838330e+03	9.943898e+02	79.000000	0.000000e+00
1.087368e-01	4.766185e+03	4.406340e+02	117.000000	0.000000e+00
1.341836e-01	3.546622e+03	2.477068e+02	205.000000	0.000000e+00
1.581206e-01	2.886577e+03	1.882995e+02	235.000000	0.000000e+00
1.826843e-01	2.639691e+03	1.374168e+02	369.000000	0.000000e+00
2.073525e-01	2.185647e+03	1.050355e+02	433.000000	0.000000e+00
2.322407e-01	1.936467e+03	8.006307e+01	585.000000	0.000000e+00
2.568838e-01	1.615700e+03	6.200487e+01	679.000000	0.000000e+00
2.811185e-01	1.430042e+03	5.015378e+01	813.000000	0.000000e+00
3.057758e-01	1.257509e+03	4.006758e+01	985.000000	0.000000e+00
3.308750e-01	1.183548e+03	3.441070e+01	1183.000000	0.000000e+00
3.553459e-01	1.039755e+03	2.918771e+01	1269.000000	0.000000e+00
3.797184e-01	9.965195e+02	2.541844e+01	1537.000000	0.000000e+00
4.042043e-01	9.050633e+02	2.226089e+01	1653.000000	0.000000e+00
4.287408e-01	8.324906e+02	1.878967e+01	1963.000000	0.000000e+00
4.533372e-01	8.201672e+02	1.780869e+01	2121.000000	0.000000e+00
4.779960e-01	7.774488e+02	1.582680e+01	2413.000000	0.000000e+00
5.026630e-01	7.431878e+02	1.447799e+01	2635.000000	0.000000e+00
5.271488e-01	6.989093e+02	1.303020e+01	2877.000000	0.000000e+00
5.515428e-01	6.665661e+02	1.184083e+01	3169.000000	0.000000e+00
5.762241e-01	6.233179e+02	1.052548e+01	3507.000000	0.000000e+00
6.007286e-01	6.203189e+02	1.021872e+01	3685.000000	0.000000e+00
6.252569e-01	5.822394e+02	9.021818e+00	4165.000000	0.000000e+00
6.499966e-01	5.644617e+02	8.531908e+00	4377.000000	0.000000e+00
6.746858e-01	5.688758e+02	8.164373e+00	4855.000000	0.000000e+00
6.991271e-01	5.289678e+02	7.534421e+00	4929.000000	0.000000e+00
7.235757e-01	5.113208e+02	6.844432e+00	5581.000000	0.000000e+00
7.479714e-01	5.120659e+02	6.795007e+00	5679.000000	0.000000e+00
7.726133e-01	4.874415e+02	6.100172e+00	6385.000000	0.000000e+00
7.972413e-01	4.753571e+02	5.872187e+00	6553.000000	0.000000e+00
8.218513e-01	4.594482e+02	5.443073e+00	7125.000000	0.000000e+00
8.464491e-01	4.605156e+02	5.336466e+00	7447.000000	0.000000e+00
8.709767e-01	4.422166e+02	4.966219e+00	7929.000000	0.000000e+00
8.955547e-01	4.321184e+02	4.728044e+00	8353.000000	0.000000e+00
9.199772e-01	4.107437e+02	4.384776e+00	8775.000000	0.000000e+00
9.444963e-01	4.030961e+02	4.176994e+00	9313.000000	0.000000e+00
9.690846e-01	3.857247e+02	3.888283e+00	9841.000000	0.000000e+00
9.935517e-01	3.852090e+02	3.815821e+00	10191.000000	0.000000e+00
1.018099e+00	3.698969e+02	3.543457e+00	10897.000000	0.000000e+00
1.042679e+00	3.666778e+02	3.449262e+00	11301.000000	0.000000e+00
1.067353e+00	3.545640e+02	3.233346e+00	12025.000000	0.000000e+00
1.092004e+00	3.447115e+02	3.092734e+00	12423.000000	0.000000e+00
1.116549e+00	3.414372e+02	2.992187e+00	13021.000000	0.000000e+00
1.140967e+00	3.313093e+02	2.861543e+00	13405.000000	0.000000e+00
1.165410e+00	3.259645e+02	2.730918e+00	14247.000000	0.000000e+00
1.189942e+00	3.174910e+02	2.622818e+00	14653.000000	0.000000e+00
1.214340e+00	3.097686e+02	2.501634e+00	15333.000000	0.000000e+00
1.238824e+00	3.037179e+02	2.404936e+00	15949.000000	0.000000e+00
1.263616e+00	3.005133e+02	2.300843e+00	17059.000000	0.000000e+00
1.288278e+00	2.933656e+02	2.243620e+00	17097.000000	0.000000e+00
1.312698e+00	2.865914e+02	2.138206e+00	17965.000000	0.000000e+00
1.337129e+00	2.745640e+02	2.016946e+00	18531.000000	0.000000e+00
1.361846e+00	2.765345e+02	1.971779e+00	19669.000000	0.000000e+00
1.386459e+00	2.655166e+02	1.882529e+00	19893.000000	0.000000e+00
1.410760e+00	2.642067e+02	1.845975e+00	20485.000000	0.000000e+00
1.435294e+00	2.601982e+02	1.764268e+00	21751.000000	0.000000e+00
1.459966e+00	2.519323e+02	1.690516e+00	22209.000000	0.000000e+00
1.484553e+00	2.480581e+02	1.634191e+00	23041.000000	0.000000e+00
1.509059e+00	2.453755e+02	1.594188e+00	23691.000000	0.000000e+00
1.533565e+00	2.401994e+02	1.535926e+00	24457.000000	0.000000e+00
1.558284e+00	2.334138e+02	1.453255e+00	25797.000000	0.000000e+00
1.582818e+00	2.316433e+02	1.447008e+00	25627.000000	0.000000e+00
1.607259e+00	2.269786e+02	1.375830e+00	27217.000000	0.000000e+00
1.631809e+00	2.216519e+02	1.335422e+00	27549.000000	0.000000e+00
1.656366e+00	2.163310e+02	1.274455e+00	28813.000000	0.000000e+00
1.680925e+00	2.167706e+02	1.265200e+00	29355.000000	0.000000e+00
1.705257e+00	2.078635e+02	1.201764e+00	29917.000000	0.000000e+00
1.729806e+00	2.071594e+02	1.164387e+00	31653.000000	0.000000e+00
1.754462e+00	2.039981e+02	1.141258e+00	31951.000000	0.000000e+00
1.778992e+00	1.968267e+02	1.082495e+00	33061.000000	0.000000e+00
1.803411e+00	1.947231e+02	1.062349e+00	33597.000000	0.000000e+00
1.827963e+00	1.896806e+02	1.011044e+00	35197.000000	0.000000e+00
1.852647e+00	1.877725e+02	9.920898e-01	35823.000000	0.000000e+00
1.877249e+00	1.841993e+02	9.582672e-01	36949.000000	0.000000e+00
1.901733e+00	1.793513e+02	9.285338e-01	37309.000000	0.000000e+00
1.926241e+00	1.772162e+02	8.965074e-01	39075.000000	0.000000e+00
1.950830e+00	1.741648e+02	8.777302e-01	39373.000000	0.000000e+00
1.975308e+00	1.714870e+02	8.486438e-01	40833.000000	0.000000e+00
1.999729e+00	1.692814e+02	8.339590e-01	41203.000000	0.000000e+00
2.024419e+00	1.640693e+02	7.849488e-01	43689.000000	0.000000e+00
2.049126e+00	1.627010e+02	7.799751e-01	43513.000000	0.000000e+00
2.073508e+00	1.596377e+02	7.572915e-01	44437.000000	0.000000e+00
2.097846e+00	1.568014e+02	7.338797e-01	45651.000000	0.000000e+00
2.122473e+00	1.537493e+02	7.055615e-01	47485.000000	0.000000e+00
2.147106e+00	1.512351e+02	6.905712e-01	47961.000000	0.000000e+00
2.171601e+00	1.486726e+02	6.706291e-01	49147.000000	0.000000e+00
2.196158e+00	1.469144e+02	6.548961e-01	50325.000000	0.000000e+00
2.220735e+00	1.442121e+02	6.345571e-01	51649.000000	0.000000e+00
2.245251e+00	1.427449e+02	6.250589e-01	52153.000000	0.000000e+00
2.269729e+00	1.401974e+02	6.036322e-01	53943.000000	0.000000e+00
2.294271e+00	1.366586e+02	5.843262e-01	54697.000000	0.000000e+00
2.318928e+00	1.351031e+02	5.671548e-01	56745.000000	0.000000e+00
2.343538e+00	1.330158e+02	5.571078e-01	57007.000000	0.000000e+00
2.368026e+00	1.298307e+02	5.369628e-01	58461.000000	0.000000e+00
2.392423e+00	1.287051e+02	5.296866e-01	59041.000000	0.000000e+00
2.416863e+00	1.265213e+02	5.122069e-01	61015.000000	0.000000e+00
2.441509e+00	1.244573e+02	4.972845e-01	62637.000000	0.000000e+00
2.466080e+00	1.230611e+02	4.896310e-01	63169.000000	0.000000e+00
2.490575e+00	1.206662e+02	4.747366e-01	64605.000000	0.000000e+00
2.515186e+00	1.182587e+02	4.586325e-01	66487.000000	0.000000e+00
2.539777e+00	1.162193e+02	4.488837e-01	67033.000000	0.000000e+00
2.564215e+00	1.150878e+02	4.405615e-01	68241.000000	0.000000e+00
2.588707e+00	1.123448e+02	4.246507e-01	69991.000000	0.000000e+00
2.613337e+00	1.109914e+02	4.150696e-01	71505.000000	0.000000e+00
2.637925e+00	1.092405e+02	4.051254e-01	72709.000000	0.000000e+00
2.662420e+00	1.073931e+02	3.961981e-01	73473.000000	0.000000e+00
2.686963e+00	1.068317e+02	3.881251e-01	75763.000000	0.000000e+00
2.711515e+00	1.040741e+02	3.768699e-01	76261.000000	0.000000e+00
2.735982e+00	1.027167e+02	3.678200e-01	77985.000000	0.000000e+00
2.760573e+00	1.013037e+02	3.581379e-01	80011.000000	0.000000e+00
2.785237e+00	9.933670e+01	3.490142e-01	81009.000000	0.000000e+00
2.809671e+00	9.799442e+01	3.430470e-01	81601.000000	0.000000e+00
2.834151e+00	9.661498e+01	3.331927e-01	84081.000000	0.000000e+00
2.858722e+00	9.581156e+01	3.283240e-01	85159.000000	0.000000e+00
2.883250e+00	9.355899e+01	3.178071e-01	86665.000000	0.000000e+00
2.907819e+00	9.225863e+01	3.104029e-01	88341.000000	0.000000e+00
2.932335e+00	9.099060e+01	3.041837e-01	89479.000000	0.000000e+00
2.956914e+00	8.967093e+01	2.964089e-01	91521.000000	0.000000e+00
2.981449e+00	8.887618e+01	2.923416e-01	92425.000000	0.000000e+00
3.005876e+00	8.759582e+01	2.863480e-01	93579.000000	0.000000e+00
3.030403e+00	8.651584e+01	2.787920e-01	96301.000000	0.000000e+00
3.055041e+00	8.537618e+01	2.732027e-01	97657.000000	0.000000e+00
3.079692e+00	8.417717e+01	2.670032e-01	99393.000000	0.000000e+00
3.104241e+00	8.308802e+01	2.624916e-01	100195.000000	0.000000e+00
3.128710e+00	8.209584e+01	2.574195e-01	101709.000000	0.000000e+00
3.153123e+00	8.069416e+01	2.514081e-01	103021.000000	0.000000e+00
3.177619e+00	7.979178e+01	2.455341e-01	105607.000000	0.000000e+00
3.202185e+00	7.801963e+01	2.387261e-01	106809.000000	0.000000e+00
3.226708e+00	7.810424e+01	2.369920e-01	108613.000000	0.000000e+00
3.251321e+00	7.667157e+01	2.303572e-01	110781.000000	0.000000e+00
3.275882e+00	7.531736e+01	2.254132e-01	111643.000000	0.000000e+00
3.300393e+00	7.456585e+01	2.211741e-01	113661.000000	0.000000e+00
3.324955e+00	7.363863e+01	2.169025e-01	115261.000000	0.000000e+00
3.349528e+00	7.260851e+01	2.118433e-01	117475.000000	0.000000e+00
3.374087e+00	7.165327e+01	2.082478e-01	118389.000000	0.000000e+00
3.398541e+00	7.098058e+01	2.048922e-01	120013.000000	0.000000e+00
3.423011e+00	7.012806e+01	2.008592e-01	121899.000000	0.000000e+00
3.447546e+00	6.868276e+01	1.949540e-01	124117.000000	0.000000e+00
3.472176e+00	6.835177e+01	1.920501e-01	126669.000000	0.000000e+00
3.496772e+00	6.750505e+01	1.894528e-01	126961.000000	0.000000e+00
3.521302e+00	6.633135e+01	1.840444e-01	129895.000000	0.000000e+00
3.545845e+00	6.589692e+01	1.824420e-01	130461.000000	0.000000e+00
3.570351e+00	6.465385e+01	1.770701e-01	133321.000000	0.000000e+00
3.594817e+00	6.445476e+01	1.763252e-01	133623.000000	0.000000e+00
3.619340e+00	6.339401e+01	1.710150e-01	137413.000000	0.000000e+00
3.643921e+00	6.251108e+01	1.681274e-01	138241.000000	0.000000e+00
3.668501e+00	6.175036e+01	1.644713e-01	140961.000000	0.000000e+00
3.693083e+00	6.098309e+01	1.616872e-01	142255.000000	0.000000e+00
3.717636e+00	6.053966e+01	1.594447e-01	144165.000000	0.000000e+00
3.742123e+00	5.930182e+01	1.555364e-01	145369.000000	0.000000e+00
3.766623e+00	5.873513e+01	1.525763e-01	148191.000000	0.000000e+00
3.791211e+00	5.843644e+01	1.507853e-01	150193.000000	0.000000e+00
3.815740e+00	5.784289e+01	1.486198e-01	151477.000000	0.000000e+00
3.840250e+00	5.696411e+01	1.452717e-01	153759.000000	0.000000e+00
3.864816e+00	5.599244e+01	1.417094e-01	156121.000000	0.000000e+00
3.889416e+00	5.572384e+01	1.400870e-01	158229.000000	0.000000e+00
3.913984e+00	5.479791e+01	1.371608e-01	159613.000000	0.000000e+00
3.938439e+00	5.410115e+01	1.348946e-01	160851.000000	0.000000e+00
3.962856e+00	5.374507e+01	1.331413e-01	162949.000000	0.000000e+00
3.987408e+00	5.304453e+01	1.298563e-01	166861.000000	0.000000e+00
4.011951e+00	5.244360e+01	1.283522e-01	166947.000000	0.000000e+00
4.036502e+00	5.186971e+01	1.255043e-01	170809.000000	0.000000e+00
4.061101e+00	5.104417e+01	1.230637e-01	172041.000000	0.000000e+00
4.085632e+00	5.071252e+01	1.216407e-01	173809.000000	0.000000e+00
4.110226e+00	4.999485e+01	1.187078e-01	177375.000000	0.000000e+00
4.134760e+00	4.973775e+01	1.182300e-01	176977.000000	0.000000e+00
4.159247e+00	4.917203e+01	1.156336e-01	180829.000000	0.000000e+00
4.183807e+00	4.854985e+01	1.136208e-01	182583.000000	0.000000e+00
4.208321e+00	4.797488e+01	1.118101e-01	184105.000000	0.000000e+00
4.232839e+00	4.758271e+01	1.099483e-01	187293.000000	0.000000e+00
4.257376e+00	4.707372e+01	1.084726e-01	188329.000000	0.000000e+00
4.281944e+00	4.648810e+01	1.059697e-01	192451.000000	0.000000e+00
4.306505e+00	4.608872e+01	1.050228e-01	192585.000000	0.000000e+00
4.331033e+00	4.546056e+01	1.026543e-01	196117.000000	0.000000e+00
4.355617e+00	4.504202e+01	1.011715e-01	198207.000000	0.000000e+00
4.380161e+00	4.460347e+01	9.983702e-02	199597.000000	0.000000e+00
4.404676e+00	4.422141e+01	9.825597e-02	202557.000000	0.000000e+00
4.429249e+00	4.372605e+01	9.661074e-02	204847.000000	0.000000e+00
4.453772e+00	4.336797e+01	9.547208e-02	206341.000000	0.000000e+00
4.478282e+00	4.268344e+01	9.331704e-02	209217.000000	0.000000e+00
4.502777e+00	4.233105e+01	9.226306e-02	210505.000000	0.000000e+00
4.527289e+00	4.186831e+01	9.044309e-02	214299.000000	0.000000e+00
4.551889e+00	4.157294e+01	8.933397e-02	216565.000000	0.000000e+00
4.576426e+00	4.106689e+01	8.799175e-02	217821.000000	0.000000e+00
4.600893e+00	4.049424e+01	8.630753e-02	220135.000000	0.000000e+00
4.625467e+00	4.025703e+01	8.500065e-02	224305.000000	0.000000e+00
4.650035e+00	3.985362e+01	8.403506e-02	224913.000000	0.000000e+00
4.674541e+00	3.923201e+01	8.220983e-02	227737.000000	0.000000e+00
4.699104e+00	3.891638e+01	8.099937e-02	230835.000000	0.000000e+00
4.723670e+00	3.861681e+01	8.003987e-02	232777.000000	0.000000e+00
4.748182e+00	3.840804e+01	7.933429e-02	234381.000000	0.000000e+00
4.772682e+00	3.781350e+01	7.756636e-02	237655.000000	0.000000e+00
4.797203e+00	3.751596e+01	7.668833e-02	239317.000000	0.000000e+00
4.821755e+00	3.709802e+01	7.517410e-02	243537.000000	0.000000e+00
4.846361e+00	3.671506e+01	7.414129e-02	245227.000000	0.000000e+00
4.870915e+00	3.640219e+01	7.320533e-02	247269.000000	0.000000e+00
4.895426e+00	3.604919e+01	7.215252e-02	249625.000000	0.000000e+00
4.919952e+00	3.558127e+01	7.083225e-02	252337.000000	0.000000e+00
4.944496e+00	3.547256e+01	7.019949e-02	255339.000000	0.000000e+00
4.969013e+00	3.517625e+01	6.946011e-02	256465.000000	0.000000e+00
4.993562e+00	3.480105e+01	6.808400e-02	261273.000000	0.000000e+00
5.018138e+00	3.440441e+01	6.718036e-02	262267.000000	0.000000e+00
5.042642e+00	3.417364e+01	6.642473e-02	264681.000000	0.000000e+00
5.067215e+00	3.371156e+01	6.498766e-02	269089.000000	0.000000e+00
5.091775e+00	3.336619e+01	6.429033e-02	269353.000000	0.000000e+00
5.116309e+00	3.297902e+01	6.299916e-02	274035.000000	0.000000e+00
5.140838e+00	3.290349e+01	6.282760e-02	274273.000000	0.000000e+00
5.165333e+00	3.242343e+01	6.143743e-02	278517.000000	0.000000e+00
5.189818e+00	3.212593e+01	6.077321e-02	279439.000000	0.000000e+00
5.214351e+00	3.182628e+01	5.964152e-02	284757.000000	0.000000e+00
5.238947e+00	3.145309e+01	5.877235e-02	286405.000000	0.000000e+00
5.263479e+00	3.133846e+01	5.834281e-02	288523.000000	0.000000e+00
5.288002e+00	3.106397e+01	5.752026e-02	291657.000000	0.000000e+00
5.312546e+00	3.080585e+01	5.677853e-02	294373.000000	0.000000e+00
5.337121e+00	3.040434e+01	5.571281e-02	297825.000000	0.000000e+00
5.361672e+00	3.016884e+01	5.513836e-02	299371.000000	0.000000e+00
5.386196e+00	2.988814e+01	5.433192e-02	302613.000000	0.000000e+00
5.410715e+00	2.969319e+01	5.379827e-02	304633.000000	0.000000e+00
5.435244e+00	2.932730e+01	5.279898e-02	308527.000000	0.000000e+00
5.459823e+00	2.917241e+01	5.228055e-02	311361.000000	0.000000e+00
5.484389e+00	2.872395e+01	5.125184e-02	314101.000000	0.000000e+00
5.508889e+00	2.856641e+01	5.091761e-02	314757.000000	0.000000e+00
5.533464e+00	2.826008e+01	4.979140e-02	322135.000000	0.000000e+00
5.558036e+00	2.804407e+01	4.956570e-02	320125.000000	0.000000e+00
5.582484e+00	2.779793e+01	4.878654e-02	324657.000000	0.000000e+00
5.606956e+00	2.753594e+01	4.819525e-02	326431.000000	0.000000e+00
5.631560e+00	2.731096e+01	4.728443e-02	333609.000000	0.000000e+00
5.656168e+00	2.714626e+01	4.704216e-02	333001.000000	0.000000e+00
5.680698e+00	2.681491e+01	4.621166e-02	336705.000000	0.000000e+00
5.705204e+00	2.665320e+01	4.581488e-02	338443.000000	0.000000e+00
5.729704e+00	2.643627e+01	4.519311e-02	342181.000000	0.000000e+00
5.754232e+00	2.622123e+01	4.463208e-02	345153.000000	0.000000e+00
5.778772e+00	2.590135e+01	4.386790e-02	348619.000000	0.000000e+00
5.803342e+00	2.572392e+01	4.339287e-02	351429.000000	0.000000e+00
5.827902e+00	2.555982e+01	4.291625e-02	354709.000000	0.000000e+00
5.852409e+00	2.531401e+01	4.243740e-02	355815.000000	0.000000e+00
5.876957e+00	2.504234e+01	4.163806e-02	361717.000000	0.000000e+00
5.901534e+00	2.488476e+01	4.131168e-02	362845.000000	0.000000e+00
5.926030e+00	2.469659e+01	4.086795e-02	365181.000000	0.000000e+00
5.950548e+00	2.448786e+01	4.026612e-02	369847.000000	0.000000e+00
5.975137e+00	2.425557e+01	3.970667e-02	373161.000000	0.000000e+00
5.999657e+00	2.402135e+01	3.928515e-02	373885.000000	0.000000e+00
6.024161e+00	2.390910e+01	3.883748e-02	378987.000000	0.000000e+00
6.048714e+00	2.368115e+01	3.835151e-02	381277.000000	0.000000e+00
6.073267e+00	2.338422e+01	3.766376e-02	385477.000000	0.000000e+00
6.097868e+00	2.342541e+01	3.756634e-02	388845.000000	0.000000e+00
6.122369e+00	2.313994e+01	3.711952e-02	388615.000000	0.000000e+00
6.146867e+00	2.292797e+01	3.647710e-02	395085.000000	0.000000e+00
6.171452e+00	2.279100e+01	3.615429e-02	397381.000000	0.000000e+00
6.195974e+00	2.251484e+01	3.560483e-02	399871.000000	0.000000e+00
6.220444e+00	2.239070e+01	3.533692e-02	401493.000000	0.000000e+00
6.244986e+00	2.222717e+01	3.475810e-02	408937.000000	0.000000e+00
6.269588e+00	2.204630e+01	3.443931e-02	409791.000000	0.000000e+00
6.294124e+00	2.180525e+01	3.392947e-02	413017.000000	0.000000e+00
6.318633e+00	2.164908e+01	3.357511e-02	415761.000000	0.000000e+00
6.343202e+00	2.149432e+01	3.313235e-02	420865.000000	0.000000e+00
6.367770e+00	2.130334e+01	3.276402e-02	422767.000000	0.000000e+00
6.392288e+00	2.115253e+01	3.243044e-02	425421.000000	0.000000e+00
6.416837e+00	2.100854e+01	3.201819e-02	430525.000000	0.000000e+00
6.441383e+00	2.080866e+01	3.166893e-02	431739.000000	0.000000e+00
6.465913e+00	2.068075e+01	3.130126e-02	436525.000000	0.000000e+00
6.490433e+00	2.049411e+01	3.095389e-02	438357.000000	0.000000e+00
6.514946e+00	2.037586e+01	3.063499e-02	442381.000000	0.000000e+00
6.539518e+00	2.023407e+01	3.024531e-02	447559.000000	0.000000e+00
6.564059e+00	2.008893e+01	3.002226e-02	447741.000000	0.000000e+00
6.588587e+00	1.987766e+01	2.950581e-02	453853.000000	0.000000e+00
6.613110e+00	1.975189e+01	2.930048e-02	454431.000000	0.000000e+00
6.637622e+00	1.958518e+01	2.887800e-02	459961.000000	0.000000e+00
6.662172e+00	1.952594e+01	2.870317e-02	462769.000000	0.000000e+00
6.686693e+00	1.938971e+01	2.841127e-02	465759.000000	0.000000e+00
6.711227e+00	1.918128e+01	2.798006e-02	469957.000000	0.000000e+00
6.735777e+00	1.910950e+01	2.777142e-02	473481.000000	0.000000e+00
6.760323e+00	1.896082e+01	2.747527e-02	476245.000000	0.000000e+00
6.784855e+00	1.882702e+01	2.716589e-02	480303.000000	0.000000e+00
6.809427e+00	1.863916e+01	2.677606e-02	484573.000000	0.000000e+00
6.833979e+00	1.851246e+01	2.654153e-02	486493.000000	0.000000e+00
6.858503e+00	1.838551e+01	2.624866e-02	490611.000000	0.000000e+00
6.883055e+00	1.817833e+01	2.585666e-02	494269.000000	0.000000e+00
6.907584e+00	1.812205e+01	2.569852e-02	497277.000000	0.000000e+00
6.932134e+00	1.799769e+01	2.540980e-02	501685.000000	0.000000e+00
6.956669e+00	1.782914e+01	2.511059e-02	504135.000000	0.000000e+00
6.981221e+00	1.769046e+01	2.479229e-02	509149.000000	0.000000e+00
7.005753e+00	1.755185e+01	2.456246e-02	510625.000000	0.000000e+00
7.030233e+00	1.749867e+01	2.439700e-02	514443.000000	0.000000e+00
7.054782e+00	1.735337e+01	2.406403e-02	520033.000000	0.000000e+00
7.079343e+00	1.722277e+01	2.381989e-02	522789.000000	0.000000e+00
7.103883e+00	1.707438e+01	2.354227e-02	526009.000000	0.000000e+00
7.128424e+00	1.697099e+01	2.330101e-02	530475.000000	0.000000e+00
7.152965e+00	1.679747e+01	2.300823e-02	532993.000000	0.000000e+00
7.177501e+00	1.674945e+01	2.284544e-02	537529.000000	0.000000e+00
7.202013e+00	1.665858e+01	2.267595e-02	539691.000000	0.000000e+00
7.226577e+00	1.649051e+01	2.230409e-02	546637.000000	0.000000e+00
7.251125e+00	1.639693e+01	2.217103e-02	546957.000000	0.000000e+00
7.275651e+00	1.627598e+01	2.189374e-02	552655.000000	0.000000e+00
7.300226e+00	1.618559e+01	2.169329e-02	556681.000000	0.000000e+00
7.324759e+00	1.602753e+01	2.144641e-02	558501.000000	0.000000e+00
7.349299e+00	1.598401e+01	2.128001e-02	564193.000000	0.000000e+00
7.373825e+00	1.586891e+01	2.110140e-02	565551.000000	0.000000e+00
7.398312e+00	1.575067e+01	2.086533e-02	569833.000000	0.000000e+00
7.422892e+00	1.564910e+01	2.059468e-02	577389.000000	0.000000e+00
7.447442e+00	1.550914e+01	2.042921e-02	576331.000000	0.000000e+00
7.471956e+00	1.539536e+01	2.016556e-02	582853.000000	0.000000e+00
7.496499e+00	1.533059e+01	2.002849e-02	585897.000000	0.000000e+00
7.521014e+00	1.522320e+01	1.984185e-02	588637.000000	0.000000e+00
7.545557e+00	1.506745e+01	1.952944e-02	595251.000000	0.000000e+00
7.570086e+00	1.499841e+01	1.943020e-02	595849.000000	0.000000e+00
7.594613e+00	1.492530e+01	1.923240e-02	602253.000000	0.000000e+00
7.619172e+00	1.480484e+01	1.902027e-02	605863.000000	0.000000e+00
7.643756e+00	1.469024e+01	1.879549e-02	610873.000000	0.000000e+00
7.668263e+00	1.459365e+01	1.867985e-02	610353.000000	0.000000e+00
7.692777e+00	1.450933e+01	1.844760e-02	618607.000000	0.000000e+00
7.717371e+00	1.442064e+01	1.828204e-02	622185.000000	0.000000e+00
7.741929e+00	1.431782e+01	1.810734e-02	625237.000000	0.000000e+00
7.766457e+00	1.424328e+01	1.797298e-02	628029.000000	0.000000e+00
7.790953e+00	1.414333e+01	1.779106e-02	631975.000000	0.000000e+00
7.815489e+00	1.404627e+01	1.759189e-02	637525.000000	0.000000e+00
7.840050e+00	1.400383e+01	1.748016e-02	641805.000000	0.000000e+00
7.864588e+00	1.388342e+01	1.729595e-02	644323.000000	0.000000e+00
7.889126e+00	1.380353e+01	1.712922e-02	649389.000000	0.000000e+00
7.913643e+00	1.370380e+01	1.697517e-02	651709.000000	0.000000e+00
7.938181e+00	1.362033e+01	1.678699e-02	658309.000000	0.000000e+00
7.962760e+00	1.351236e+01	1.659982e-02	662607.000000	0.000000e+00
7.987311e+00	1.345064e+01	1.650371e-02	664237.000000	0.000000e+00
8.011811e+00	1.336349e+01	1.634846e-02	668169.000000	0.000000e+00
8.036325e+00	1.324999e+01	1.614395e-02	673615.000000	0.000000e+00
8.060868e+00	1.316984e+01	1.599845e-02	677649.000000	0.000000e+00
8.085446e+00	1.308382e+01	1.582124e-02	683893.000000	0.000000e+00
8.109989e+00	1.302918e+01	1.575503e-02	683905.000000	0.000000e+00
8.134471e+00	1.291059e+01	1.555548e-02	688851.000000	0.000000e+00
8.159038e+00	1.283719e+01	1.537428e-02	697189.000000	0.000000e+00
8.183598e+00	1.279779e+01	1.533743e-02	696249.000000	0.000000e+00
8.208073e+00	1.268958e+01	1.515186e-02	701395.000000	0.000000e+00
8.232590e+00	1.262767e+01	1.502339e-02	706497.000000	0.000000e+00
8.257144e+00	1.255656e+01	1.487797e-02	712285.000000	0.000000e+00
8.281710e+00	1.246571e+01	1.473542e-02	715663.000000	0.000000e+00
8.306271e+00	1.240222e+01	1.461557e-02	720057.000000	0.000000e+00
8.330826e+00	1.230301e+01	1.445329e-02	724585.000000	0.000000e+00
8.355374e+00	1.222071e+01	1.433021e-02	727257.000000	0.000000e+00
8.379901e+00	1.217550e+01	1.422404e-02	732703.000000	0.000000e+00
8.404418e+00	1.208952e+01	1.410314e-02	734829.000000	0.000000e+00
8.428928e+00	1.203534e+01	1.398428e-02	740689.000000	0.000000e+00
8.453504e+00	1.196551e+01	1.383523e-02	747979.000000	0.000000e+00
8.478051e+00	1.188795e+01	1.375481e-02	746973.000000	0.000000e+00
8.502580e+00	1.180322e+01	1.357186e-02	756349.000000	0.000000e+00
8.527138e+00	1.177537e+01	1.353729e-02	756633.000000	0.000000e+00
8.551634e+00	1.165229e+01	1.335205e-02	761599.000000	0.000000e+00
8.576156e+00	1.158684e+01	1.322874e-02	767173.000000	0.000000e+00
8.600697e+00	1.152619e+01	1.312457e-02	771261.000000	0.000000e+00
8.625259e+00	1.146616e+01	1.300343e-02	777535.000000	0.000000e+00
8.649836e+00	1.138011e+01	1.288021e-02	780633.000000	0.000000e+00
8.674376e+00	1.131828e+01	1.277676e-02	784729.000000	0.000000e+00
8.698927e+00	1.127372e+01	1.268596e-02	789747.000000	0.000000e+00
8.723450e+00	1.121454e+01	1.260226e-02	791893.000000	0.000000e+00
8.747957e+00	1.114075e+01	1.247386e-02	797677.000000	0.000000e+00
8.772521e+00	1.108890e+01	1.236359e-02	804429.000000	0.000000e+00
8.797047e+00	1.102270e+01	1.228898e-02	804535.000000	0.000000e+00
8.821541e+00	1.096929e+01	1.218163e-02	810861.000000	0.000000e+00
8.846076e+00	1.090639e+01	1.207118e-02	816325.000000	0.000000e+00
8.870641e+00	1.082247e+01	1.193397e-02	822399.000000	0.000000e+00
8.895170e+00	1.079202e+01	1.189963e-02	822505.000000	0.000000e+00
8.919713e+00	1.069258e+01	1.171790e-02	832657.000000	0.000000e+00
8.944263e+00	1.065711e+01	1.168461e-02	831861.000000	0.000000e+00
8.968772e+00	1.060720e+01	1.157799e-02	839335.000000	0.000000e+00
8.993334e+00	1.052796e+01	1.145493e-02	844701.000000	0.000000e+00
9.017895e+00	1.045429e+01	1.135300e-02	847945.000000	0.000000e+00
9.042430e+00	1.040914e+01	1.127099e-02	852915.000000	0.000000e+00
9.066970e+00	1.034898e+01	1.118048e-02	856789.000000	0.000000e+00
9.091538e+00	1.028868e+01	1.106309e-02	864901.000000	0.000000e+00
9.116063e+00	1.024452e+01	1.103122e-02	862455.000000	0.000000e+00
9.140573e+00	1.018104e+01	1.089345e-02	873481.000000	0.000000e+00
9.165140e+00	1.011914e+01	1.081262e-02	875841.000000	0.000000e+00
9.189653e+00	1.006787e+01	1.074002e-02	878749.000000	0.000000e+00
9.214176e+00	1.001898e+01	1.064099e-02	886507.000000	0.000000e+00
9.238722e+00	9.972435e+00	1.057589e-02	889137.000000	0.000000e+00
9.263252e+00	9.916248e+00	1.048055e-02	895213.000000	0.000000e+00
9.287810e+00	9.876319e+00	1.040672e-02	900663.000000	0.000000e+00
9.312363e+00	9.819585e+00	1.032634e-02	904261.000000	0.000000e+00
9.336898e+00	9.761203e+00	1.023749e-02	909117.000000	0.000000e+00
9.361428e+00	9.707791e+00	1.016015e-02	912937.000000	0.000000e+00
9.385969e+00	9.652937e+00	1.006382e-02	920011.000000	0.000000e+00
9.410496e+00	9.597821e+00	9.999635e-03	921249.000000	0.000000e+00
9.435027e+00	9.556866e+00	9.909875e-03	930025.000000	0.000000e+00
9.459577e+00	9.514183e+00	9.853534e-03	932307.000000	0.000000e+00
9.484080e+00	9.446703e+00	9.764823e-03	935905.000000	0.000000e+00
9.508599e+00	9.414865e+00	9.690769e-03	943869.000000	0.000000e+00
9.533177e+00	9.362534e+00	9.608463e-03	949465.000000	0.000000e+00
9.557740e+00	9.290729e+00	9.517916e-03	952831.000000	0.000000e+00
9.582283e+00	9.257755e+00	9.460149e-03	957669.000000	0.000000e+00
9.606825e+00	9.207869e+00	9.385895e-03	962425.000000	0.000000e+00
9.631356e+00	9.160098e+00	9.315034e-03	967011.000000	0.000000e+00
9.655881e+00	9.135132e+00	9.268974e-03	971329.000000	0.000000e+00
9.680426e+00	9.052325e+00	9.150033e-03	978757.000000	0.000000e+00
9.704942e+00	9.032362e+00	9.129119e-03	978915.000000	0.000000e+00
9.729497e+00	8.956360e+00	8.994337e-03	991573.000000	0.000000e+00
9.754046e+00	8.936449e+00	8.985895e-03	989025.000000	0.000000e+00
9.778535e+00	8.905415e+00	8.924673e-03	995689.000000	0.000000e+00
9.803103e+00	8.849708e+00	8.821494e-03	1006407.000000	0.000000e+00
9.827649e+00	8.807165e+00	8.792682e-03	1003297.000000	0.000000e+00
9.852180e+00	8.759760e+00	8.692338e-03	1015573.000000	0.000000e+00
9.876731e+00	8.721373e+00	8.656028e-03	1015155.000000	0.000000e+00
9.901284e+00	8.700277e+00	8.592997e-03	1025125.000000	0.000000e+00
9.925835e+00	8.636962e+00	8.525889e-03	1026225.000000	0.000000e+00
9.950350e+00	8.596168e+00	8.464350e-03	1031389.000000	0.000000e+00
9.974902e+00	8.554459e+00	8.388116e-03	1040055.000000	0.000000e+00
9.999429e+00	8.497955e+00	8.337000e-03	1038985.000000	0.000000e+00
1.002392e+01	8.464870e+00	8.270036e-03	1047673.000000	0.000000e+00
1.004849e+01	8.453000e+00	8.227906e-03	1055463.000000	0.000000e+00
1.007303e+01	8.400529e+00	8.174100e-03	1056169.000000	0.000000e+00
1.009756e+01	8.362987e+00	8.105691e-03	1064493.000000	0.000000e+00
1.012209e+01	8.320893e+00	8.056910e-03	1066603.000000	0.000000e+00
1.014664e+01	8.279935e+00	7.981184e-03	1076265.000000	0.000000e+00
1.017120e+01	8.263570e+00	7.957591e-03	1078381.000000	0.000000e+00
1.019572e+01	8.208730e+00	7.890001e-03	1082425.000000	0.000000e+00
1.022025e+01	8.174145e+00	7.827777e-03	1090455.000000	0.000000e+00
1.024479e+01	8.160178e+00	7.803682e-03	1093453.000000	0.000000e+00
1.026933e+01	8.110855e+00	7.732212e-03	1100337.000000	0.000000e+00
1.029386e+01	8.078256e+00	7.687489e-03	1104247.000000	0.000000e+00
1.031842e+01	8.046604e+00	7.630116e-03	1112149.000000	0.000000e+00
1.034296e+01	8.009638e+00	7.585834e-03	1114857.000000	0.000000e+00
1.036749e+01	7.964470e+00	7.525606e-03	1120033.000000	0.000000e+00
1.039203e+01	7.952001e+00	7.488428e-03	1127643.000000	0.000000e+00
1.041655e+01	7.912448e+00	7.448888e-03	1128337.000000	0.000000e+00
1.044111e+01	7.870780e+00	7.366399e-03	1141629.000000	0.000000e+00
1.046570e+01	7.848666e+00	7.344049e-03	1142143.000000	0.000000e+00
1.049021e+01	7.811002e+00	7.300088e-03	1144873.000000	0.000000e+00
1.051473e+01	7.770826e+00	7.233234e-03	1154169.000000	0.000000e+00
1.053925e+01	7.744761e+00	7.206318e-03	1155019.000000	0.000000e+00
1.056380e+01	7.711213e+00	7.134665e-03	1168149.000000	0.000000e+00
1.058835e+01	7.676115e+00	7.106780e-03	1166641.000000	0.000000e+00
1.061283e+01	7.640313e+00	7.061091e-03	1170789.000000	0.000000e+00
1.063739e+01	7.618695e+00	6.996619e-03	1185727.000000	0.000000e+00
1.066197e+01	7.578183e+00	6.964297e-03	1184065.000000	0.000000e+00
1.068650e+01	7.555103e+00	6.921493e-03	1191465.000000	0.000000e+00
1.071103e+01	7.528650e+00	6.888493e-03	1194499.000000	0.000000e+00
1.073555e+01	7.491380e+00	6.833173e-03	1201929.000000	0.000000e+00
1.076011e+01	7.466750e+00	6.789310e-03	1209517.000000	0.000000e+00
1.078466e+01	7.451132e+00	6.766968e-03	1212429.000000	0.000000e+00
1.080918e+01	7.399081e+00	6.707365e-03	1216891.000000	0.000000e+00
1.083370e+01	7.396557e+00	6.689116e-03	1222705.000000	0.000000e+00
1.085823e+01	7.363196e+00	6.637365e-03	1230669.000000	0.000000e+00
1.088282e+01	7.337643e+00	6.591559e-03	1239187.000000	0.000000e+00
1.090737e+01	7.300085e+00	6.561724e-03	1237713.000000	0.000000e+00
1.093189e+01	7.267472e+00	6.508684e-03	1246753.000000	0.000000e+00
1.095642e+01	7.252880e+00	6.486537e-03	1250245.000000	0.000000e+00
1.098096e+01	7.240046e+00	6.449661e-03	1260111.000000	0.000000e+00
1.100552e+01	7.203839e+00	6.412742e-03	1261945.000000	0.000000e+00
1.103005e+01	7.177642e+00	6.372487e-03	1268661.000000	0.000000e+00
1.105458e+01	7.149560e+00	6.334035e-03	1274083.000000	0.000000e+00
1.107911e+01	7.126335e+00	6.300294e-03	1279413.000000	0.000000e+00
1.110366e+01	7.101142e+00	6.258437e-03	1287433.000000	0.000000e+00
1.112821e+01	7.082112e+00	6.232711e-03	1291135.000000	0.000000e+00
1.115273e+01	7.065826e+00	6.207795e-03	1295541.000000	0.000000e+00
1.117726e+01	7.037248e+00	6.165114e-03	1302937.000000	0.000000e+00
1.120181e+01	7.004411e+00	6.120621e-03	1309641.000000	0.000000e+00
1.122634e+01	6.995435e+00	6.106351e-03	1312399.000000	0.000000e+00
1.125085e+01	6.958896e+00	6.059676e-03	1318809.000000	0.000000e+00
1.127541e+01	6.945192e+00	6.023176e-03	1329589.000000	0.000000e+00
1.129999e+01	6.917363e+00	5.994242e-03	1331719.000000	0.000000e+00
1.132451e+01	6.914067e+00	5.983514e-03	1335225.000000	0.000000e+00
1.134903e+01	6.883475e+00	5.938248e-03	1343689.000000	0.000000e+00
1.137357e+01	6.869563e+00	5.916383e-03	1348173.000000	0.000000e+00
1.139811e+01	6.842860e+00	5.875817e-03	1356247.000000	0.000000e+00
1.142265e+01	6.819117e+00	5.849734e-03	1358889.000000	0.000000e+00
1.144718e+01	6.808845e+00	5.823098e-03	1367221.000000	0.000000e+00
1.147174e+01	6.809067e+00	5.808814e-03	1374043.000000	0.000000e+00
1.149628e+01	6.775352e+00	5.773270e-03	1377273.000000	0.000000e+00
1.152079e+01	6.763273e+00	5.754352e-03	1381405.000000	0.000000e+00
1.154533e+01	6.741904e+00	5.712200e-03	1393023.000000	0.000000e+00
1.156988e+01	6.738427e+00	5.707464e-03	1393897.000000	0.000000e+00
1.159441e+01	6.717123e+00	5.671092e-03	1402921.000000	0.000000e+00
1.161895e+01	6.690739e+00	5.639210e-03	1407705.000000	0.000000e+00
1.164349e+01	6.682007e+00	5.618936e-03	1414183.000000	0.000000e+00
1.166804e+01	6.671540e+00	5.599048e-03	1419789.000000	0.000000e+00
1.169259e+01	6.650206e+00	5.566360e-03	1427341.000000	0.000000e+00
1.171712e+01	6.635606e+00	5.551149e-03	1428879.000000	0.000000e+00
1.174164e+01	6.629250e+00	5.527737e-03	1438249.000000	0.000000e+00
1.176619e+01	6.613466e+00	5.500984e-03	1445365.000000	0.000000e+00
1.179072e+01	6.597060e+00	5.484955e-03	1446621.000000	0.000000e+00
1.181525e+01	6.576057e+00	5.447155e-03	1457443.000000	0.000000e+00
1.183979e+01	6.562766e+00	5.429418e-03	1461057.000000	0.000000e+00
1.186435e+01	6.565487e+00	5.415033e-03	1470049.000000	0.000000e+00
1.188889e+01	6.560264e+00	5.404548e-03	1473411.000000	0.000000e+00
1.191343e+01	6.542027e+00	5.377671e-03	1479913.000000	0.000000e+00
1.193797e+01	6.520511e+00	5.347576e-03	1486789.000000	0.000000e+00
1.196251e+01	6.523427e+00	5.341177e-03	1491687.000000	0.000000e+00
1.198703e+01	6.510559e+00	5.320937e-03	1497133.000000	0.000000e+00
1.201156e+01	6.501976e+00	5.299908e-03	1505061.000000	0.000000e+00
1.203612e+01	6.486794e+00	5.276284e-03	1511485.000000	0.000000e+00
1.206065e+01	6.477057e+00	5.261473e-03	1515447.000000	0.000000e+00
1.208515e+01	6.477885e+00	5.254561e-03	1519825.000000	0.000000e+00
1.210971e+01	6.466013e+00	5.217749e-03	1535701.000000	0.000000e+00
1.213428e+01	6.458661e+00	5.218015e-03	1532055.000000	0.000000e+00
1.215881e+01	6.445308e+00	5.185264e-03	1545061.000000	0.000000e+00
1.218336e+01	6.443745e+00	5.183088e-03	1545609.000000	0.000000e+00
1.220787e+01	6.441759e+00	5.170076e-03	1552441.000000	0.000000e+00
1.223242e+01	6.432809e+00	5.144011e-03	1563859.000000	0.000000e+00
1.225696e+01	6.424277e+00	5.137658e-03	1563573.000000	0.000000e+00
1.228148e+01	6.423184e+00	5.120358e-03	1573621.000000	0.000000e+00
1.230602e+01	6.422500e+00	5.111591e-03	1578687.000000	0.000000e+00
1.233056e+01	6.408717e+00	5.089457e-03	1585621.000000	0.000000e+00
1.235512e+01	6.405334e+00	5.071428e-03	1595229.000000	0.000000e+00
1.237965e+01	6.408840e+00	5.077216e-03	1593337.000000	0.000000e+00
1.240419e+01	6.411159e+00	5.053098e-03	1609747.000000	0.000000e+00
1.242874e+01	6.394010e+00	5.043679e-03	1607133.000000	0.000000e+00
1.245325e+01	6.405166e+00	5.038141e-03	1616293.000000	0.000000e+00
1.247780e+01	6.398131e+00	5.015080e-03	1627611.000000	0.000000e+00
1.250235e+01	6.393216e+00	5.013023e-03	1626445.000000	0.000000e+00
1.252688e+01	6.399438e+00	4.998547e-03	1639065.000000	0.000000e+00
1.255143e+01	6.413224e+00	5.005399e-03	1641631.000000	0.000000e+00
1.257596e+01	6.382739e+00	4.976336e-03	1645109.500000	0.000000e+00
1.260049e+01	6.383630e+00	4.981356e-03	1642254.000000	0.000000e+00
1.262503e+01	6.357713e+00	4.965854e-03	1639132.000000	0.000000e+00
1.264958e+01	6.338877e+00	4.954495e-03	1636914.000000	0.000000e+00
1.267411e+01	6.317313e+00	4.947064e-03	1630684.000000	0.000000e+00
1.269864e+01	6.296327e+00	4.933598e-03	1628722.000000	0.000000e+00
1.272316e+01	6.280065e+00	4.927365e-03	1624422.000000	0.000000e+00
1.274773e+01	6.253819e+00	4.902476e-03	1627270.000000	0.000000e+00
1.277225e+01	6.238845e+00	4.913634e-03	1612140.000000	0.000000e+00
1.279677e+01	6.227788e+00	4.893650e-03	1619578.000000	0.000000e+00
1.282133e+01	6.212780e+00	4.896341e-03	1610010.000000	0.000000e+00
1.284587e+01	6.196546e+00	4.882495e-03	1610704.000000	0.000000e+00
1.287043e+01	6.171745e+00	4.871190e-03	1605262.000000	0.000000e+00
1.289495e+01	6.152449e+00	4.864911e-03	1599360.000000	0.000000e+00
1.291951e+01	6.136687e+00	4.848551e-03	1601932.000000	0.000000e+00
1.294403e+01	6.122963e+00	4.857989e-03	1588584.000000	0.000000e+00
1.296853e+01	6.103758e+00	4.838079e-03	1591654.000000	0.000000e+00
1.299309e+01	6.085961e+00	4.827957e-03	1589028.000000	0.000000e+00
1.301763e+01	6.061507e+00	4.820324e-03	1581280.000000	0.000000e+00
1.304217e+01	6.056009e+00	4.816308e-03	1581046.000000	0.000000e+00
1.306670e+01	6.028296e+00	4.803535e-03	1574952.000000	0.000000e+00
1.309123e+01	6.017944e+00	4.800614e-03	1571458.000000	0.000000e+00
1.311579e+01	6.007298e+00	4.792512e-03	1571202.000000	0.000000e+00
1.314034e+01	5.982454e+00	4.782915e-03	1564492.000000	0.000000e+00
1.316488e+01	5.971123e+00	4.779778e-03	1560618.000000	0.000000e+00
1.318940e+01	5.951198e+00	4.770990e-03	1555936.000000	0.000000e+00
1.321393e+01	5.940329e+00	4.767878e-03	1552282.000000	0.000000e+00
1.323848e+01	5.918635e+00	4.751180e-03	1551816.000000	0.000000e+00
1.326302e+01	5.899149e+00	4.749324e-03	1542820.000000	0.000000e+00
1.328757e+01	5.890357e+00	4.739745e-03	1544448.000000	0.000000e+00
1.331210e+01	5.877707e+00	4.744596e-03	1534678.000000	0.000000e+00
1.333662e+01	5.861478e+00	4.733653e-03	1533280.000000	0.000000e+00
1.336117e+01	5.845682e+00	4.724287e-03	1531080.000000	0.000000e+00
1.338570e+01	5.824917e+00	4.719806e-03	1523110.000000	0.000000e+00
1.341022e+01	5.809812e+00	4.710459e-03	1521240.000000	0.000000e+00
1.343476e+01	5.794465e+00	4.704769e-03	1516876.000000	0.000000e+00
1.345932e+01	5.783764e+00	4.698048e-03	1515606.000000	0.000000e+00
1.348389e+01	5.769693e+00	4.693622e-03	1511086.000000	0.000000e+00
1.350843e+01	5.758175e+00	4.697373e-03	1502656.000000	0.000000e+00
1.353293e+01	5.733466e+00	4.683332e-03	1498734.000000	0.000000e+00
1.355748e+01	5.723319e+00	4.675375e-03	1498522.000000	0.000000e+00
1.358203e+01	5.712282e+00	4.677004e-03	1491708.000000	0.000000e+00
1.360658e+01	5.700762e+00	4.670902e-03	1489582.000000	0.000000e+00
1.363111e+01	5.673560e+00	4.662491e-03	1480728.000000	0.000000e+00
1.365563e+01	5.664688e+00	4.655439e-03	1480576.000000	0.000000e+00
1.368019e+01	5.664292e+00	4.662536e-03	1475866.000000	0.000000e+00
1.370473e+01	5.638612e+00	4.651371e-03	1469544.000000	0.000000e+00
1.372924e+01	5.621096e+00	4.645934e-03	1463848.000000	0.000000e+00
1.375380e+01	5.607094e+00	4.629181e-03	1467126.000000	0.000000e+00
1.377836e+01	5.606640e+00	4.648748e-03	1454566.000000	0.000000e+00
1.380287e+01	5.586979e+00	4.637160e-03	1451610.000000	0.000000e+00
1.382737e+01	5.572870e+00	4.634705e-03	1445818.000000	0.000000e+00
1.385191e+01	5.563280e+00	4.626413e-03	1446016.000000	0.000000e+00
1.387648e+01	5.547127e+00	4.622076e-03	1440330.000000	0.000000e+00
1.390103e+01	5.538074e+00	4.621096e-03	1436242.000000	0.000000e+00
1.392557e+01	5.527213e+00	4.625363e-03	1427976.000000	0.000000e+00
1.395012e+01	5.512048e+00	4.611164e-03	1428910.000000	0.000000e+00
1.397464e+01	5.500079e+00	4.623032e-03	1415416.000000	0.000000e+00
1.399917e+01	5.488476e+00	4.604812e-03	1420626.000000	0.000000e+00
1.402372e+01	5.481329e+00	4.618592e-03	1408486.000000	0.000000e+00
1.404824e+01	5.466860e+00	4.608773e-03	1407036.000000	0.000000e+00
1.407278e+01	5.460510e+00	4.610980e-03	1402426.000000	0.000000e+00
1.409731e+01	5.453813e+00	4.616951e-03	1395372.000000	0.000000e+00
1.412183e+01	5.432218e+00	4.603347e-03	1392538.000000	0.000000e+00
1.414639e+01	5.430037e+00	4.605151e-03	1390330.000000	0.000000e+00
1.417094e+01	5.407322e+00	4.602168e-03	1380510.000000	0.000000e+00
1.419546e+01	5.402911e+00	4.600607e-03	1379194.000000	0.000000e+00
1.422001e+01	5.395151e+00	4.605360e-03	1372398.000000	0.000000e+00
1.424455e+01	5.381430e+00	4.599083e-03	1369156.000000	0.000000e+00
1.426908e+01	5.370002e+00	4.603304e-03	1360848.000000	0.000000e+00
1.429362e+01	5.357369e+00	4.592346e-03	1360924.000000	0.000000e+00
1.431818e+01	5.356993e+00	4.606344e-03	1352476.000000	0.000000e+00
1.434273e+01	5.345909e+00	4.601598e-03	1349664.000000	0.000000e+00
1.436724e+01	5.327961e+00	4.604737e-03	1338790.000000	0.000000e+00
1.439177e+01	5.320875e+00	4.592901e-03	1342122.000000	0.000000e+00
1.441633e+01	5.315501e+00	4.607035e-03	1331206.000000	0.000000e+00
1.444087e+01	5.309107e+00	4.605269e-03	1329024.000000	0.000000e+00
1.446541e+01	5.291237e+00	4.602151e-03	1321882.000000	0.000000e+00
1.448996e+01	5.283284e+00	4.599662e-03	1319338.000000	0.000000e+00
1.451448e+01	5.272196e+00	4.608274e-03	1308900.000000	0.000000e+00
1.453902e+01	5.260980e+00	4.596325e-03	1310122.000000	0.000000e+00
1.456356e+01	5.256875e+00	4.610794e-03	1299882.000000	0.000000e+00
1.458809e+01	5.257257e+00	4.617456e-03	1296322.000000	0.000000e+00
1.461262e+01	5.237514e+00	4.607554e-03	1292140.000000	0.000000e+00
1.463716e+01	5.240703e+00	4.624215e-03	1284408.000000	0.000000e+00
1.466171e+01	5.221362e+00	4.609382e-03	1283164.000000	0.000000e+00
1.468625e+01	5.219186e+00	4.624823e-03	1273548.000000	0.000000e+00
1.471078e+01	5.201428e+00	4.615772e-03	1269862.000000	0.000000e+00
1.473534e+01	5.195674e+00	4.615779e-03	1267050.000000	0.000000e+00
1.475987e+01	5.198156e+00	4.639347e-03	1255408.000000	0.000000e+00
1.478439e+01	5.189644e+00	4.631651e-03	1255462.000000	0.000000e+00
1.480894e+01	5.179478e+00	4.638607e-03	1246800.000000	0.000000e+00
1.483348e+01	5.176450e+00	4.640547e-03	1244302.000000	0.000000e+00
1.485802e+01	5.164343e+00	4.646862e-03	1235124.000000	0.000000e+00
1.488256e+01	5.162648e+00	4.649284e-03	1233028.000000	0.000000e+00
1.490708e+01	5.162005e+00	4.668278e-03	1222710.000000	0.000000e+00
1.493162e+01	5.158621e+00	4.666561e-03	1222006.000000	0.000000e+00
1.495618e+01	5.149849e+00	4.670577e-03	1215760.000000	0.000000e+00
1.498071e+01	5.145850e+00	4.684154e-03	1206846.000000	0.000000e+00
1.500525e+01	5.138096e+00	4.681734e-03	1204456.000000	0.000000e+00
1.502980e+01	5.119508e+00	4.678037e-03	1197648.000000	0.000000e+00
1.505434e+01	5.123852e+00	4.695828e-03	1190608.000000	0.000000e+00
1.507886e+01	5.118934e+00	4.700232e-03	1186098.000000	0.000000e+00
1.510342e+01	5.109342e+00	4.701129e-03	1181206.000000	0.000000e+00
1.512796e+01	5.105588e+00	4.714673e-03	1172704.000000	0.000000e+00
1.515246e+01	5.111442e+00	4.730748e-03	1167420.000000	0.000000e+00
1.517700e+01	5.088180e+00	4.717681e-03	1163236.000000	0.000000e+00
1.520157e+01	5.096920e+00	4.734041e-03	1159182.000000	0.000000e+00
1.522611e+01	5.093255e+00	4.754473e-03	1147588.000000	0.000000e+00
1.525063e+01	5.093783e+00	4.757728e-03	1146256.000000	0.000000e+00
1.527518e+01	5.087244e+00	4.768859e-03	1137984.000000	0.000000e+00
1.529972e+01	5.089213e+00	4.781131e-03	1133026.000000	0.000000e+00
1.532424e+01	5.084163e+00	4.792513e-03	1125414.000000	0.000000e+00
1.534877e+01	5.077651e+00	4.795733e-03	1121026.000000	0.000000e+00
1.537332e+01	5.079260e+00	4.809439e-03	1115352.000000	0.000000e+00
1.539786e+01	5.073051e+00	4.819980e-03	1107766.000000	0.000000e+00
1.542240e+01	5.066241e+00	4.822556e-03	1103614.000000	0.000000e+00
1.544694e+01	5.074802e+00	4.848964e-03	1095318.000000	0.000000e+00
1.547149e+01	5.057579e+00	4.842044e-03	1091008.000000	0.000000e+00
1.549603e+01	5.061854e+00	4.861611e-03	1084074.000000	0.000000e+00
1.552054e+01	5.061138e+00	4.883303e-03	1074160.000000	0.000000e+00
1.554506e+01	5.056321e+00	4.880737e-03	1073244.000000	0.000000e+00
1.556963e+01	5.056825e+00	4.896500e-03	1066558.000000	0.000000e+00
1.559418e+01	5.060768e+00	4.920273e-03	1057924.000000	0.000000e+00
1.561873e+01	5.061765e+00	4.930277e-03	1054050.000000	0.000000e+00
1.564327e+01	5.064235e+00	4.955690e-03	1044286.000000	0.000000e+00
1.566780e+01	5.060175e+00	4.958083e-03	1041606.000000	0.000000e+00
1.569233e+01	5.055657e+00	4.979559e-03	1030798.000000	0.000000e+00
1.571685e+01	5.064755e+00	4.996392e-03	1027552.000000	0.000000e+00
1.574141e+01	5.054568e+00	5.001489e-03	1021338.000000	0.000000e+00
1.576595e+01	5.056684e+00	5.023295e-03	1013338.000000	0.000000e+00
1.579049e+01	5.059604e+00	5.039022e-03	1008186.000000	0.000000e+00
1.581502e+01	5.058465e+00	5.059999e-03	999394.000000	0.000000e+00
1.583955e+01	5.055785e+00	5.069242e-03	994698.000000	0.000000e+00
1.586407e+01	5.050999e+00	5.083989e-03	987064.000000	0.000000e+00
1.588861e+01	5.054825e+00	5.103422e-03	981046.000000	0.000000e+00
1.591315e+01	5.067193e+00	5.130751e-03	975378.000000	0.000000e+00
1.593770e+01	5.053778e+00	5.136516e-03	968044.000000	0.000000e+00
1.596225e+01	5.064146e+00	5.164572e-03	961488.000000	0.000000e+00
1.598677e+01	5.070714e+00	5.193458e-03	953290.000000	0.000000e+00
1.601131e+01	5.056143e+00	5.190040e-03	949068.000000	0.000000e+00
1.603586e+01	5.064720e+00	5.221178e-03	940966.000000	0.000000e+00
1.606040e+01	5.071384e+00	5.247406e-03	934036.000000	0.000000e+00
1.608493e+01	5.069151e+00	5.263158e-03	927636.000000	0.000000e+00
1.610947e+01	5.061314e+00	5.277347e-03	919804.000000	0.000000e+00
1.613400e+01	5.069371e+00	5.302544e-03	913986.000000	0.000000e+00
1.615854e+01	5.075764e+00	5.327983e-03	907564.000000	0.000000e+00
1.618310e+01	5.070463e+00	5.343312e-03	900480.000000	0.000000e+00
1.620765e+01	5.081679e+00	5.376279e-03	893410.000000	0.000000e+00
1.623216e+01	5.088769e+00	5.414246e-03	883384.000000	0.000000e+00
1.625669e+01	5.094449e+00	5.427679e-03	880980.000000	0.000000e+00
1.628123e+01	5.094446e+00	5.457931e-03	871240.000000	0.000000e+00
1.630580e+01	5.103405e+00	5.479556e-03	867420.000000	0.000000e+00
1.633036e+01	5.108450e+00	5.516550e-03	857518.000000	0.000000e+00
1.635486e+01	5.106691e+00	5.543447e-03	848632.000000	0.000000e+00
1.637939e+01	5.113189e+00	5.560409e-03	845610.000000	0.000000e+00
1.640395e+01	5.112889e+00	5.590859e-03	836326.000000	0.000000e+00
1.642848e+01	5.119723e+00	5.621991e-03	829302.000000	0.000000e+00
1.645298e+01	5.124846e+00	5.657790e-03	820480.000000	0.000000e+00
1.647753e+01	5.130415e+00	5.675919e-03	817020.000000	0.000000e+00
1.650209e+01	5.148140e+00	5.725912e-03	808372.000000	0.000000e+00
1.652660e+01	5.155158e+00	5.769848e-03	798280.000000	0.000000e+00
1.655114e+01	5.158568e+00	5.783228e-03	795642.000000	0.000000e+00
1.657571e+01	5.157373e+00	5.816274e-03	786262.000000	0.000000e+00
1.660025e+01	5.171737e+00	5.863829e-03	777876.000000	0.000000e+00
1.662478e+01	5.184702e+00	5.899254e-03	772420.000000	0.000000e+00
1.664931e+01	5.184827e+00	5.937934e-03	762426.000000	0.000000e+00
1.667386e+01	5.189324e+00	5.957009e-03	758866.000000	0.000000e+00
1.669842e+01	5.201223e+00	6.012746e-03	748282.000000	0.000000e+00
1.672293e+01	5.210470e+00	6.053598e-03	740844.000000	0.000000e+00
1.674748e+01	5.212871e+00	6.076532e-03	735940.000000	0.000000e+00
1.677204e+01	5.230617e+00	6.139424e-03	725856.000000	0.000000e+00
1.679655e+01	5.231725e+00	6.171470e-03	718642.000000	0.000000e+00
1.682107e+01	5.235570e+00	6.206568e-03	711582.000000	0.000000e+00
1.684563e+01	5.234625e+00	6.235365e-03	704770.000000	0.000000e+00
1.687018e+01	5.258684e+00	6.299384e-03	696880.000000	0.000000e+00
1.689472e+01	5.254653e+00	6.335534e-03	687894.000000	0.000000e+00
1.691924e+01	5.252846e+00	6.361700e-03	681778.000000	0.000000e+00
1.694378e+01	5.279576e+00	6.437981e-03	672510.000000	0.000000e+00
1.696830e+01	5.290078e+00	6.482949e-03	665854.000000	0.000000e+00
1.699283e+01	5.304051e+00	6.540659e-03	657616.000000	0.000000e+00
1.701740e+01	5.311142e+00	6.578659e-03	651780.000000	0.000000e+00
1.704195e+01	5.316282e+00	6.634818e-03	642034.000000	0.000000e+00
1.706646e+01	5.316200e+00	6.681702e-03	633036.000000	0.000000e+00
1.709097e+01	5.333452e+00	6.731689e-03	627724.000000	0.000000e+00
1.711553e+01	5.334614e+00	6.779145e-03	619236.000000	0.000000e+00
1.714008e+01	5.349928e+00	6.845337e-03	610810.000000	0.000000e+00
1.716463e+01	5.339746e+00	6.866388e-03	604762.000000	0.000000e+00
1.718918e+01	5.352086e+00	6.945760e-03	593754.000000	0.000000e+00
1.721369e+01	5.367005e+00	7.000594e-03	587752.000000	0.000000e+00
1.723823e+01	5.357849e+00	7.042514e-03	578796.000000	0.000000e+00
1.726278e+01	5.398999e+00	7.139072e-03	571930.000000	0.000000e+00
1.728731e+01	5.389642e+00	7.183278e-03	562956.000000	0.000000e+00
1.731188e+01	5.391686e+00	7.229839e-03	556150.000000	0.000000e+00
1.733641e+01	5.399970e+00	7.305706e-03	546334.000000	0.000000e+00
1.736091e+01	5.389740e+00	7.350902e-03	537594.000000	0.000000e+00
1.738543e+01	5.401721e+00	7.403369e-03	532360.000000	0.000000e+00
1.741000e+01	5.393737e+00	7.465511e-03	521988.000000	0.000000e+00
1.743456e+01	5.408920e+00	7.530598e-03	515896.000000	0.000000e+00
1.745909e+01	5.391178e+00	7.584082e-03	505314.000000	0.000000e+00
1.748363e+01	5.399432e+00	7.646218e-03	498658.000000	0.000000e+00
1.750818e+01	5.433798e+00	7.762046e-03	490066.000000	0.000000e+00
1.753269e+01	5.401990e+00	7.797344e-03	479970.000000	0.000000e+00
1.755722e+01	5.404565e+00	7.846427e-03	474436.000000	0.000000e+00
1.758176e+01	5.390093e+00	7.913100e-03	463980.000000	0.000000e+00
1.760629e+01	5.408390e+00	8.002258e-03	456784.000000	0.000000e+00
1.763083e+01	5.401902e+00	8.067341e-03	448366.000000	0.000000e+00
1.765539e+01	5.380897e+00	8.112912e-03	439902.000000	0.000000e+00
1.767993e+01	5.389614e+00	8.208039e-03	431158.000000	0.000000e+00
1.770446e+01	5.360436e+00	8.244113e-03	422778.000000	0.000000e+00
1.772897e+01	5.359419e+00	8.333661e-03	413584.000000	0.000000e+00
1.775351e+01	5.344400e+00	8.382529e-03	406488.000000	0.000000e+00
1.777808e+01	5.329312e+00	8.450134e-03	397754.500000	0.000000e+00
1.780261e+01	5.321159e+00	8.529986e-03	389149.000000	0.000000e+00
1.782713e+01	5.309905e+00	8.589010e-03	382197.000000	0.000000e+00
1.785169e+01	5.305384e+00	8.656410e-03	375628.000000	0.000000e+00
1.787623e+01	5.294541e+00	8.730734e-03	367752.000000	0.000000e+00
1.790076e+01	5.299782e+00	8.809534e-03	361918.000000	0.000000e+00
1.792530e+01	5.292296e+00	8.880716e-03	355134.000000	0.000000e+00
1.794985e+01	5.283229e+00	8.947341e-03	348667.000000	0.000000e+00
1.797440e+01	5.295625e+00	9.042712e-03	342955.000000	0.000000e+00
1.799891e+01	5.259640e+00	9.077471e-03	335724.000000	0.000000e+00
1.802344e+01	5.273668e+00	9.165902e-03	331036.000000	0.000000e+00
1.804802e+01	5.272527e+00	9.242540e-03	325428.000000	0.000000e+00
1.807255e+01	5.277006e+00	9.354085e-03	318253.000000	0.000000e+00
1.809707e+01	5.269945e+00	9.404067e-03	314037.000000	0.000000e+00
1.812164e+01	5.274914e+00	9.502436e-03	308149.000000	0.000000e+00
1.814617e+01	5.289360e+00	9.620884e-03	302257.000000	0.000000e+00
1.817068e+01	5.265588e+00	9.660134e-03	297117.000000	0.000000e+00
1.819523e+01	5.270568e+00	9.742869e-03	292645.000000	0.000000e+00
1.821979e+01	5.279095e+00	9.853347e-03	287046.000000	0.000000e+00
1.824431e+01	5.279146e+00	9.953055e-03	281329.000000	0.000000e+00
1.826883e+01	5.299804e+00	1.006422e-02	277306.000000	0.000000e+00
1.829337e+01	5.302751e+00	1.016379e-02	272202.000000	0.000000e+00
1.831793e+01	5.278590e+00	1.020185e-02	267718.000000	0.000000e+00
1.834250e+01	5.300906e+00	1.033692e-02	262977.000000	0.000000e+00
1.836701e+01	5.309056e+00	1.047106e-02	257071.000000	0.000000e+00
1.839152e+01	5.311759e+00	1.054481e-02	253746.000000	0.000000e+00
1.841609e+01	5.313469e+00	1.064291e-02	249250.000000	0.000000e+00
1.844064e+01	5.294115e+00	1.071380e-02	244174.000000	0.000000e+00
1.846515e+01	5.318598e+00	1.085451e-02	240090.000000	0.000000e+00
1.848971e+01	5.313016e+00	1.093669e-02	235999.000000	0.000000e+00
1.851428e+01	5.343998e+00	1.109999e-02	231786.000000	0.000000e+00
1.853881e+01	5.327136e+00	1.117955e-02	227059.000000	0.000000e+00
1.856328e+01	5.366105e+00	1.137924e-02	222378.000000	0.000000e+00
1.858784e+01	5.353178e+00	1.140796e-02	220195.000000	0.000000e+00
1.861244e+01	5.385373e+00	1.161434e-02	215002.000000	0.000000e+00
1.863693e+01	5.388717e+00	1.174414e-02	210537.000000	0.000000e+00
1.866143e+01	5.393188e+00	1.184612e-02	207271.000000	0.000000e+00
1.868601e+01	5.381951e+00	1.191961e-02	203871.000000	0.000000e+00
1.871055e+01	5.387739e+00	1.206976e-02	199258.000000	0.000000e+00
1.873503e+01	5.408748e+00	1.223802e-02	195331.000000	0.000000e+00
1.875958e+01	5.407679e+00	1.231121e-02	192939.000000	0.000000e+00
1.878417e+01	5.424014e+00	1.249643e-02	188395.000000	0.000000e+00
1.880870e+01	5.469576e+00	1.271709e-02	184983.000000	0.000000e+00
1.883322e+01	5.446721e+00	1.279479e-02	181219.000000	0.000000e+00
1.885775e+01	5.492167e+00	1.302211e-02	177879.000000	0.000000e+00
1.888231e+01	5.475756e+00	1.310338e-02	174631.000000	0.000000e+00
1.890684e+01	5.488520e+00	1.327656e-02	170899.000000	0.000000e+00
1.893134e+01	5.526092e+00	1.350437e-02	167451.000000	0.000000e+00
1.895590e+01	5.530458e+00	1.362021e-02	164875.000000	0.000000e+00
1.898046e+01	5.524581e+00	1.377435e-02	160863.000000	0.000000e+00
1.900495e+01	5.551118e+00	1.398306e-02	157600.000000	0.000000e+00
1.902946e+01	5.564406e+00	1.414040e-02	154851.000000	0.000000e+00
1.905406e+01	5.570899e+00	1.428346e-02	152119.000000	0.000000e+00
1.907863e+01	5.610153e+00	1.456269e-02	148411.000000	0.000000e+00
1.910311e+01	5.603921e+00	1.471956e-02	144942.000000	0.000000e+00
1.912765e+01	5.604420e+00	1.481930e-02	143023.000000	0.000000e+00
1.915226e+01	5.683602e+00	1.520860e-02	139659.000000	0.000000e+00
1.917678e+01	5.687512e+00	1.540884e-02	136240.000000	0.000000e+00
1.920124e+01	5.711010e+00	1.563522e-02	133419.000000	0.000000e+00
1.922581e+01	5.714704e+00	1.576537e-02	131395.000000	0.000000e+00
1.925040e+01	5.728926e+00	1.601759e-02	127924.000000	0.000000e+00
1.927489e+01	5.780147e+00	1.634748e-02	125019.000000	0.000000e+00
1.929941e+01	5.794942e+00	1.653997e-02	122752.000000	0.000000e+00
1.932402e+01	5.784391e+00	1.667539e-02	120327.000000	0.000000e+00
1.934855e+01	5.823802e+00	1.705025e-02	116668.000000	0.000000e+00
1.937298e+01	5.831767e+00	1.725533e-02	114223.000000	0.000000e+00
1.939755e+01	5.830269e+00	1.736007e-02	112791.000000	0.000000e+00
1.942217e+01	5.874967e+00	1.776935e-02	109312.000000	0.000000e+00
1.944667e+01	5.880262e+00	1.798321e-02	106920.000000	0.000000e+00
1.947113e+01	5.927929e+00	1.838129e-02	104005.000000	0.000000e+00
1.949570e+01	5.917123e+00	1.845464e-02	102804.000000	0.000000e+00
1.952032e+01	5.950499e+00	1.885194e-02	99631.000000	0.000000e+00
1.954482e+01	6.010614e+00	1.928818e-02	97108.000000	0.000000e+00
1.956930e+01	6.039581e+00	1.960169e-02	94935.000000	0.000000e+00
1.959391e+01	6.049892e+00	1.982261e-02	93148.000000	0.000000e+00
1.961850e+01	6.099748e+00	2.029330e-02	90348.000000	0.000000e+00
1.964294e+01	6.101021e+00	2.060133e-02	87703.000000	0.000000e+00
1.966740e+01	6.165112e+00	2.101358e-02	86076.000000	0.000000e+00
1.969204e+01	6.188310e+00	2.130104e-02	84400.000000	0.000000e+00
1.971660e+01	6.184066e+00	2.168433e-02	81331.000000	0.000000e+00
1.974103e+01	6.264007e+00	2.222285e-02	79452.000000	0.000000e+00
1.976563e+01	6.287103e+00	2.248839e-02	78160.000000	0.000000e+00
1.979032e+01	6.299317e+00	2.288770e-02	75750.000000	0.000000e+00
1.981482e+01	6.338849e+00	2.343755e-02	73147.000000	0.000000e+00
1.983914e+01	6.340841e+00	2.382832e-02	70812.000000	0.000000e+00
1.986374e+01	6.449362e+00	2.426631e-02	70636.000000	0.000000e+00
1.988844e+01	6.389817e+00	2.458058e-02	67576.000000	0.000000e+00
1.991292e+01	6.473092e+00	2.524875e-02	65727.000000	0.000000e+00
1.993736e+01	6.519751e+00	2.582490e-02	63736.000000	0.000000e+00
1.996197e+01	6.538867e+00	2.611622e-02	62688.000000	0.000000e+00
1.998658e+01	6.529142e+00	2.660108e-02	60244.000000	0.000000e+00
2.001095e+01	6.578525e+00	2.729890e-02	58072.000000	0.000000e+00
2.003547e+01	6.591048e+00	2.749924e-02	57447.000000	0.000000e+00
2.006019e+01	6.724342e+00	2.857157e-02	55390.000000	0.000000e+00
2.008472e+01	6.675518e+00	2.889754e-02	53364.000000	0.000000e+00
2.010903e+01	6.771468e+00	2.990609e-02	51268.000000	0.000000e+00
2.013363e+01	6.762083e+00	2.990083e-02	51144.000000	0.000000e+00
2.015842e+01	6.873288e+00	3.112284e-02	48772.000000	0.000000e+00
2.018288e+01	6.853377e+00	3.167027e-02	46828.000000	0.000000e+00
2.020721e+01	6.852473e+00	3.217017e-02	45372.000000	0.000000e+00
2.023181e+01	6.905975e+00	3.272312e-02	44539.000000	0.000000e+00
2.025650e+01	6.908443e+00	3.342447e-02	42720.000000	0.000000e+00
2.028095e+01	7.095306e+00	3.506860e-02	40936.000000	0.000000e+00
2.030542e+01	7.093707e+00	3.547829e-02	39978.000000	0.000000e+00
2.033011e+01	7.133504e+00	3.630482e-02	38608.000000	0.000000e+00
2.035466e+01	7.185130e+00	3.740835e-02	36892.000000	0.000000e+00
2.037892e+01	7.217283e+00	3.846387e-02	35208.000000	0.000000e+00
2.040348e+01	7.256667e+00	3.877744e-02	35020.000000	0.000000e+00
2.042837e+01	7.213965e+00	3.948961e-02	33372.000000	0.000000e+00
2.045281e+01	7.371726e+00	4.158781e-02	31420.000000	0.000000e+00
2.047697e+01	7.439017e+00	4.270222e-02	30348.000000	0.000000e+00
2.050165e+01	7.415135e+00	4.278279e-02	30040.000000	0.000000e+00
2.052659e+01	7.585352e+00	4.490969e-02	28528.000000	0.000000e+00
2.055100e+01	7.650788e+00	4.689060e-02	26622.000000	0.000000e+00
2.057510e+01	7.708957e+00	4.801248e-02	25780.000000	0.000000e+00
2.059985e+01	7.733024e+00	4.847171e-02	25452.000000	0.000000e+00
2.062477e+01	7.738482e+00	4.997251e-02	23980.000000	0.000000e+00
2.064904e+01	7.971236e+00	5.349462e-02	22204.000000	0.000000e+00
2.067328e+01	7.891092e+00	5.329386e-02	21924.000000	0.000000e+00
2.069813e+01	7.998095e+00	5.512390e-02	21052.000000	0.000000e+00
2.072282e+01	8.114847e+00	5.777485e-02	19728.000000	0.000000e+00
2.074689e+01	8.115834e+00	5.996776e-02	18316.000000	0.000000e+00
2.077148e+01	8.207971e+00	6.031035e-02	18522.000000	0.000000e+00
2.079650e+01	8.233226e+00	6.304221e-02	17056.000000	0.000000e+00
2.082086e+01	8.319722e+00	6.597761e-02	15901.000000	0.000000e+00
2.084494e+01	8.404424e+00	6.832188e-02	15132.000000	0.000000e+00
2.086988e+01	8.617026e+00	7.032023e-02	15016.000000	0.000000e+00
2.089484e+01	8.719999e+00	7.488358e-02	13560.000000	0.000000e+00
2.091874e+01	8.599170e+00	7.711097e-02	12436.000000	0.000000e+00
2.094286e+01	8.723441e+00	7.861827e-02	12312.000000	0.000000e+00
2.096835e+01	8.836654e+00	8.061353e-02	12016.000000	0.000000e+00
2.099333e+01	8.968178e+00	8.788109e-02	10414.000000	0.000000e+00
2.101635e+01	9.167531e+00	9.518576e-02	9276.000000	0.000000e+00
2.104066e+01	9.106537e+00	9.124347e-02	9961.000000	0.000000e+00
2.106684e+01	9.319303e+00	9.701293e-02	9228.000000	0.000000e+00
2.109169e+01	9.416020e+00	1.070832e-01	7732.000000	0.000000e+00
2.111385e+01	9.419417e+00	1.145986e-01	6756.000000	0.000000e+00
2.113864e+01	9.584188e+00	1.088269e-01	7756.000000	0.000000e+00
2.116547e+01	9.663423e+00	1.170143e-01	6820.000000	0.000000e+00
2.118998e+01	9.495240e+00	1.297193e-01	5358.000000	0.000000e+00
2.121167e+01	9.797811e+00	1.386591e-01	4993.000000	0.000000e+00
2.123701e+01	9.956855e+00	1.340148e-01	5520.000000	0.000000e+00
2.126409e+01	9.799395e+00	1.415601e-01	4792.000000	0.000000e+00
2.128812e+01	1.016862e+01	1.734744e-01	3436.000000	0.000000e+00
2.130920e+01	1.008239e+01	1.709126e-01	3480.000000	0.000000e+00
2.133536e+01	1.014523e+01	1.663152e-01	3721.000000	0.000000e+00
2.136298e+01	1.027374e+01	1.835768e-01	3132.000000	0.000000e+00
2.138535e+01	1.032734e+01	2.451949e-01	1774.000000	0.000000e+00
2.140616e+01	1.049704e+01	2.137362e-01	2412.000000	0.000000e+00
2.143360e+01	1.072228e+01	2.279788e-01	2212.000000	0.000000e+00
2.146162e+01	1.041185e+01	2.429257e-01	1837.000000	0.000000e+00
2.148292e+01	1.088181e+01	3.809397e-01	816.000000	0.000000e+00
2.150387e+01	1.107319e+01	2.989480e-01	1372.000000	0.000000e+00
2.153200e+01	1.110989e+01	3.362005e-01	1092.000000	0.000000e+00
2.156014e+01	1.163505e+01	4.004948e-01	844.000000	0.000000e+00
2.158178e+01	1.194918e+01	6.489903e-01	339.000000	0.000000e+00
2.160234e+01	1.281621e+01	5.556532e-01	532.000000	0.000000e+00
2.163046e+01	1.316975e+01	6.902825e-01	364.000000	0.000000e+00
2.165853e+01	1.312729e+01	8.693759e-01	228.000000	0.000000e+00
2.168066e+01	1.410054e+01	1.650343e+00	73.000000	0.000000e+00
2.170037e+01	1.180322e+01	1.287836e+00	84.000000	0.000000e+00
2.172766e+01	9.779858e+00	1.848219e+00	28.000000	0.000000e+00
2.175143e+01	6.599545e+00	3.810249e+00	3.000000	0.000000e+00
