# [<k> (h/Mpc)]	[<P_0(k)> (Mpc/h)^3]	[ErrorBar (Mpc/h)^3]	nModes	[<P_2(k)> (Mpc/h)^3]
3.476422e-02	2.219322e+04	6.155293e+03	13.000000	0.000000e+00
5.890282e-02	9.179776e+03	1.597994e+03	33.000000	0.000000e+00
8.378087e-02	7.941122e+03	8.934460e+02	79.000000	0.000000e+00
1.087368e-01	4.260631e+03	3.938955e+02	117.000000	0.000000e+00
1.341836e-01	3.191906e+03	2.229324e+02	205.000000	0.000000e+00
1.581206e-01	2.579759e+03	1.682849e+02	235.000000	0.000000e+00
1.826843e-01	2.350850e+03	1.223804e+02	369.000000	0.000000e+00
2.073525e-01	1.947792e+03	9.360492e+01	433.000000	0.000000e+00
2.322407e-01	1.707351e+03	7.059026e+01	585.000000	0.000000e+00
2.568838e-01	1.415585e+03	5.432518e+01	679.000000	0.000000e+00
2.811185e-01	1.252785e+03	4.393710e+01	813.000000	0.000000e+00
3.057758e-01	1.098327e+03	3.499559e+01	985.000000	0.000000e+00
3.308750e-01	1.026176e+03	2.983525e+01	1183.000000	0.000000e+00
3.553459e-01	9.069000e+02	2.545825e+01	1269.000000	0.000000e+00
3.797184e-01	8.613172e+02	2.196980e+01	1537.000000	0.000000e+00
4.042043e-01	7.823403e+02	1.924240e+01	1653.000000	0.000000e+00
4.287408e-01	7.218167e+02	1.629171e+01	1963.000000	0.000000e+00
4.533372e-01	7.126225e+02	1.547352e+01	2121.000000	0.000000e+00
4.779960e-01	6.714934e+02	1.366983e+01	2413.000000	0.000000e+00
5.026630e-01	6.386031e+02	1.244058e+01	2635.000000	0.000000e+00
5.271488e-01	5.985834e+02	1.115976e+01	2877.000000	0.000000e+00
5.515428e-01	5.714372e+02	1.015097e+01	3169.000000	0.000000e+00
5.762241e-01	5.357360e+02	9.046550e+00	3507.000000	0.000000e+00
6.007286e-01	5.288998e+02	8.712739e+00	3685.000000	0.000000e+00
6.252569e-01	4.956069e+02	7.679445e+00	4165.000000	0.000000e+00
6.499966e-01	4.836107e+02	7.309836e+00	4377.000000	0.000000e+00
6.746858e-01	4.847767e+02	6.957402e+00	4855.000000	0.000000e+00
6.991271e-01	4.450964e+02	6.339788e+00	4929.000000	0.000000e+00
7.235757e-01	4.357518e+02	5.832881e+00	5581.000000	0.000000e+00
7.479714e-01	4.327089e+02	5.741957e+00	5679.000000	0.000000e+00
7.726133e-01	4.094435e+02	5.124052e+00	6385.000000	0.000000e+00
7.972413e-01	4.014800e+02	4.959568e+00	6553.000000	0.000000e+00
8.218513e-01	3.891230e+02	4.609932e+00	7125.000000	0.000000e+00
8.464491e-01	3.862307e+02	4.475650e+00	7447.000000	0.000000e+00
8.709767e-01	3.701696e+02	4.157110e+00	7929.000000	0.000000e+00
8.955547e-01	3.596249e+02	3.934853e+00	8353.000000	0.000000e+00
9.199772e-01	3.420670e+02	3.651637e+00	8775.000000	0.000000e+00
9.444963e-01	3.390687e+02	3.513524e+00	9313.000000	0.000000e+00
9.690846e-01	3.230236e+02	3.256227e+00	9841.000000	0.000000e+00
9.935517e-01	3.244764e+02	3.214213e+00	10191.000000	0.000000e+00
1.018099e+00	3.097565e+02	2.967338e+00	10897.000000	0.000000e+00
1.042679e+00	3.063010e+02	2.881310e+00	11301.000000	0.000000e+00
1.067353e+00	2.963329e+02	2.702324e+00	12025.000000	0.000000e+00
1.092004e+00	2.904676e+02	2.606061e+00	12423.000000	0.000000e+00
1.116549e+00	2.853639e+02	2.500788e+00	13021.000000	0.000000e+00
1.140967e+00	2.790913e+02	2.410532e+00	13405.000000	0.000000e+00
1.165410e+00	2.753093e+02	2.306530e+00	14247.000000	0.000000e+00
1.189942e+00	2.650791e+02	2.189839e+00	14653.000000	0.000000e+00
1.214340e+00	2.595535e+02	2.096106e+00	15333.000000	0.000000e+00
1.238824e+00	2.556290e+02	2.024153e+00	15949.000000	0.000000e+00
1.263616e+00	2.519023e+02	1.928659e+00	17059.000000	0.000000e+00
1.288278e+00	2.457868e+02	1.879744e+00	17097.000000	0.000000e+00
1.312698e+00	2.407264e+02	1.796016e+00	17965.000000	0.000000e+00
1.337129e+00	2.331240e+02	1.712527e+00	18531.000000	0.000000e+00
1.361846e+00	2.331133e+02	1.662172e+00	19669.000000	0.000000e+00
1.386459e+00	2.249936e+02	1.595218e+00	19893.000000	0.000000e+00
1.410760e+00	2.242981e+02	1.567139e+00	20485.000000	0.000000e+00
1.435294e+00	2.198214e+02	1.490495e+00	21751.000000	0.000000e+00
1.459966e+00	2.127543e+02	1.427624e+00	22209.000000	0.000000e+00
1.484553e+00	2.111737e+02	1.391198e+00	23041.000000	0.000000e+00
1.509059e+00	2.059291e+02	1.337907e+00	23691.000000	0.000000e+00
1.533565e+00	2.022468e+02	1.293243e+00	24457.000000	0.000000e+00
1.558284e+00	1.964517e+02	1.223126e+00	25797.000000	0.000000e+00
1.582818e+00	1.936190e+02	1.209481e+00	25627.000000	0.000000e+00
1.607259e+00	1.894297e+02	1.148227e+00	27217.000000	0.000000e+00
1.631809e+00	1.864717e+02	1.123466e+00	27549.000000	0.000000e+00
1.656366e+00	1.835162e+02	1.081136e+00	28813.000000	0.000000e+00
1.680925e+00	1.820867e+02	1.062765e+00	29355.000000	0.000000e+00
1.705257e+00	1.759165e+02	1.017062e+00	29917.000000	0.000000e+00
1.729806e+00	1.745653e+02	9.811842e-01	31653.000000	0.000000e+00
1.754462e+00	1.702616e+02	9.525211e-01	31951.000000	0.000000e+00
1.778992e+00	1.650404e+02	9.076791e-01	33061.000000	0.000000e+00
1.803411e+00	1.636212e+02	8.926669e-01	33597.000000	0.000000e+00
1.827963e+00	1.597029e+02	8.512554e-01	35197.000000	0.000000e+00
1.852647e+00	1.577640e+02	8.335408e-01	35823.000000	0.000000e+00
1.877249e+00	1.544639e+02	8.035736e-01	36949.000000	0.000000e+00
1.901733e+00	1.518154e+02	7.859756e-01	37309.000000	0.000000e+00
1.926241e+00	1.493510e+02	7.555421e-01	39075.000000	0.000000e+00
1.950830e+00	1.475869e+02	7.437872e-01	39373.000000	0.000000e+00
1.975308e+00	1.456007e+02	7.205393e-01	40833.000000	0.000000e+00
1.999729e+00	1.430679e+02	7.048192e-01	41203.000000	0.000000e+00
2.024419e+00	1.376744e+02	6.586690e-01	43689.000000	0.000000e+00
2.049126e+00	1.368261e+02	6.559327e-01	43513.000000	0.000000e+00
2.073508e+00	1.347856e+02	6.393977e-01	44437.000000	0.000000e+00
2.097846e+00	1.333643e+02	6.241864e-01	45651.000000	0.000000e+00
2.122473e+00	1.310774e+02	6.015192e-01	47485.000000	0.000000e+00
2.147106e+00	1.277054e+02	5.831297e-01	47961.000000	0.000000e+00
2.171601e+00	1.262163e+02	5.693338e-01	49147.000000	0.000000e+00
2.196158e+00	1.249987e+02	5.572031e-01	50325.000000	0.000000e+00
2.220735e+00	1.225916e+02	5.394234e-01	51649.000000	0.000000e+00
2.245251e+00	1.216014e+02	5.324745e-01	52153.000000	0.000000e+00
2.269729e+00	1.187882e+02	5.114531e-01	53943.000000	0.000000e+00
2.294271e+00	1.159978e+02	4.959845e-01	54697.000000	0.000000e+00
2.318928e+00	1.149558e+02	4.825776e-01	56745.000000	0.000000e+00
2.343538e+00	1.123059e+02	4.703690e-01	57007.000000	0.000000e+00
2.368026e+00	1.106499e+02	4.576337e-01	58461.000000	0.000000e+00
2.392423e+00	1.090822e+02	4.489284e-01	59041.000000	0.000000e+00
2.416863e+00	1.074657e+02	4.350625e-01	61015.000000	0.000000e+00
2.441509e+00	1.057928e+02	4.227083e-01	62637.000000	0.000000e+00
2.466080e+00	1.047243e+02	4.166730e-01	63169.000000	0.000000e+00
2.490575e+00	1.024062e+02	4.028960e-01	64605.000000	0.000000e+00
2.515186e+00	1.003523e+02	3.891874e-01	66487.000000	0.000000e+00
2.539777e+00	9.863137e+01	3.809524e-01	67033.000000	0.000000e+00
2.564215e+00	9.787524e+01	3.746711e-01	68241.000000	0.000000e+00
2.588707e+00	9.585586e+01	3.623244e-01	69991.000000	0.000000e+00
2.613337e+00	9.473462e+01	3.542750e-01	71505.000000	0.000000e+00
2.637925e+00	9.317973e+01	3.455631e-01	72709.000000	0.000000e+00
2.662420e+00	9.164533e+01	3.381010e-01	73473.000000	0.000000e+00
2.686963e+00	9.022649e+01	3.277974e-01	75763.000000	0.000000e+00
2.711515e+00	8.860642e+01	3.208588e-01	76261.000000	0.000000e+00
2.735982e+00	8.756993e+01	3.135808e-01	77985.000000	0.000000e+00
2.760573e+00	8.674519e+01	3.066695e-01	80011.000000	0.000000e+00
2.785237e+00	8.451152e+01	2.969267e-01	81009.000000	0.000000e+00
2.809671e+00	8.380694e+01	2.933812e-01	81601.000000	0.000000e+00
2.834151e+00	8.235655e+01	2.840202e-01	84081.000000	0.000000e+00
2.858722e+00	8.140298e+01	2.789491e-01	85159.000000	0.000000e+00
2.883250e+00	7.942547e+01	2.697975e-01	86665.000000	0.000000e+00
2.907819e+00	7.893607e+01	2.655794e-01	88341.000000	0.000000e+00
2.932335e+00	7.814393e+01	2.612370e-01	89479.000000	0.000000e+00
2.956914e+00	7.660372e+01	2.532150e-01	91521.000000	0.000000e+00
2.981449e+00	7.578121e+01	2.492682e-01	92425.000000	0.000000e+00
3.005876e+00	7.514970e+01	2.456620e-01	93579.000000	0.000000e+00
3.030403e+00	7.398039e+01	2.383972e-01	96301.000000	0.000000e+00
3.055041e+00	7.258395e+01	2.322678e-01	97657.000000	0.000000e+00
3.079692e+00	7.141202e+01	2.265131e-01	99393.000000	0.000000e+00
3.104241e+00	7.058882e+01	2.230041e-01	100195.000000	0.000000e+00
3.128710e+00	7.006269e+01	2.196884e-01	101709.000000	0.000000e+00
3.153123e+00	6.847844e+01	2.133492e-01	103021.000000	0.000000e+00
3.177619e+00	6.795047e+01	2.090962e-01	105607.000000	0.000000e+00
3.202185e+00	6.685260e+01	2.045570e-01	106809.000000	0.000000e+00
3.226708e+00	6.605731e+01	2.004380e-01	108613.000000	0.000000e+00
3.251321e+00	6.476592e+01	1.945870e-01	110781.000000	0.000000e+00
3.275882e+00	6.384125e+01	1.910670e-01	111643.000000	0.000000e+00
3.300393e+00	6.337846e+01	1.879905e-01	113661.000000	0.000000e+00
3.324955e+00	6.243713e+01	1.839085e-01	115261.000000	0.000000e+00
3.349528e+00	6.175030e+01	1.801633e-01	117475.000000	0.000000e+00
3.374087e+00	6.127127e+01	1.780743e-01	118389.000000	0.000000e+00
3.398541e+00	6.010163e+01	1.734891e-01	120013.000000	0.000000e+00
3.423011e+00	5.934442e+01	1.699730e-01	121899.000000	0.000000e+00
3.447546e+00	5.843827e+01	1.658753e-01	124117.000000	0.000000e+00
3.472176e+00	5.783445e+01	1.624993e-01	126669.000000	0.000000e+00
3.496772e+00	5.705126e+01	1.601143e-01	126961.000000	0.000000e+00
3.521302e+00	5.627137e+01	1.561318e-01	129895.000000	0.000000e+00
3.545845e+00	5.584871e+01	1.546225e-01	130461.000000	0.000000e+00
3.570351e+00	5.504987e+01	1.507673e-01	133321.000000	0.000000e+00
3.594817e+00	5.428824e+01	1.485132e-01	133623.000000	0.000000e+00
3.619340e+00	5.344664e+01	1.441805e-01	137413.000000	0.000000e+00
3.643921e+00	5.293737e+01	1.423783e-01	138241.000000	0.000000e+00
3.668501e+00	5.212138e+01	1.388246e-01	140961.000000	0.000000e+00
3.693083e+00	5.139357e+01	1.362621e-01	142255.000000	0.000000e+00
3.717636e+00	5.103606e+01	1.344148e-01	144165.000000	0.000000e+00
3.742123e+00	5.020793e+01	1.316850e-01	145369.000000	0.000000e+00
3.766623e+00	4.970126e+01	1.291090e-01	148191.000000	0.000000e+00
3.791211e+00	4.899846e+01	1.264322e-01	150193.000000	0.000000e+00
3.815740e+00	4.858397e+01	1.248302e-01	151477.000000	0.000000e+00
3.840250e+00	4.791836e+01	1.222029e-01	153759.000000	0.000000e+00
3.864816e+00	4.744213e+01	1.200697e-01	156121.000000	0.000000e+00
3.889416e+00	4.687116e+01	1.178318e-01	158229.000000	0.000000e+00
3.913984e+00	4.631206e+01	1.159204e-01	159613.000000	0.000000e+00
3.938439e+00	4.577491e+01	1.141342e-01	160851.000000	0.000000e+00
3.962856e+00	4.536490e+01	1.123813e-01	162949.000000	0.000000e+00
3.987408e+00	4.467932e+01	1.093778e-01	166861.000000	0.000000e+00
4.011951e+00	4.431038e+01	1.084467e-01	166947.000000	0.000000e+00
4.036502e+00	4.365628e+01	1.056310e-01	170809.000000	0.000000e+00
4.061101e+00	4.319473e+01	1.041393e-01	172041.000000	0.000000e+00
4.085632e+00	4.285687e+01	1.027979e-01	173809.000000	0.000000e+00
4.110226e+00	4.225460e+01	1.003293e-01	177375.000000	0.000000e+00
4.134760e+00	4.187025e+01	9.952842e-02	176977.000000	0.000000e+00
4.159247e+00	4.144154e+01	9.745448e-02	180829.000000	0.000000e+00
4.183807e+00	4.087869e+01	9.566803e-02	182583.000000	0.000000e+00
4.208321e+00	4.046781e+01	9.431415e-02	184105.000000	0.000000e+00
4.232839e+00	3.998070e+01	9.238248e-02	187293.000000	0.000000e+00
4.257376e+00	3.949095e+01	9.099949e-02	188329.000000	0.000000e+00
4.281944e+00	3.919951e+01	8.935536e-02	192451.000000	0.000000e+00
4.306505e+00	3.906948e+01	8.902795e-02	192585.000000	0.000000e+00
4.331033e+00	3.811577e+01	8.606906e-02	196117.000000	0.000000e+00
4.355617e+00	3.790228e+01	8.513454e-02	198207.000000	0.000000e+00
4.380161e+00	3.747577e+01	8.388293e-02	199597.000000	0.000000e+00
4.404676e+00	3.716850e+01	8.258505e-02	202557.000000	0.000000e+00
4.429249e+00	3.670632e+01	8.110097e-02	204847.000000	0.000000e+00
4.453772e+00	3.627959e+01	7.986740e-02	206341.000000	0.000000e+00
4.478282e+00	3.596345e+01	7.862539e-02	209217.000000	0.000000e+00
4.502777e+00	3.564868e+01	7.769844e-02	210505.000000	0.000000e+00
4.527289e+00	3.528270e+01	7.621698e-02	214299.000000	0.000000e+00
4.551889e+00	3.478235e+01	7.474202e-02	216565.000000	0.000000e+00
4.576426e+00	3.439955e+01	7.370601e-02	217821.000000	0.000000e+00
4.600893e+00	3.413905e+01	7.276239e-02	220135.000000	0.000000e+00
4.625467e+00	3.385324e+01	7.147938e-02	224305.000000	0.000000e+00
4.650035e+00	3.344777e+01	7.052773e-02	224913.000000	0.000000e+00
4.674541e+00	3.306201e+01	6.928074e-02	227737.000000	0.000000e+00
4.699104e+00	3.266796e+01	6.799410e-02	230835.000000	0.000000e+00
4.723670e+00	3.246079e+01	6.728048e-02	232777.000000	0.000000e+00
4.748182e+00	3.211773e+01	6.634126e-02	234381.000000	0.000000e+00
4.772682e+00	3.174799e+01	6.512426e-02	237655.000000	0.000000e+00
4.797203e+00	3.154273e+01	6.447813e-02	239317.000000	0.000000e+00
4.821755e+00	3.112254e+01	6.306560e-02	243537.000000	0.000000e+00
4.846361e+00	3.082601e+01	6.224912e-02	245227.000000	0.000000e+00
4.870915e+00	3.049804e+01	6.133199e-02	247269.000000	0.000000e+00
4.895426e+00	3.029080e+01	6.062709e-02	249625.000000	0.000000e+00
4.919952e+00	2.994307e+01	5.960818e-02	252337.000000	0.000000e+00
4.944496e+00	2.977089e+01	5.891600e-02	255339.000000	0.000000e+00
4.969013e+00	2.936752e+01	5.799002e-02	256465.000000	0.000000e+00
4.993562e+00	2.916821e+01	5.706404e-02	261273.000000	0.000000e+00
5.018138e+00	2.885534e+01	5.634487e-02	262267.000000	0.000000e+00
5.042642e+00	2.856804e+01	5.552889e-02	264681.000000	0.000000e+00
5.067215e+00	2.827245e+01	5.450239e-02	269089.000000	0.000000e+00
5.091775e+00	2.801637e+01	5.398224e-02	269353.000000	0.000000e+00
5.116309e+00	2.771958e+01	5.295216e-02	274035.000000	0.000000e+00
5.140838e+00	2.751966e+01	5.254744e-02	274273.000000	0.000000e+00
5.165333e+00	2.709720e+01	5.134506e-02	278517.000000	0.000000e+00
5.189818e+00	2.698853e+01	5.105470e-02	279439.000000	0.000000e+00
5.214351e+00	2.666159e+01	4.996304e-02	284757.000000	0.000000e+00
5.238947e+00	2.652378e+01	4.956157e-02	286405.000000	0.000000e+00
5.263479e+00	2.623811e+01	4.884750e-02	288523.000000	0.000000e+00
5.288002e+00	2.603467e+01	4.820765e-02	291657.000000	0.000000e+00
5.312546e+00	2.577203e+01	4.750065e-02	294373.000000	0.000000e+00
5.337121e+00	2.554065e+01	4.680060e-02	297825.000000	0.000000e+00
5.361672e+00	2.527158e+01	4.618783e-02	299371.000000	0.000000e+00
5.386196e+00	2.498401e+01	4.541698e-02	302613.000000	0.000000e+00
5.410715e+00	2.485264e+01	4.502815e-02	304633.000000	0.000000e+00
5.435244e+00	2.463045e+01	4.434307e-02	308527.000000	0.000000e+00
5.459823e+00	2.443989e+01	4.379930e-02	311361.000000	0.000000e+00
5.484389e+00	2.417864e+01	4.314169e-02	314101.000000	0.000000e+00
5.508889e+00	2.390673e+01	4.261206e-02	314757.000000	0.000000e+00
5.533464e+00	2.374081e+01	4.182891e-02	322135.000000	0.000000e+00
5.558036e+00	2.356324e+01	4.164618e-02	320125.000000	0.000000e+00
5.582484e+00	2.333511e+01	4.095411e-02	324657.000000	0.000000e+00
5.606956e+00	2.308403e+01	4.040322e-02	326431.000000	0.000000e+00
5.631560e+00	2.290698e+01	3.965965e-02	333609.000000	0.000000e+00
5.656168e+00	2.271103e+01	3.935628e-02	333001.000000	0.000000e+00
5.680698e+00	2.253716e+01	3.883956e-02	336705.000000	0.000000e+00
5.705204e+00	2.228515e+01	3.830652e-02	338443.000000	0.000000e+00
5.729704e+00	2.213553e+01	3.784095e-02	342181.000000	0.000000e+00
5.754232e+00	2.187824e+01	3.723973e-02	345153.000000	0.000000e+00
5.778772e+00	2.169870e+01	3.675006e-02	348619.000000	0.000000e+00
5.803342e+00	2.148145e+01	3.623637e-02	351429.000000	0.000000e+00
5.827902e+00	2.130675e+01	3.577512e-02	354709.000000	0.000000e+00
5.852409e+00	2.121544e+01	3.556640e-02	355815.000000	0.000000e+00
5.876957e+00	2.100556e+01	3.492608e-02	361717.000000	0.000000e+00
5.901534e+00	2.087355e+01	3.465259e-02	362845.000000	0.000000e+00
5.926030e+00	2.070457e+01	3.426196e-02	365181.000000	0.000000e+00
5.950548e+00	2.053674e+01	3.376918e-02	369847.000000	0.000000e+00
5.975137e+00	2.028836e+01	3.321229e-02	373161.000000	0.000000e+00
5.999657e+00	2.019606e+01	3.302916e-02	373885.000000	0.000000e+00
6.024161e+00	2.002659e+01	3.253081e-02	378987.000000	0.000000e+00
6.048714e+00	1.987177e+01	3.218224e-02	381277.000000	0.000000e+00
6.073267e+00	1.964861e+01	3.164701e-02	385477.000000	0.000000e+00
6.097868e+00	1.954345e+01	3.134101e-02	388845.000000	0.000000e+00
6.122369e+00	1.936543e+01	3.106471e-02	388615.000000	0.000000e+00
6.146867e+00	1.913821e+01	3.044781e-02	395085.000000	0.000000e+00
6.171452e+00	1.907226e+01	3.025510e-02	397381.000000	0.000000e+00
6.195974e+00	1.888295e+01	2.986139e-02	399871.000000	0.000000e+00
6.220444e+00	1.871400e+01	2.953437e-02	401493.000000	0.000000e+00
6.244986e+00	1.854044e+01	2.899292e-02	408937.000000	0.000000e+00
6.269588e+00	1.842979e+01	2.878983e-02	409791.000000	0.000000e+00
6.294124e+00	1.825048e+01	2.839817e-02	413017.000000	0.000000e+00
6.318633e+00	1.814349e+01	2.813837e-02	415761.000000	0.000000e+00
6.343202e+00	1.801642e+01	2.777136e-02	420865.000000	0.000000e+00
6.367770e+00	1.785617e+01	2.746235e-02	422767.000000	0.000000e+00
6.392288e+00	1.771418e+01	2.715887e-02	425421.000000	0.000000e+00
6.416837e+00	1.759790e+01	2.682018e-02	430525.000000	0.000000e+00
6.441383e+00	1.742236e+01	2.651529e-02	431739.000000	0.000000e+00
6.465913e+00	1.736896e+01	2.628871e-02	436525.000000	0.000000e+00
6.490433e+00	1.720032e+01	2.597900e-02	438357.000000	0.000000e+00
6.514946e+00	1.705929e+01	2.564855e-02	442381.000000	0.000000e+00
6.539518e+00	1.693102e+01	2.530801e-02	447559.000000	0.000000e+00
6.564059e+00	1.681253e+01	2.512578e-02	447741.000000	0.000000e+00
6.588587e+00	1.667457e+01	2.475124e-02	453853.000000	0.000000e+00
6.613110e+00	1.659817e+01	2.462216e-02	454431.000000	0.000000e+00
6.637622e+00	1.641809e+01	2.420818e-02	459961.000000	0.000000e+00
6.662172e+00	1.631414e+01	2.398181e-02	462769.000000	0.000000e+00
6.686693e+00	1.620338e+01	2.374242e-02	465759.000000	0.000000e+00
6.711227e+00	1.605472e+01	2.341929e-02	469957.000000	0.000000e+00
6.735777e+00	1.593940e+01	2.316439e-02	473481.000000	0.000000e+00
6.760323e+00	1.581040e+01	2.291013e-02	476245.000000	0.000000e+00
6.784855e+00	1.568386e+01	2.263057e-02	480303.000000	0.000000e+00
6.809427e+00	1.555015e+01	2.233855e-02	484573.000000	0.000000e+00
6.833979e+00	1.550410e+01	2.222841e-02	486493.000000	0.000000e+00
6.858503e+00	1.540708e+01	2.199640e-02	490611.000000	0.000000e+00
6.883055e+00	1.524535e+01	2.168481e-02	494269.000000	0.000000e+00
6.907584e+00	1.515608e+01	2.149253e-02	497277.000000	0.000000e+00
6.932134e+00	1.502047e+01	2.120645e-02	501685.000000	0.000000e+00
6.956669e+00	1.493117e+01	2.102909e-02	504135.000000	0.000000e+00
6.981221e+00	1.480925e+01	2.075442e-02	509149.000000	0.000000e+00
7.005753e+00	1.471814e+01	2.059691e-02	510625.000000	0.000000e+00
7.030233e+00	1.460936e+01	2.036867e-02	514443.000000	0.000000e+00
7.054782e+00	1.450744e+01	2.011756e-02	520033.000000	0.000000e+00
7.079343e+00	1.441909e+01	1.994226e-02	522789.000000	0.000000e+00
7.103883e+00	1.425958e+01	1.966120e-02	526009.000000	0.000000e+00
7.128424e+00	1.417435e+01	1.946125e-02	530475.000000	0.000000e+00
7.152965e+00	1.412486e+01	1.934744e-02	532993.000000	0.000000e+00
7.177501e+00	1.401264e+01	1.911257e-02	537529.000000	0.000000e+00
7.202013e+00	1.392044e+01	1.894874e-02	539691.000000	0.000000e+00
7.226577e+00	1.382266e+01	1.869572e-02	546637.000000	0.000000e+00
7.251125e+00	1.370000e+01	1.852439e-02	546957.000000	0.000000e+00
7.275651e+00	1.362809e+01	1.833192e-02	552655.000000	0.000000e+00
7.300226e+00	1.351460e+01	1.811340e-02	556681.000000	0.000000e+00
7.324759e+00	1.342006e+01	1.795736e-02	558501.000000	0.000000e+00
7.349299e+00	1.334842e+01	1.777117e-02	564193.000000	0.000000e+00
7.373825e+00	1.325314e+01	1.762312e-02	565551.000000	0.000000e+00
7.398312e+00	1.310931e+01	1.736625e-02	569833.000000	0.000000e+00
7.422892e+00	1.308717e+01	1.722310e-02	577389.000000	0.000000e+00
7.447442e+00	1.295855e+01	1.706948e-02	576331.000000	0.000000e+00
7.471956e+00	1.290077e+01	1.689803e-02	582853.000000	0.000000e+00
7.496499e+00	1.277494e+01	1.668969e-02	585897.000000	0.000000e+00
7.521014e+00	1.271846e+01	1.657718e-02	588637.000000	0.000000e+00
7.545557e+00	1.261109e+01	1.634567e-02	595251.000000	0.000000e+00
7.570086e+00	1.258051e+01	1.629785e-02	595849.000000	0.000000e+00
7.594613e+00	1.245517e+01	1.604945e-02	602253.000000	0.000000e+00
7.619172e+00	1.239219e+01	1.592065e-02	605863.000000	0.000000e+00
7.643756e+00	1.231108e+01	1.575146e-02	610873.000000	0.000000e+00
7.668263e+00	1.220324e+01	1.562013e-02	610353.000000	0.000000e+00
7.692777e+00	1.214995e+01	1.544781e-02	618607.000000	0.000000e+00
7.717371e+00	1.206590e+01	1.529678e-02	622185.000000	0.000000e+00
7.741929e+00	1.197602e+01	1.514573e-02	625237.000000	0.000000e+00
7.766457e+00	1.189465e+01	1.500935e-02	628029.000000	0.000000e+00
7.790953e+00	1.184832e+01	1.490414e-02	631975.000000	0.000000e+00
7.815489e+00	1.175275e+01	1.471943e-02	637525.000000	0.000000e+00
7.840050e+00	1.169491e+01	1.459807e-02	641805.000000	0.000000e+00
7.864588e+00	1.162506e+01	1.448249e-02	644323.000000	0.000000e+00
7.889126e+00	1.152711e+01	1.430434e-02	649389.000000	0.000000e+00
7.913643e+00	1.146699e+01	1.420439e-02	651709.000000	0.000000e+00
7.938181e+00	1.138347e+01	1.403007e-02	658309.000000	0.000000e+00
7.962760e+00	1.129810e+01	1.387961e-02	662607.000000	0.000000e+00
7.987311e+00	1.125809e+01	1.381348e-02	664237.000000	0.000000e+00
8.011811e+00	1.115317e+01	1.364442e-02	668169.000000	0.000000e+00
8.036325e+00	1.109364e+01	1.351662e-02	673615.000000	0.000000e+00
8.060868e+00	1.102657e+01	1.339485e-02	677649.000000	0.000000e+00
8.085446e+00	1.095271e+01	1.324426e-02	683893.000000	0.000000e+00
8.109989e+00	1.089197e+01	1.317069e-02	683905.000000	0.000000e+00
8.134471e+00	1.081432e+01	1.302976e-02	688851.000000	0.000000e+00
8.159038e+00	1.075912e+01	1.288551e-02	697189.000000	0.000000e+00
8.183598e+00	1.067349e+01	1.279158e-02	696249.000000	0.000000e+00
8.208073e+00	1.062015e+01	1.268087e-02	701395.000000	0.000000e+00
8.232590e+00	1.053172e+01	1.252980e-02	706497.000000	0.000000e+00
8.257144e+00	1.048233e+01	1.242027e-02	712285.000000	0.000000e+00
8.281710e+00	1.041906e+01	1.231613e-02	715663.000000	0.000000e+00
8.306271e+00	1.034174e+01	1.218738e-02	720057.000000	0.000000e+00
8.330826e+00	1.028558e+01	1.208326e-02	724585.000000	0.000000e+00
8.355374e+00	1.025429e+01	1.202435e-02	727257.000000	0.000000e+00
8.379901e+00	1.017536e+01	1.188737e-02	732703.000000	0.000000e+00
8.404418e+00	1.010539e+01	1.178854e-02	734829.000000	0.000000e+00
8.428928e+00	1.005006e+01	1.167752e-02	740689.000000	0.000000e+00
8.453504e+00	9.992971e+00	1.155447e-02	747979.000000	0.000000e+00
8.478051e+00	9.913036e+00	1.146976e-02	746973.000000	0.000000e+00
8.502580e+00	9.865126e+00	1.134335e-02	756349.000000	0.000000e+00
8.527138e+00	9.817929e+00	1.128697e-02	756633.000000	0.000000e+00
8.551634e+00	9.761015e+00	1.118489e-02	761599.000000	0.000000e+00
8.576156e+00	9.690426e+00	1.106359e-02	767173.000000	0.000000e+00
8.600697e+00	9.656694e+00	1.099582e-02	771261.000000	0.000000e+00
8.625259e+00	9.592188e+00	1.087822e-02	777535.000000	0.000000e+00
8.649836e+00	9.559631e+00	1.081976e-02	780633.000000	0.000000e+00
8.674376e+00	9.494224e+00	1.071765e-02	784729.000000	0.000000e+00
8.698927e+00	9.416217e+00	1.059577e-02	789747.000000	0.000000e+00
8.723450e+00	9.364181e+00	1.052293e-02	791893.000000	0.000000e+00
8.747957e+00	9.318603e+00	1.043367e-02	797677.000000	0.000000e+00
8.772521e+00	9.256793e+00	1.032088e-02	804429.000000	0.000000e+00
8.797047e+00	9.205404e+00	1.026291e-02	804535.000000	0.000000e+00
8.821541e+00	9.170148e+00	1.018364e-02	810861.000000	0.000000e+00
8.846076e+00	9.110287e+00	1.008325e-02	816325.000000	0.000000e+00
8.870641e+00	9.052290e+00	9.981990e-03	822399.000000	0.000000e+00
8.895170e+00	9.014942e+00	9.940167e-03	822505.000000	0.000000e+00
8.919713e+00	8.968434e+00	9.828416e-03	832657.000000	0.000000e+00
8.944263e+00	8.912683e+00	9.771992e-03	831861.000000	0.000000e+00
8.968772e+00	8.851507e+00	9.661611e-03	839335.000000	0.000000e+00
8.993334e+00	8.814052e+00	9.590121e-03	844701.000000	0.000000e+00
9.017895e+00	8.762278e+00	9.515535e-03	847945.000000	0.000000e+00
9.042430e+00	8.723555e+00	9.445841e-03	852915.000000	0.000000e+00
9.066970e+00	8.667910e+00	9.364346e-03	856789.000000	0.000000e+00
9.091538e+00	8.650607e+00	9.301723e-03	864901.000000	0.000000e+00
9.116063e+00	8.583576e+00	9.242725e-03	862455.000000	0.000000e+00
9.140573e+00	8.510198e+00	9.105691e-03	873481.000000	0.000000e+00
9.165140e+00	8.491400e+00	9.073329e-03	875841.000000	0.000000e+00
9.189653e+00	8.449634e+00	9.013749e-03	878749.000000	0.000000e+00
9.214176e+00	8.415265e+00	8.937719e-03	886507.000000	0.000000e+00
9.238722e+00	8.342853e+00	8.847697e-03	889137.000000	0.000000e+00
9.263252e+00	8.301565e+00	8.773983e-03	895213.000000	0.000000e+00
9.287810e+00	8.268096e+00	8.712130e-03	900663.000000	0.000000e+00
9.312363e+00	8.231192e+00	8.655972e-03	904261.000000	0.000000e+00
9.336898e+00	8.190661e+00	8.590314e-03	909117.000000	0.000000e+00
9.361428e+00	8.134257e+00	8.513291e-03	912937.000000	0.000000e+00
9.385969e+00	8.109002e+00	8.454168e-03	920011.000000	0.000000e+00
9.410496e+00	8.055786e+00	8.393043e-03	921249.000000	0.000000e+00
9.435027e+00	7.999738e+00	8.295230e-03	930025.000000	0.000000e+00
9.459577e+00	7.972956e+00	8.257335e-03	932307.000000	0.000000e+00
9.484080e+00	7.942027e+00	8.209477e-03	935905.000000	0.000000e+00
9.508599e+00	7.897281e+00	8.128711e-03	943869.000000	0.000000e+00
9.533177e+00	7.848201e+00	8.054352e-03	949465.000000	0.000000e+00
9.557740e+00	7.804407e+00	7.995248e-03	952831.000000	0.000000e+00
9.582283e+00	7.770982e+00	7.940872e-03	957669.000000	0.000000e+00
9.606825e+00	7.744008e+00	7.893731e-03	962425.000000	0.000000e+00
9.631356e+00	7.678663e+00	7.808541e-03	967011.000000	0.000000e+00
9.655881e+00	7.658169e+00	7.770371e-03	971329.000000	0.000000e+00
9.680426e+00	7.620799e+00	7.703056e-03	978757.000000	0.000000e+00
9.704942e+00	7.584011e+00	7.665252e-03	978915.000000	0.000000e+00
9.729497e+00	7.540581e+00	7.572555e-03	991573.000000	0.000000e+00
9.754046e+00	7.537134e+00	7.578838e-03	989025.000000	0.000000e+00
9.778535e+00	7.479625e+00	7.495799e-03	995689.000000	0.000000e+00
9.803103e+00	7.440943e+00	7.417220e-03	1006407.000000	0.000000e+00
9.827649e+00	7.408003e+00	7.395821e-03	1003297.000000	0.000000e+00
9.852180e+00	7.363926e+00	7.307248e-03	1015573.000000	0.000000e+00
9.876731e+00	7.329734e+00	7.274816e-03	1015155.000000	0.000000e+00
9.901284e+00	7.303458e+00	7.213402e-03	1025125.000000	0.000000e+00
9.925835e+00	7.253283e+00	7.160005e-03	1026225.000000	0.000000e+00
9.950350e+00	7.246797e+00	7.135672e-03	1031389.000000	0.000000e+00
9.974902e+00	7.196795e+00	7.056851e-03	1040055.000000	0.000000e+00
9.999429e+00	7.171791e+00	7.035954e-03	1038985.000000	0.000000e+00
1.002392e+01	7.135608e+00	6.971370e-03	1047673.000000	0.000000e+00
1.004849e+01	7.116050e+00	6.926558e-03	1055463.000000	0.000000e+00
1.007303e+01	7.073874e+00	6.883204e-03	1056169.000000	0.000000e+00
1.009756e+01	7.048528e+00	6.831672e-03	1064493.000000	0.000000e+00
1.012209e+01	7.015904e+00	6.793322e-03	1066603.000000	0.000000e+00
1.014664e+01	6.996902e+00	6.744444e-03	1076265.000000	0.000000e+00
1.017120e+01	6.950134e+00	6.692788e-03	1078381.000000	0.000000e+00
1.019572e+01	6.919884e+00	6.651198e-03	1082425.000000	0.000000e+00
1.022025e+01	6.889334e+00	6.597409e-03	1090455.000000	0.000000e+00
1.024479e+01	6.859789e+00	6.560104e-03	1093453.000000	0.000000e+00
1.026933e+01	6.825607e+00	6.506964e-03	1100337.000000	0.000000e+00
1.029386e+01	6.796267e+00	6.467513e-03	1104247.000000	0.000000e+00
1.031842e+01	6.771426e+00	6.420941e-03	1112149.000000	0.000000e+00
1.034296e+01	6.754525e+00	6.397131e-03	1114857.000000	0.000000e+00
1.036749e+01	6.712290e+00	6.342424e-03	1120033.000000	0.000000e+00
1.039203e+01	6.689368e+00	6.299401e-03	1127643.000000	0.000000e+00
1.041655e+01	6.660377e+00	6.270171e-03	1128337.000000	0.000000e+00
1.044111e+01	6.650153e+00	6.223994e-03	1141629.000000	0.000000e+00
1.046570e+01	6.603882e+00	6.179297e-03	1142143.000000	0.000000e+00
1.049021e+01	6.577213e+00	6.147001e-03	1144873.000000	0.000000e+00
1.051473e+01	6.551327e+00	6.098100e-03	1154169.000000	0.000000e+00
1.053925e+01	6.525542e+00	6.071864e-03	1155019.000000	0.000000e+00
1.056380e+01	6.498829e+00	6.012928e-03	1168149.000000	0.000000e+00
1.058835e+01	6.481401e+00	6.000678e-03	1166641.000000	0.000000e+00
1.061283e+01	6.454878e+00	5.965526e-03	1170789.000000	0.000000e+00
1.063739e+01	6.430408e+00	5.905357e-03	1185727.000000	0.000000e+00
1.066197e+01	6.400643e+00	5.882147e-03	1184065.000000	0.000000e+00
1.068650e+01	6.384008e+00	5.848612e-03	1191465.000000	0.000000e+00
1.071103e+01	6.363422e+00	5.822344e-03	1194499.000000	0.000000e+00
1.073555e+01	6.325227e+00	5.769481e-03	1201929.000000	0.000000e+00
1.076011e+01	6.304250e+00	5.732280e-03	1209517.000000	0.000000e+00
1.078466e+01	6.282952e+00	5.706050e-03	1212429.000000	0.000000e+00
1.080918e+01	6.277408e+00	5.690554e-03	1216891.000000	0.000000e+00
1.083370e+01	6.244816e+00	5.647533e-03	1222705.000000	0.000000e+00
1.085823e+01	6.224051e+00	5.610512e-03	1230669.000000	0.000000e+00
1.088282e+01	6.198051e+00	5.567840e-03	1239187.000000	0.000000e+00
1.090737e+01	6.178391e+00	5.553482e-03	1237713.000000	0.000000e+00
1.093189e+01	6.154162e+00	5.511613e-03	1246753.000000	0.000000e+00
1.095642e+01	6.146906e+00	5.497421e-03	1250245.000000	0.000000e+00
1.098096e+01	6.112844e+00	5.445514e-03	1260111.000000	0.000000e+00
1.100552e+01	6.095845e+00	5.426424e-03	1261945.000000	0.000000e+00
1.103005e+01	6.067539e+00	5.386911e-03	1268661.000000	0.000000e+00
1.105458e+01	6.057906e+00	5.366902e-03	1274083.000000	0.000000e+00
1.107911e+01	6.045302e+00	5.344568e-03	1279413.000000	0.000000e+00
1.110366e+01	6.021393e+00	5.306824e-03	1287433.000000	0.000000e+00
1.112821e+01	6.003693e+00	5.283633e-03	1291135.000000	0.000000e+00
1.115273e+01	5.980257e+00	5.254051e-03	1295541.000000	0.000000e+00
1.117726e+01	5.961627e+00	5.222796e-03	1302937.000000	0.000000e+00
1.120181e+01	5.942639e+00	5.192820e-03	1309641.000000	0.000000e+00
1.122634e+01	5.927290e+00	5.173962e-03	1312399.000000	0.000000e+00
1.125085e+01	5.915172e+00	5.150821e-03	1318809.000000	0.000000e+00
1.127541e+01	5.896934e+00	5.114081e-03	1329589.000000	0.000000e+00
1.129999e+01	5.883900e+00	5.098694e-03	1331719.000000	0.000000e+00
1.132451e+01	5.864098e+00	5.074859e-03	1335225.000000	0.000000e+00
1.134903e+01	5.848971e+00	5.045801e-03	1343689.000000	0.000000e+00
1.137357e+01	5.830055e+00	5.021111e-03	1348173.000000	0.000000e+00
1.139811e+01	5.812829e+00	4.991351e-03	1356247.000000	0.000000e+00
1.142265e+01	5.809400e+00	4.983555e-03	1358889.000000	0.000000e+00
1.144718e+01	5.788465e+00	4.950443e-03	1367221.000000	0.000000e+00
1.147174e+01	5.774476e+00	4.926204e-03	1374043.000000	0.000000e+00
1.149628e+01	5.752022e+00	4.901292e-03	1377273.000000	0.000000e+00
1.152079e+01	5.752964e+00	4.894757e-03	1381405.000000	0.000000e+00
1.154533e+01	5.729872e+00	4.854738e-03	1393023.000000	0.000000e+00
1.156988e+01	5.716324e+00	4.841740e-03	1393897.000000	0.000000e+00
1.159441e+01	5.707049e+00	4.818313e-03	1402921.000000	0.000000e+00
1.161895e+01	5.686528e+00	4.792823e-03	1407705.000000	0.000000e+00
1.164349e+01	5.681681e+00	4.777757e-03	1414183.000000	0.000000e+00
1.166804e+01	5.674025e+00	4.761890e-03	1419789.000000	0.000000e+00
1.169259e+01	5.659788e+00	4.737359e-03	1427341.000000	0.000000e+00
1.171712e+01	5.638073e+00	4.716643e-03	1428879.000000	0.000000e+00
1.174164e+01	5.630652e+00	4.695065e-03	1438249.000000	0.000000e+00
1.176619e+01	5.622843e+00	4.676998e-03	1445365.000000	0.000000e+00
1.179072e+01	5.603572e+00	4.658945e-03	1446621.000000	0.000000e+00
1.181525e+01	5.598148e+00	4.637123e-03	1457443.000000	0.000000e+00
1.183979e+01	5.587163e+00	4.622296e-03	1461057.000000	0.000000e+00
1.186435e+01	5.581489e+00	4.603457e-03	1470049.000000	0.000000e+00
1.188889e+01	5.566684e+00	4.586006e-03	1473411.000000	0.000000e+00
1.191343e+01	5.562667e+00	4.572619e-03	1479913.000000	0.000000e+00
1.193797e+01	5.552615e+00	4.553789e-03	1486789.000000	0.000000e+00
1.196251e+01	5.540157e+00	4.536106e-03	1491687.000000	0.000000e+00
1.198703e+01	5.539740e+00	4.527508e-03	1497133.000000	0.000000e+00
1.201156e+01	5.530603e+00	4.508119e-03	1505061.000000	0.000000e+00
1.203612e+01	5.517760e+00	4.488083e-03	1511485.000000	0.000000e+00
1.206065e+01	5.519057e+00	4.483266e-03	1515447.000000	0.000000e+00
1.208515e+01	5.504269e+00	4.464809e-03	1519825.000000	0.000000e+00
1.210971e+01	5.512101e+00	4.447990e-03	1535701.000000	0.000000e+00
1.213428e+01	5.497412e+00	4.441413e-03	1532055.000000	0.000000e+00
1.215881e+01	5.495593e+00	4.421217e-03	1545061.000000	0.000000e+00
1.218336e+01	5.483974e+00	4.411086e-03	1545609.000000	0.000000e+00
1.220787e+01	5.476253e+00	4.395173e-03	1552441.000000	0.000000e+00
1.223242e+01	5.476339e+00	4.379168e-03	1563859.000000	0.000000e+00
1.225696e+01	5.485726e+00	4.387075e-03	1563573.000000	0.000000e+00
1.228148e+01	5.475817e+00	4.365147e-03	1573621.000000	0.000000e+00
1.230602e+01	5.467940e+00	4.351868e-03	1578687.000000	0.000000e+00
1.233056e+01	5.468255e+00	4.342592e-03	1585621.000000	0.000000e+00
1.235512e+01	5.465135e+00	4.327025e-03	1595229.000000	0.000000e+00
1.237965e+01	5.468555e+00	4.332302e-03	1593337.000000	0.000000e+00
1.240419e+01	5.458546e+00	4.302275e-03	1609747.000000	0.000000e+00
1.242874e+01	5.460867e+00	4.307603e-03	1607133.000000	0.000000e+00
1.245325e+01	5.463264e+00	4.297265e-03	1616293.000000	0.000000e+00
1.247780e+01	5.454852e+00	4.275704e-03	1627611.000000	0.000000e+00
1.250235e+01	5.458594e+00	4.280171e-03	1626445.000000	0.000000e+00
1.252688e+01	5.453920e+00	4.260011e-03	1639065.000000	0.000000e+00
1.255143e+01	5.466423e+00	4.266438e-03	1641631.000000	0.000000e+00
1.257596e+01	5.455829e+00	4.253666e-03	1645109.500000	0.000000e+00
1.260049e+01	5.431457e+00	4.238344e-03	1642254.000000	0.000000e+00
1.262503e+01	5.424502e+00	4.236946e-03	1639132.000000	0.000000e+00
1.264958e+01	5.406145e+00	4.225467e-03	1636914.000000	0.000000e+00
1.267411e+01	5.394238e+00	4.224207e-03	1630684.000000	0.000000e+00
1.269864e+01	5.376399e+00	4.212773e-03	1628722.000000	0.000000e+00
1.272316e+01	5.356820e+00	4.202983e-03	1624422.000000	0.000000e+00
1.274773e+01	5.344615e+00	4.189735e-03	1627270.000000	0.000000e+00
1.277225e+01	5.317409e+00	4.187923e-03	1612140.000000	0.000000e+00
1.279677e+01	5.315689e+00	4.176944e-03	1619578.000000	0.000000e+00
1.282133e+01	5.292437e+00	4.171012e-03	1610010.000000	0.000000e+00
1.284587e+01	5.280082e+00	4.160378e-03	1610704.000000	0.000000e+00
1.287043e+01	5.262152e+00	4.153273e-03	1605262.000000	0.000000e+00
1.289495e+01	5.238912e+00	4.142552e-03	1599360.000000	0.000000e+00
1.291951e+01	5.227968e+00	4.130578e-03	1601932.000000	0.000000e+00
1.294403e+01	5.208622e+00	4.132546e-03	1588584.000000	0.000000e+00
1.296853e+01	5.199249e+00	4.121130e-03	1591654.000000	0.000000e+00
1.299309e+01	5.184189e+00	4.112586e-03	1589028.000000	0.000000e+00
1.301763e+01	5.168054e+00	4.109818e-03	1581280.000000	0.000000e+00
1.304217e+01	5.151243e+00	4.096753e-03	1581046.000000	0.000000e+00
1.306670e+01	5.141428e+00	4.096850e-03	1574952.000000	0.000000e+00
1.309123e+01	5.120877e+00	4.085009e-03	1571458.000000	0.000000e+00
1.311579e+01	5.113575e+00	4.079516e-03	1571202.000000	0.000000e+00
1.314034e+01	5.101369e+00	4.078496e-03	1564492.000000	0.000000e+00
1.316488e+01	5.079461e+00	4.066018e-03	1560618.000000	0.000000e+00
1.318940e+01	5.068872e+00	4.063642e-03	1555936.000000	0.000000e+00
1.321393e+01	5.057558e+00	4.059341e-03	1552282.000000	0.000000e+00
1.323848e+01	5.044690e+00	4.049621e-03	1551816.000000	0.000000e+00
1.326302e+01	5.026950e+00	4.047128e-03	1542820.000000	0.000000e+00
1.328757e+01	5.020955e+00	4.040171e-03	1544448.000000	0.000000e+00
1.331210e+01	5.001965e+00	4.037682e-03	1534678.000000	0.000000e+00
1.333662e+01	4.989816e+00	4.029710e-03	1533280.000000	0.000000e+00
1.336117e+01	4.977506e+00	4.022656e-03	1531080.000000	0.000000e+00
1.338570e+01	4.965598e+00	4.023518e-03	1523110.000000	0.000000e+00
1.341022e+01	4.949948e+00	4.013302e-03	1521240.000000	0.000000e+00
1.343476e+01	4.935764e+00	4.007554e-03	1516876.000000	0.000000e+00
1.345932e+01	4.923796e+00	3.999511e-03	1515606.000000	0.000000e+00
1.348389e+01	4.915366e+00	3.998630e-03	1511086.000000	0.000000e+00
1.350843e+01	4.898572e+00	3.996131e-03	1502656.000000	0.000000e+00
1.353293e+01	4.879254e+00	3.985576e-03	1498734.000000	0.000000e+00
1.355748e+01	4.881307e+00	3.987535e-03	1498522.000000	0.000000e+00
1.358203e+01	4.876077e+00	3.992350e-03	1491708.000000	0.000000e+00
1.360658e+01	4.856080e+00	3.978814e-03	1489582.000000	0.000000e+00
1.363111e+01	4.851627e+00	3.987033e-03	1480728.000000	0.000000e+00
1.365563e+01	4.841420e+00	3.978848e-03	1480576.000000	0.000000e+00
1.368019e+01	4.827456e+00	3.973698e-03	1475866.000000	0.000000e+00
1.370473e+01	4.814474e+00	3.971527e-03	1469544.000000	0.000000e+00
1.372924e+01	4.799710e+00	3.967044e-03	1463848.000000	0.000000e+00
1.375380e+01	4.780626e+00	3.946854e-03	1467126.000000	0.000000e+00
1.377836e+01	4.780976e+00	3.964148e-03	1454566.000000	0.000000e+00
1.380287e+01	4.766030e+00	3.955777e-03	1451610.000000	0.000000e+00
1.382737e+01	4.754048e+00	3.953727e-03	1445818.000000	0.000000e+00
1.385191e+01	4.748935e+00	3.949205e-03	1446016.000000	0.000000e+00
1.387648e+01	4.739968e+00	3.949521e-03	1440330.000000	0.000000e+00
1.390103e+01	4.722976e+00	3.940959e-03	1436242.000000	0.000000e+00
1.392557e+01	4.717984e+00	3.948172e-03	1427976.000000	0.000000e+00
1.395012e+01	4.711161e+00	3.941173e-03	1428910.000000	0.000000e+00
1.397464e+01	4.700524e+00	3.950974e-03	1415416.000000	0.000000e+00
1.399917e+01	4.682781e+00	3.928836e-03	1420626.000000	0.000000e+00
1.402372e+01	4.684803e+00	3.947435e-03	1408486.000000	0.000000e+00
1.404824e+01	4.671989e+00	3.938666e-03	1407036.000000	0.000000e+00
1.407278e+01	4.650320e+00	3.926837e-03	1402426.000000	0.000000e+00
1.409731e+01	4.644415e+00	3.931751e-03	1395372.000000	0.000000e+00
1.412183e+01	4.634496e+00	3.927344e-03	1392538.000000	0.000000e+00
1.414639e+01	4.638097e+00	3.933515e-03	1390330.000000	0.000000e+00
1.417094e+01	4.632759e+00	3.942938e-03	1380510.000000	0.000000e+00
1.419546e+01	4.609213e+00	3.924769e-03	1379194.000000	0.000000e+00
1.422001e+01	4.605490e+00	3.931296e-03	1372398.000000	0.000000e+00
1.424455e+01	4.587141e+00	3.920267e-03	1369156.000000	0.000000e+00
1.426908e+01	4.583123e+00	3.928771e-03	1360848.000000	0.000000e+00
1.429362e+01	4.578135e+00	3.924385e-03	1360924.000000	0.000000e+00
1.431818e+01	4.568985e+00	3.928755e-03	1352476.000000	0.000000e+00
1.434273e+01	4.554597e+00	3.920461e-03	1349664.000000	0.000000e+00
1.436724e+01	4.548238e+00	3.930855e-03	1338790.000000	0.000000e+00
1.439177e+01	4.548423e+00	3.926132e-03	1342122.000000	0.000000e+00
1.441633e+01	4.532586e+00	3.928470e-03	1331206.000000	0.000000e+00
1.444087e+01	4.535979e+00	3.934637e-03	1329024.000000	0.000000e+00
1.446541e+01	4.524039e+00	3.934866e-03	1321882.000000	0.000000e+00
1.448996e+01	4.514549e+00	3.930397e-03	1319338.000000	0.000000e+00
1.451448e+01	4.513422e+00	3.945052e-03	1308900.000000	0.000000e+00
1.453902e+01	4.504811e+00	3.935689e-03	1310122.000000	0.000000e+00
1.456356e+01	4.490793e+00	3.938865e-03	1299882.000000	0.000000e+00
1.458809e+01	4.486917e+00	3.940865e-03	1296322.000000	0.000000e+00
1.461262e+01	4.490603e+00	3.950480e-03	1292140.000000	0.000000e+00
1.463716e+01	4.476065e+00	3.949525e-03	1284408.000000	0.000000e+00
1.466171e+01	4.467787e+00	3.944131e-03	1283164.000000	0.000000e+00
1.468625e+01	4.468434e+00	3.959567e-03	1273548.000000	0.000000e+00
1.471078e+01	4.461453e+00	3.959114e-03	1269862.000000	0.000000e+00
1.473534e+01	4.446144e+00	3.949905e-03	1267050.000000	0.000000e+00
1.475987e+01	4.452328e+00	3.973697e-03	1255408.000000	0.000000e+00
1.478439e+01	4.441555e+00	3.963997e-03	1255462.000000	0.000000e+00
1.480894e+01	4.436162e+00	3.972912e-03	1246800.000000	0.000000e+00
1.483348e+01	4.427565e+00	3.969192e-03	1244302.000000	0.000000e+00
1.485802e+01	4.424036e+00	3.980736e-03	1235124.000000	0.000000e+00
1.488256e+01	4.428025e+00	3.987711e-03	1233028.000000	0.000000e+00
1.490708e+01	4.418804e+00	3.996161e-03	1222710.000000	0.000000e+00
1.493162e+01	4.411571e+00	3.990769e-03	1222006.000000	0.000000e+00
1.495618e+01	4.408839e+00	3.998529e-03	1215760.000000	0.000000e+00
1.498071e+01	4.407325e+00	4.011891e-03	1206846.000000	0.000000e+00
1.500525e+01	4.404643e+00	4.013426e-03	1204456.000000	0.000000e+00
1.502980e+01	4.399695e+00	4.020295e-03	1197648.000000	0.000000e+00
1.505434e+01	4.390124e+00	4.023392e-03	1190608.000000	0.000000e+00
1.507886e+01	4.386057e+00	4.027300e-03	1186098.000000	0.000000e+00
1.510342e+01	4.377623e+00	4.027871e-03	1181206.000000	0.000000e+00
1.512796e+01	4.375696e+00	4.040666e-03	1172704.000000	0.000000e+00
1.515246e+01	4.372657e+00	4.046987e-03	1167420.000000	0.000000e+00
1.517700e+01	4.374948e+00	4.056383e-03	1163236.000000	0.000000e+00
1.520157e+01	4.370204e+00	4.059064e-03	1159182.000000	0.000000e+00
1.522611e+01	4.367099e+00	4.076618e-03	1147588.000000	0.000000e+00
1.525063e+01	4.362388e+00	4.074586e-03	1146256.000000	0.000000e+00
1.527518e+01	4.353208e+00	4.080763e-03	1137984.000000	0.000000e+00
1.529972e+01	4.359872e+00	4.095942e-03	1133026.000000	0.000000e+00
1.532424e+01	4.356120e+00	4.106234e-03	1125414.000000	0.000000e+00
1.534877e+01	4.352853e+00	4.111177e-03	1121026.000000	0.000000e+00
1.537332e+01	4.347560e+00	4.116609e-03	1115352.000000	0.000000e+00
1.539786e+01	4.348195e+00	4.131284e-03	1107766.000000	0.000000e+00
1.542240e+01	4.343606e+00	4.134679e-03	1103614.000000	0.000000e+00
1.544694e+01	4.338769e+00	4.145686e-03	1095318.000000	0.000000e+00
1.547149e+01	4.339228e+00	4.154306e-03	1091008.000000	0.000000e+00
1.549603e+01	4.341801e+00	4.170043e-03	1084074.000000	0.000000e+00
1.552054e+01	4.324334e+00	4.172389e-03	1074160.000000	0.000000e+00
1.554506e+01	4.340783e+00	4.190047e-03	1073244.000000	0.000000e+00
1.556963e+01	4.339973e+00	4.202375e-03	1066558.000000	0.000000e+00
1.559418e+01	4.335241e+00	4.214888e-03	1057924.000000	0.000000e+00
1.561873e+01	4.346562e+00	4.233653e-03	1054050.000000	0.000000e+00
1.564327e+01	4.342613e+00	4.249535e-03	1044286.000000	0.000000e+00
1.566780e+01	4.340961e+00	4.253380e-03	1041606.000000	0.000000e+00
1.569233e+01	4.349381e+00	4.283913e-03	1030798.000000	0.000000e+00
1.571685e+01	4.339861e+00	4.281283e-03	1027552.000000	0.000000e+00
1.574141e+01	4.344839e+00	4.299213e-03	1021338.000000	0.000000e+00
1.576595e+01	4.336135e+00	4.307503e-03	1013338.000000	0.000000e+00
1.579049e+01	4.347845e+00	4.330158e-03	1008186.000000	0.000000e+00
1.581502e+01	4.341756e+00	4.343072e-03	999394.000000	0.000000e+00
1.583955e+01	4.340517e+00	4.352070e-03	994698.000000	0.000000e+00
1.586407e+01	4.344737e+00	4.373114e-03	987064.000000	0.000000e+00
1.588861e+01	4.340659e+00	4.382390e-03	981046.000000	0.000000e+00
1.591315e+01	4.349856e+00	4.404417e-03	975378.000000	0.000000e+00
1.593770e+01	4.353268e+00	4.424537e-03	968044.000000	0.000000e+00
1.596225e+01	4.354018e+00	4.440362e-03	961488.000000	0.000000e+00
1.598677e+01	4.357663e+00	4.463147e-03	953290.000000	0.000000e+00
1.601131e+01	4.356569e+00	4.471939e-03	949068.000000	0.000000e+00
1.603586e+01	4.351485e+00	4.485910e-03	940966.000000	0.000000e+00
1.606040e+01	4.360093e+00	4.511427e-03	934036.000000	0.000000e+00
1.608493e+01	4.355454e+00	4.522146e-03	927636.000000	0.000000e+00
1.610947e+01	4.358501e+00	4.544535e-03	919804.000000	0.000000e+00
1.613400e+01	4.372017e+00	4.573115e-03	913986.000000	0.000000e+00
1.615854e+01	4.370070e+00	4.587222e-03	907564.000000	0.000000e+00
1.618310e+01	4.369022e+00	4.604126e-03	900480.000000	0.000000e+00
1.620765e+01	4.375175e+00	4.628817e-03	893410.000000	0.000000e+00
1.623216e+01	4.383218e+00	4.663568e-03	883384.000000	0.000000e+00
1.625669e+01	4.383443e+00	4.670167e-03	880980.000000	0.000000e+00
1.628123e+01	4.395536e+00	4.709155e-03	871240.000000	0.000000e+00
1.630580e+01	4.407500e+00	4.732359e-03	867420.000000	0.000000e+00
1.633036e+01	4.396544e+00	4.747772e-03	857518.000000	0.000000e+00
1.635486e+01	4.407184e+00	4.784113e-03	848632.000000	0.000000e+00
1.637939e+01	4.409578e+00	4.795258e-03	845610.000000	0.000000e+00
1.640395e+01	4.417461e+00	4.830421e-03	836326.000000	0.000000e+00
1.642848e+01	4.424933e+00	4.859039e-03	829302.000000	0.000000e+00
1.645298e+01	4.419710e+00	4.879325e-03	820480.000000	0.000000e+00
1.647753e+01	4.423868e+00	4.894246e-03	817020.000000	0.000000e+00
1.650209e+01	4.436209e+00	4.934082e-03	808372.000000	0.000000e+00
1.652660e+01	4.445118e+00	4.975144e-03	798280.000000	0.000000e+00
1.655114e+01	4.445836e+00	4.984190e-03	795642.000000	0.000000e+00
1.657571e+01	4.440150e+00	5.007420e-03	786262.000000	0.000000e+00
1.660025e+01	4.456826e+00	5.053246e-03	777876.000000	0.000000e+00
1.662478e+01	4.465317e+00	5.080723e-03	772420.000000	0.000000e+00
1.664931e+01	4.459749e+00	5.107537e-03	762426.000000	0.000000e+00
1.667386e+01	4.474410e+00	5.136334e-03	758866.000000	0.000000e+00
1.669842e+01	4.480558e+00	5.179639e-03	748282.000000	0.000000e+00
1.672293e+01	4.487738e+00	5.213916e-03	740844.000000	0.000000e+00
1.674748e+01	4.487426e+00	5.230896e-03	735940.000000	0.000000e+00
1.677204e+01	4.499068e+00	5.280771e-03	725856.000000	0.000000e+00
1.679655e+01	4.511739e+00	5.322157e-03	718642.000000	0.000000e+00
1.682107e+01	4.512946e+00	5.349925e-03	711582.000000	0.000000e+00
1.684563e+01	4.519706e+00	5.383769e-03	704770.000000	0.000000e+00
1.687018e+01	4.524478e+00	5.419878e-03	696880.000000	0.000000e+00
1.689472e+01	4.528923e+00	5.460522e-03	687894.000000	0.000000e+00
1.691924e+01	4.537049e+00	5.494801e-03	681778.000000	0.000000e+00
1.694378e+01	4.548393e+00	5.546367e-03	672510.000000	0.000000e+00
1.696830e+01	4.565769e+00	5.595314e-03	665854.000000	0.000000e+00
1.699283e+01	4.562190e+00	5.625838e-03	657616.000000	0.000000e+00
1.701740e+01	4.561253e+00	5.649808e-03	651780.000000	0.000000e+00
1.704195e+01	4.578998e+00	5.714674e-03	642034.000000	0.000000e+00
1.706646e+01	4.584891e+00	5.762552e-03	633036.000000	0.000000e+00
1.709097e+01	4.598351e+00	5.803872e-03	627724.000000	0.000000e+00
1.711553e+01	4.601920e+00	5.848048e-03	619236.000000	0.000000e+00
1.714008e+01	4.602211e+00	5.888619e-03	610810.000000	0.000000e+00
1.716463e+01	4.620140e+00	5.941046e-03	604762.000000	0.000000e+00
1.718918e+01	4.616763e+00	5.991483e-03	593754.000000	0.000000e+00
1.721369e+01	4.627234e+00	6.035656e-03	587752.000000	0.000000e+00
1.723823e+01	4.622578e+00	6.076052e-03	578796.000000	0.000000e+00
1.726278e+01	4.634793e+00	6.128567e-03	571930.000000	0.000000e+00
1.728731e+01	4.641723e+00	6.186457e-03	562956.000000	0.000000e+00
1.731188e+01	4.661186e+00	6.250295e-03	556150.000000	0.000000e+00
1.733641e+01	4.647793e+00	6.288075e-03	546334.000000	0.000000e+00
1.736091e+01	4.647694e+00	6.338848e-03	537594.000000	0.000000e+00
1.738543e+01	4.665443e+00	6.394259e-03	532360.000000	0.000000e+00
1.741000e+01	4.666425e+00	6.458833e-03	521988.000000	0.000000e+00
1.743456e+01	4.679666e+00	6.515291e-03	515896.000000	0.000000e+00
1.745909e+01	4.664045e+00	6.561181e-03	505314.000000	0.000000e+00
1.748363e+01	4.654478e+00	6.591278e-03	498658.000000	0.000000e+00
1.750818e+01	4.670161e+00	6.671209e-03	490066.000000	0.000000e+00
1.753269e+01	4.661246e+00	6.728140e-03	479970.000000	0.000000e+00
1.755722e+01	4.670611e+00	6.780861e-03	474436.000000	0.000000e+00
1.758176e+01	4.670045e+00	6.856010e-03	463980.000000	0.000000e+00
1.760629e+01	4.661104e+00	6.896573e-03	456784.000000	0.000000e+00
1.763083e+01	4.662261e+00	6.962741e-03	448366.000000	0.000000e+00
1.765539e+01	4.631351e+00	6.982801e-03	439902.000000	0.000000e+00
1.767993e+01	4.649129e+00	7.080328e-03	431158.000000	0.000000e+00
1.770446e+01	4.631958e+00	7.123745e-03	422778.000000	0.000000e+00
1.772897e+01	4.628854e+00	7.197664e-03	413584.000000	0.000000e+00
1.775351e+01	4.600278e+00	7.215397e-03	406488.000000	0.000000e+00
1.777808e+01	4.591044e+00	7.279539e-03	397754.500000	0.000000e+00
1.780261e+01	4.584815e+00	7.349602e-03	389149.000000	0.000000e+00
1.782713e+01	4.562835e+00	7.380590e-03	382197.000000	0.000000e+00
1.785169e+01	4.559165e+00	7.438858e-03	375628.000000	0.000000e+00
1.787623e+01	4.566635e+00	7.530413e-03	367752.000000	0.000000e+00
1.790076e+01	4.572323e+00	7.600319e-03	361918.000000	0.000000e+00
1.792530e+01	4.567003e+00	7.663641e-03	355134.000000	0.000000e+00
1.794985e+01	4.560102e+00	7.722700e-03	348667.000000	0.000000e+00
1.797440e+01	4.556962e+00	7.781385e-03	342955.000000	0.000000e+00
1.799891e+01	4.547189e+00	7.847870e-03	335724.000000	0.000000e+00
1.802344e+01	4.535331e+00	7.882635e-03	331036.000000	0.000000e+00
1.804802e+01	4.545484e+00	7.968061e-03	325428.000000	0.000000e+00
1.807255e+01	4.552272e+00	8.069413e-03	318253.000000	0.000000e+00
1.809707e+01	4.551873e+00	8.122687e-03	314037.000000	0.000000e+00
1.812164e+01	4.544632e+00	8.186879e-03	308149.000000	0.000000e+00
1.814617e+01	4.552458e+00	8.280524e-03	302257.000000	0.000000e+00
1.817068e+01	4.540584e+00	8.330057e-03	297117.000000	0.000000e+00
1.819523e+01	4.560639e+00	8.430536e-03	292645.000000	0.000000e+00
1.821979e+01	4.539177e+00	8.472300e-03	287046.000000	0.000000e+00
1.824431e+01	4.566774e+00	8.609983e-03	281329.000000	0.000000e+00
1.826883e+01	4.547054e+00	8.634764e-03	277306.000000	0.000000e+00
1.829337e+01	4.566348e+00	8.752322e-03	272202.000000	0.000000e+00
1.831793e+01	4.544150e+00	8.782414e-03	267718.000000	0.000000e+00
1.834250e+01	4.560854e+00	8.893799e-03	262977.000000	0.000000e+00
1.836701e+01	4.575863e+00	9.024985e-03	257071.000000	0.000000e+00
1.839152e+01	4.590232e+00	9.112448e-03	253746.000000	0.000000e+00
1.841609e+01	4.571673e+00	9.157092e-03	249250.000000	0.000000e+00
1.844064e+01	4.595831e+00	9.300673e-03	244174.000000	0.000000e+00
1.846515e+01	4.574506e+00	9.335921e-03	240090.000000	0.000000e+00
1.848971e+01	4.590891e+00	9.450219e-03	235999.000000	0.000000e+00
1.851428e+01	4.598681e+00	9.551899e-03	231786.000000	0.000000e+00
1.853881e+01	4.585382e+00	9.622905e-03	227059.000000	0.000000e+00
1.856328e+01	4.609257e+00	9.774286e-03	222378.000000	0.000000e+00
1.858784e+01	4.607305e+00	9.818457e-03	220195.000000	0.000000e+00
1.861244e+01	4.638177e+00	1.000290e-02	215002.000000	0.000000e+00
1.863693e+01	4.627456e+00	1.008505e-02	210537.000000	0.000000e+00
1.866143e+01	4.627686e+00	1.016470e-02	207271.000000	0.000000e+00
1.868601e+01	4.650204e+00	1.029898e-02	203871.000000	0.000000e+00
1.871055e+01	4.654298e+00	1.042669e-02	199258.000000	0.000000e+00
1.873503e+01	4.673295e+00	1.057396e-02	195331.000000	0.000000e+00
1.875958e+01	4.659545e+00	1.060800e-02	192939.000000	0.000000e+00
1.878417e+01	4.652542e+00	1.071903e-02	188395.000000	0.000000e+00
1.880870e+01	4.685231e+00	1.089344e-02	184983.000000	0.000000e+00
1.883322e+01	4.692912e+00	1.102403e-02	181219.000000	0.000000e+00
1.885775e+01	4.689538e+00	1.111905e-02	177879.000000	0.000000e+00
1.888231e+01	4.710079e+00	1.127113e-02	174631.000000	0.000000e+00
1.890684e+01	4.721302e+00	1.142068e-02	170899.000000	0.000000e+00
1.893134e+01	4.706572e+00	1.150167e-02	167451.000000	0.000000e+00
1.895590e+01	4.741056e+00	1.167610e-02	164875.000000	0.000000e+00
1.898046e+01	4.747991e+00	1.183810e-02	160863.000000	0.000000e+00
1.900495e+01	4.758809e+00	1.198727e-02	157600.000000	0.000000e+00
1.902946e+01	4.784113e+00	1.215750e-02	154851.000000	0.000000e+00
1.905406e+01	4.770292e+00	1.223075e-02	152119.000000	0.000000e+00
1.907863e+01	4.810199e+00	1.248619e-02	148411.000000	0.000000e+00
1.910311e+01	4.807654e+00	1.262804e-02	144942.000000	0.000000e+00
1.912765e+01	4.801386e+00	1.269591e-02	143023.000000	0.000000e+00
1.915226e+01	4.857303e+00	1.299753e-02	139659.000000	0.000000e+00
1.917678e+01	4.852759e+00	1.314730e-02	136240.000000	0.000000e+00
1.920124e+01	4.865898e+00	1.332153e-02	133419.000000	0.000000e+00
1.922581e+01	4.904413e+00	1.352999e-02	131395.000000	0.000000e+00
1.925040e+01	4.909268e+00	1.372590e-02	127924.000000	0.000000e+00
1.927489e+01	4.916196e+00	1.390404e-02	125019.000000	0.000000e+00
1.929941e+01	4.929396e+00	1.406952e-02	122752.000000	0.000000e+00
1.932402e+01	4.944361e+00	1.425373e-02	120327.000000	0.000000e+00
1.934855e+01	4.950560e+00	1.449367e-02	116668.000000	0.000000e+00
1.937298e+01	4.998713e+00	1.479045e-02	114223.000000	0.000000e+00
1.939755e+01	4.991456e+00	1.486244e-02	112791.000000	0.000000e+00
1.942217e+01	5.003837e+00	1.513454e-02	109312.000000	0.000000e+00
1.944667e+01	5.040269e+00	1.541431e-02	106920.000000	0.000000e+00
1.947113e+01	5.052603e+00	1.566708e-02	104005.000000	0.000000e+00
1.949570e+01	5.075426e+00	1.582951e-02	102804.000000	0.000000e+00
1.952032e+01	5.082748e+00	1.610280e-02	99631.000000	0.000000e+00
1.954482e+01	5.123987e+00	1.644298e-02	97108.000000	0.000000e+00
1.956930e+01	5.120904e+00	1.662009e-02	94935.000000	0.000000e+00
1.959391e+01	5.150890e+00	1.687701e-02	93148.000000	0.000000e+00
1.961850e+01	5.157112e+00	1.715724e-02	90348.000000	0.000000e+00
1.964294e+01	5.173682e+00	1.746998e-02	87703.000000	0.000000e+00
1.966740e+01	5.212584e+00	1.776691e-02	86076.000000	0.000000e+00
1.969204e+01	5.243565e+00	1.804910e-02	84400.000000	0.000000e+00
1.971660e+01	5.270099e+00	1.847952e-02	81331.000000	0.000000e+00
1.974103e+01	5.329151e+00	1.890626e-02	79452.000000	0.000000e+00
1.976563e+01	5.317817e+00	1.902134e-02	78160.000000	0.000000e+00
1.979032e+01	5.361474e+00	1.948017e-02	75750.000000	0.000000e+00
1.981482e+01	5.390027e+00	1.992933e-02	73147.000000	0.000000e+00
1.983914e+01	5.399264e+00	2.028996e-02	70812.000000	0.000000e+00
1.986374e+01	5.426410e+00	2.041736e-02	70636.000000	0.000000e+00
1.988844e+01	5.492541e+00	2.112891e-02	67576.000000	0.000000e+00
1.991292e+01	5.468065e+00	2.132857e-02	65727.000000	0.000000e+00
1.993736e+01	5.525994e+00	2.188860e-02	63736.000000	0.000000e+00
1.996197e+01	5.573274e+00	2.225964e-02	62688.000000	0.000000e+00
1.998658e+01	5.584645e+00	2.275300e-02	60244.000000	0.000000e+00
2.001095e+01	5.591042e+00	2.320114e-02	58072.000000	0.000000e+00
2.003547e+01	5.633850e+00	2.350561e-02	57447.000000	0.000000e+00
2.006019e+01	5.628351e+00	2.391473e-02	55390.000000	0.000000e+00
2.008472e+01	5.681066e+00	2.459267e-02	53364.000000	0.000000e+00
2.010903e+01	5.759238e+00	2.543559e-02	51268.000000	0.000000e+00
2.013363e+01	5.788554e+00	2.559604e-02	51144.000000	0.000000e+00
2.015842e+01	5.823990e+00	2.637153e-02	48772.000000	0.000000e+00
2.018288e+01	5.832463e+00	2.695251e-02	46828.000000	0.000000e+00
2.020721e+01	5.880153e+00	2.760544e-02	45372.000000	0.000000e+00
2.023181e+01	5.891277e+00	2.791510e-02	44539.000000	0.000000e+00
2.025650e+01	5.970906e+00	2.888848e-02	42720.000000	0.000000e+00
2.028095e+01	5.972770e+00	2.952046e-02	40936.000000	0.000000e+00
2.030542e+01	5.984909e+00	2.993278e-02	39978.000000	0.000000e+00
2.033011e+01	5.999569e+00	3.053384e-02	38608.000000	0.000000e+00
2.035466e+01	6.111495e+00	3.181862e-02	36892.000000	0.000000e+00
2.037892e+01	6.133844e+00	3.268978e-02	35208.000000	0.000000e+00
2.040348e+01	6.259967e+00	3.345137e-02	35020.000000	0.000000e+00
2.042837e+01	6.183511e+00	3.384886e-02	33372.000000	0.000000e+00
2.045281e+01	6.271442e+00	3.538053e-02	31420.000000	0.000000e+00
2.047697e+01	6.281243e+00	3.605625e-02	30348.000000	0.000000e+00
2.050165e+01	6.307008e+00	3.638927e-02	30040.000000	0.000000e+00
2.052659e+01	6.385943e+00	3.780849e-02	28528.000000	0.000000e+00
2.055100e+01	6.448795e+00	3.952376e-02	26622.000000	0.000000e+00
2.057510e+01	6.495121e+00	4.045254e-02	25780.000000	0.000000e+00
2.059985e+01	6.630805e+00	4.156285e-02	25452.000000	0.000000e+00
2.062477e+01	6.610244e+00	4.268673e-02	23980.000000	0.000000e+00
2.064904e+01	6.614506e+00	4.438966e-02	22204.000000	0.000000e+00
2.067328e+01	6.703658e+00	4.527432e-02	21924.000000	0.000000e+00
2.069813e+01	6.877150e+00	4.739819e-02	21052.000000	0.000000e+00
2.072282e+01	6.859458e+00	4.883692e-02	19728.000000	0.000000e+00
2.074689e+01	6.824847e+00	5.042868e-02	18316.000000	0.000000e+00
2.077148e+01	6.875538e+00	5.051993e-02	18522.000000	0.000000e+00
2.079650e+01	6.999818e+00	5.359795e-02	17056.000000	0.000000e+00
2.082086e+01	7.131793e+00	5.655702e-02	15901.000000	0.000000e+00
2.084494e+01	7.097751e+00	5.769957e-02	15132.000000	0.000000e+00
2.086988e+01	7.199310e+00	5.875080e-02	15016.000000	0.000000e+00
2.089484e+01	7.386682e+00	6.343363e-02	13560.000000	0.000000e+00
2.091874e+01	7.382768e+00	6.620318e-02	12436.000000	0.000000e+00
2.094286e+01	7.323983e+00	6.600594e-02	12312.000000	0.000000e+00
2.096835e+01	7.393704e+00	6.745002e-02	12016.000000	0.000000e+00
2.099333e+01	7.458281e+00	7.308529e-02	10414.000000	0.000000e+00
2.101635e+01	7.614388e+00	7.905961e-02	9276.000000	0.000000e+00
2.104066e+01	7.755954e+00	7.771122e-02	9961.000000	0.000000e+00
2.106684e+01	7.724760e+00	8.041391e-02	9228.000000	0.000000e+00
2.109169e+01	7.621185e+00	8.667156e-02	7732.000000	0.000000e+00
2.111385e+01	8.086534e+00	9.838244e-02	6756.000000	0.000000e+00
2.113864e+01	8.017942e+00	9.104247e-02	7756.000000	0.000000e+00
2.116547e+01	8.060202e+00	9.760088e-02	6820.000000	0.000000e+00
2.118998e+01	8.229298e+00	1.124246e-01	5358.000000	0.000000e+00
2.121167e+01	8.396406e+00	1.188263e-01	4993.000000	0.000000e+00
2.123701e+01	8.469946e+00	1.140016e-01	5520.000000	0.000000e+00
2.126409e+01	8.488687e+00	1.226259e-01	4792.000000	0.000000e+00
2.128812e+01	8.432571e+00	1.438578e-01	3436.000000	0.000000e+00
2.130920e+01	8.451340e+00	1.432636e-01	3480.000000	0.000000e+00
2.133536e+01	8.685540e+00	1.423859e-01	3721.000000	0.000000e+00
2.136298e+01	8.641925e+00	1.544186e-01	3132.000000	0.000000e+00
2.138535e+01	8.993434e+00	2.135250e-01	1774.000000	0.000000e+00
2.140616e+01	9.248347e+00	1.883109e-01	2412.000000	0.000000e+00
2.143360e+01	9.136028e+00	1.942517e-01	2212.000000	0.000000e+00
2.146162e+01	9.322128e+00	2.175006e-01	1837.000000	0.000000e+00
2.148292e+01	9.358270e+00	3.276050e-01	816.000000	0.000000e+00
2.150387e+01	9.186746e+00	2.480188e-01	1372.000000	0.000000e+00
2.153200e+01	9.838767e+00	2.977346e-01	1092.000000	0.000000e+00
2.156014e+01	9.426272e+00	3.244657e-01	844.000000	0.000000e+00
2.158178e+01	9.121378e+00	4.954053e-01	339.000000	0.000000e+00
2.160234e+01	9.899079e+00	4.291795e-01	532.000000	0.000000e+00
2.163046e+01	9.559337e+00	5.010454e-01	364.000000	0.000000e+00
2.165853e+01	1.044659e+01	6.918422e-01	228.000000	0.000000e+00
2.168066e+01	9.188900e+00	1.075479e+00	73.000000	0.000000e+00
2.170037e+01	9.183255e+00	1.001975e+00	84.000000	0.000000e+00
2.172766e+01	8.456004e+00	1.598034e+00	28.000000	0.000000e+00
2.175143e+01	2.900284e+01	1.674480e+01	3.000000	0.000000e+00
