# [<k> (h/Mpc)]	[<P_0(k)> (Mpc/h)^3]	[ErrorBar (Mpc/h)^3]	nModes	[<P_2(k)> (Mpc/h)^3]
3.476422e-02	4.322177e+03	1.198756e+03	13.000000	0.000000e+00
5.890282e-02	1.850766e+03	3.221769e+02	33.000000	0.000000e+00
8.378087e-02	1.504441e+03	1.692628e+02	79.000000	0.000000e+00
1.087368e-01	7.919621e+02	7.321692e+01	117.000000	0.000000e+00
1.341836e-01	6.297532e+02	4.398387e+01	205.000000	0.000000e+00
1.581206e-01	4.565872e+02	2.978446e+01	235.000000	0.000000e+00
1.826843e-01	4.042097e+02	2.104231e+01	369.000000	0.000000e+00
2.073525e-01	3.452569e+02	1.659199e+01	433.000000	0.000000e+00
2.322407e-01	2.734177e+02	1.130443e+01	585.000000	0.000000e+00
2.568838e-01	2.223609e+02	8.533427e+00	679.000000	0.000000e+00
2.811185e-01	1.965466e+02	6.893189e+00	813.000000	0.000000e+00
3.057758e-01	1.690865e+02	5.387545e+00	985.000000	0.000000e+00
3.308750e-01	1.394765e+02	4.055166e+00	1183.000000	0.000000e+00
3.553459e-01	1.263182e+02	3.545970e+00	1269.000000	0.000000e+00
3.797184e-01	1.123777e+02	2.866442e+00	1537.000000	0.000000e+00
4.042043e-01	1.029655e+02	2.532535e+00	1653.000000	0.000000e+00
4.287408e-01	9.285630e+01	2.095807e+00	1963.000000	0.000000e+00
4.533372e-01	8.525568e+01	1.851198e+00	2121.000000	0.000000e+00
4.779960e-01	7.854889e+01	1.599048e+00	2413.000000	0.000000e+00
5.026630e-01	6.903827e+01	1.344930e+00	2635.000000	0.000000e+00
5.271488e-01	6.692281e+01	1.247683e+00	2877.000000	0.000000e+00
5.515428e-01	6.219621e+01	1.104849e+00	3169.000000	0.000000e+00
5.762241e-01	5.681240e+01	9.593460e-01	3507.000000	0.000000e+00
6.007286e-01	5.210545e+01	8.583501e-01	3685.000000	0.000000e+00
6.252569e-01	4.887425e+01	7.573082e-01	4165.000000	0.000000e+00
6.499966e-01	4.559895e+01	6.892338e-01	4377.000000	0.000000e+00
6.746858e-01	4.399346e+01	6.313838e-01	4855.000000	0.000000e+00
6.991271e-01	4.158044e+01	5.922562e-01	4929.000000	0.000000e+00
7.235757e-01	3.940466e+01	5.274625e-01	5581.000000	0.000000e+00
7.479714e-01	3.626788e+01	4.812672e-01	5679.000000	0.000000e+00
7.726133e-01	3.565278e+01	4.461829e-01	6385.000000	0.000000e+00
7.972413e-01	3.333341e+01	4.117746e-01	6553.000000	0.000000e+00
8.218513e-01	3.216075e+01	3.810077e-01	7125.000000	0.000000e+00
8.464491e-01	3.044174e+01	3.527596e-01	7447.000000	0.000000e+00
8.709767e-01	2.934258e+01	3.295255e-01	7929.000000	0.000000e+00
8.955547e-01	2.847228e+01	3.115308e-01	8353.000000	0.000000e+00
9.199772e-01	2.702177e+01	2.884631e-01	8775.000000	0.000000e+00
9.444963e-01	2.613236e+01	2.707908e-01	9313.000000	0.000000e+00
9.690846e-01	2.476686e+01	2.496613e-01	9841.000000	0.000000e+00
9.935517e-01	2.357402e+01	2.335207e-01	10191.000000	0.000000e+00
1.018099e+00	2.326719e+01	2.228899e-01	10897.000000	0.000000e+00
1.042679e+00	2.230456e+01	2.098144e-01	11301.000000	0.000000e+00
1.067353e+00	2.195732e+01	2.002336e-01	12025.000000	0.000000e+00
1.092004e+00	2.101012e+01	1.885017e-01	12423.000000	0.000000e+00
1.116549e+00	2.059024e+01	1.804427e-01	13021.000000	0.000000e+00
1.140967e+00	1.940530e+01	1.676050e-01	13405.000000	0.000000e+00
1.165410e+00	1.901348e+01	1.592942e-01	14247.000000	0.000000e+00
1.189942e+00	1.866025e+01	1.541538e-01	14653.000000	0.000000e+00
1.214340e+00	1.823582e+01	1.472691e-01	15333.000000	0.000000e+00
1.238824e+00	1.727297e+01	1.367730e-01	15949.000000	0.000000e+00
1.263616e+00	1.691470e+01	1.295053e-01	17059.000000	0.000000e+00
1.288278e+00	1.641282e+01	1.255230e-01	17097.000000	0.000000e+00
1.312698e+00	1.640967e+01	1.224296e-01	17965.000000	0.000000e+00
1.337129e+00	1.575827e+01	1.157601e-01	18531.000000	0.000000e+00
1.361846e+00	1.539885e+01	1.097987e-01	19669.000000	0.000000e+00
1.386459e+00	1.500320e+01	1.063736e-01	19893.000000	0.000000e+00
1.410760e+00	1.491319e+01	1.041964e-01	20485.000000	0.000000e+00
1.435294e+00	1.434296e+01	9.725217e-02	21751.000000	0.000000e+00
1.459966e+00	1.400230e+01	9.395822e-02	22209.000000	0.000000e+00
1.484553e+00	1.375531e+01	9.061909e-02	23041.000000	0.000000e+00
1.509059e+00	1.337345e+01	8.688638e-02	23691.000000	0.000000e+00
1.533565e+00	1.302622e+01	8.329458e-02	24457.000000	0.000000e+00
1.558284e+00	1.279436e+01	7.965886e-02	25797.000000	0.000000e+00
1.582818e+00	1.261920e+01	7.882846e-02	25627.000000	0.000000e+00
1.607259e+00	1.228718e+01	7.447869e-02	27217.000000	0.000000e+00
1.631809e+00	1.218384e+01	7.340594e-02	27549.000000	0.000000e+00
1.656366e+00	1.187381e+01	6.995130e-02	28813.000000	0.000000e+00
1.680925e+00	1.164328e+01	6.795703e-02	29355.000000	0.000000e+00
1.705257e+00	1.135677e+01	6.565923e-02	29917.000000	0.000000e+00
1.729806e+00	1.114962e+01	6.266900e-02	31653.000000	0.000000e+00
1.754462e+00	1.101987e+01	6.165018e-02	31951.000000	0.000000e+00
1.778992e+00	1.078081e+01	5.929164e-02	33061.000000	0.000000e+00
1.803411e+00	1.069993e+01	5.837550e-02	33597.000000	0.000000e+00
1.827963e+00	1.052556e+01	5.610381e-02	35197.000000	0.000000e+00
1.852647e+00	1.022588e+01	5.402808e-02	35823.000000	0.000000e+00
1.877249e+00	1.012161e+01	5.265604e-02	36949.000000	0.000000e+00
1.901733e+00	9.980144e+00	5.166900e-02	37309.000000	0.000000e+00
1.926241e+00	9.804681e+00	4.960026e-02	39075.000000	0.000000e+00
1.950830e+00	9.682429e+00	4.879610e-02	39373.000000	0.000000e+00
1.975308e+00	9.425766e+00	4.664563e-02	40833.000000	0.000000e+00
1.999729e+00	9.301241e+00	4.582226e-02	41203.000000	0.000000e+00
2.024419e+00	9.264681e+00	4.432456e-02	43689.000000	0.000000e+00
2.049126e+00	9.102547e+00	4.363685e-02	43513.000000	0.000000e+00
2.073508e+00	8.965197e+00	4.252922e-02	44437.000000	0.000000e+00
2.097846e+00	8.840437e+00	4.137601e-02	45651.000000	0.000000e+00
2.122473e+00	8.713919e+00	3.998851e-02	47485.000000	0.000000e+00
2.147106e+00	8.555400e+00	3.906575e-02	47961.000000	0.000000e+00
2.171601e+00	8.487816e+00	3.828666e-02	49147.000000	0.000000e+00
2.196158e+00	8.355075e+00	3.724418e-02	50325.000000	0.000000e+00
2.220735e+00	8.215641e+00	3.615018e-02	51649.000000	0.000000e+00
2.245251e+00	8.152177e+00	3.569719e-02	52153.000000	0.000000e+00
2.269729e+00	8.046949e+00	3.464685e-02	53943.000000	0.000000e+00
2.294271e+00	7.941796e+00	3.395760e-02	54697.000000	0.000000e+00
2.318928e+00	7.847992e+00	3.294540e-02	56745.000000	0.000000e+00
2.343538e+00	7.677903e+00	3.215722e-02	57007.000000	0.000000e+00
2.368026e+00	7.578850e+00	3.134514e-02	58461.000000	0.000000e+00
2.392423e+00	7.554928e+00	3.109234e-02	59041.000000	0.000000e+00
2.416863e+00	7.432604e+00	3.009003e-02	61015.000000	0.000000e+00
2.441509e+00	7.290977e+00	2.913199e-02	62637.000000	0.000000e+00
2.466080e+00	7.253787e+00	2.886109e-02	63169.000000	0.000000e+00
2.490575e+00	7.141266e+00	2.809585e-02	64605.000000	0.000000e+00
2.515186e+00	7.057738e+00	2.737141e-02	66487.000000	0.000000e+00
2.539777e+00	6.977812e+00	2.695100e-02	67033.000000	0.000000e+00
2.564215e+00	6.892893e+00	2.638632e-02	68241.000000	0.000000e+00
2.588707e+00	6.857757e+00	2.592155e-02	69991.000000	0.000000e+00
2.613337e+00	6.744796e+00	2.522323e-02	71505.000000	0.000000e+00
2.637925e+00	6.658753e+00	2.469442e-02	72709.000000	0.000000e+00
2.662420e+00	6.630543e+00	2.446162e-02	73473.000000	0.000000e+00
2.686963e+00	6.548162e+00	2.378980e-02	75763.000000	0.000000e+00
2.711515e+00	6.411321e+00	2.321647e-02	76261.000000	0.000000e+00
2.735982e+00	6.409502e+00	2.295191e-02	77985.000000	0.000000e+00
2.760573e+00	6.328123e+00	2.237175e-02	80011.000000	0.000000e+00
2.785237e+00	6.274797e+00	2.204616e-02	81009.000000	0.000000e+00
2.809671e+00	6.158502e+00	2.155894e-02	81601.000000	0.000000e+00
2.834151e+00	6.166586e+00	2.126649e-02	84081.000000	0.000000e+00
2.858722e+00	6.089060e+00	2.086580e-02	85159.000000	0.000000e+00
2.883250e+00	5.993449e+00	2.035893e-02	86665.000000	0.000000e+00
2.907819e+00	5.975216e+00	2.010354e-02	88341.000000	0.000000e+00
2.932335e+00	5.911707e+00	1.976298e-02	89479.000000	0.000000e+00
2.956914e+00	5.848272e+00	1.933157e-02	91521.000000	0.000000e+00
2.981449e+00	5.757978e+00	1.893979e-02	92425.000000	0.000000e+00
3.005876e+00	5.704566e+00	1.864805e-02	93579.000000	0.000000e+00
3.030403e+00	5.656902e+00	1.822902e-02	96301.000000	0.000000e+00
3.055041e+00	5.616226e+00	1.797185e-02	97657.000000	0.000000e+00
3.079692e+00	5.557328e+00	1.762739e-02	99393.000000	0.000000e+00
3.104241e+00	5.497822e+00	1.736871e-02	100195.000000	0.000000e+00
3.128710e+00	5.424267e+00	1.700832e-02	101709.000000	0.000000e+00
3.153123e+00	5.434346e+00	1.693107e-02	103021.000000	0.000000e+00
3.177619e+00	5.354895e+00	1.647800e-02	105607.000000	0.000000e+00
3.202185e+00	5.324037e+00	1.629060e-02	106809.000000	0.000000e+00
3.226708e+00	5.248248e+00	1.592478e-02	108613.000000	0.000000e+00
3.251321e+00	5.204811e+00	1.563768e-02	110781.000000	0.000000e+00
3.275882e+00	5.154714e+00	1.542726e-02	111643.000000	0.000000e+00
3.300393e+00	5.102072e+00	1.513355e-02	113661.000000	0.000000e+00
3.324955e+00	5.078266e+00	1.495802e-02	115261.000000	0.000000e+00
3.349528e+00	5.021957e+00	1.465211e-02	117475.000000	0.000000e+00
3.374087e+00	4.960633e+00	1.441722e-02	118389.000000	0.000000e+00
3.398541e+00	4.929215e+00	1.422865e-02	120013.000000	0.000000e+00
3.423011e+00	4.891965e+00	1.401146e-02	121899.000000	0.000000e+00
3.447546e+00	4.854281e+00	1.377873e-02	124117.000000	0.000000e+00
3.472176e+00	4.782585e+00	1.343778e-02	126669.000000	0.000000e+00
3.496772e+00	4.757323e+00	1.335142e-02	126961.000000	0.000000e+00
3.521302e+00	4.697888e+00	1.303486e-02	129895.000000	0.000000e+00
3.545845e+00	4.653793e+00	1.288447e-02	130461.000000	0.000000e+00
3.570351e+00	4.652366e+00	1.274162e-02	133321.000000	0.000000e+00
3.594817e+00	4.600863e+00	1.258632e-02	133623.000000	0.000000e+00
3.619340e+00	4.536508e+00	1.223792e-02	137413.000000	0.000000e+00
3.643921e+00	4.492658e+00	1.208328e-02	138241.000000	0.000000e+00
3.668501e+00	4.474168e+00	1.191689e-02	140961.000000	0.000000e+00
3.693083e+00	4.428549e+00	1.174161e-02	142255.000000	0.000000e+00
3.717636e+00	4.395251e+00	1.157587e-02	144165.000000	0.000000e+00
3.742123e+00	4.377131e+00	1.148031e-02	145369.000000	0.000000e+00
3.766623e+00	4.339059e+00	1.127158e-02	148191.000000	0.000000e+00
3.791211e+00	4.308172e+00	1.111650e-02	150193.000000	0.000000e+00
3.815740e+00	4.275915e+00	1.098641e-02	151477.000000	0.000000e+00
3.840250e+00	4.219782e+00	1.076143e-02	153759.000000	0.000000e+00
3.864816e+00	4.203505e+00	1.063851e-02	156121.000000	0.000000e+00
3.889416e+00	4.164539e+00	1.046945e-02	158229.000000	0.000000e+00
3.913984e+00	4.125797e+00	1.032699e-02	159613.000000	0.000000e+00
3.938439e+00	4.081237e+00	1.017607e-02	160851.000000	0.000000e+00
3.962856e+00	4.059085e+00	1.005547e-02	162949.000000	0.000000e+00
3.987408e+00	3.998820e+00	9.789364e-03	166861.000000	0.000000e+00
4.011951e+00	3.981811e+00	9.745214e-03	166947.000000	0.000000e+00
4.036502e+00	3.974506e+00	9.616738e-03	170809.000000	0.000000e+00
4.061101e+00	3.933950e+00	9.484465e-03	172041.000000	0.000000e+00
4.085632e+00	3.903231e+00	9.362421e-03	173809.000000	0.000000e+00
4.110226e+00	3.872787e+00	9.195544e-03	177375.000000	0.000000e+00
4.134760e+00	3.838153e+00	9.123551e-03	176977.000000	0.000000e+00
4.159247e+00	3.821145e+00	8.985857e-03	180829.000000	0.000000e+00
4.183807e+00	3.784291e+00	8.856342e-03	182583.000000	0.000000e+00
4.208321e+00	3.754311e+00	8.749786e-03	184105.000000	0.000000e+00
4.232839e+00	3.732116e+00	8.623714e-03	187293.000000	0.000000e+00
4.257376e+00	3.698928e+00	8.523486e-03	188329.000000	0.000000e+00
4.281944e+00	3.679969e+00	8.388494e-03	192451.000000	0.000000e+00
4.306505e+00	3.649992e+00	8.317268e-03	192585.000000	0.000000e+00
4.331033e+00	3.620375e+00	8.175153e-03	196117.000000	0.000000e+00
4.355617e+00	3.599290e+00	8.084578e-03	198207.000000	0.000000e+00
4.380161e+00	3.563916e+00	7.977199e-03	199597.000000	0.000000e+00
4.404676e+00	3.546938e+00	7.880976e-03	202557.000000	0.000000e+00
4.429249e+00	3.521594e+00	7.780805e-03	204847.000000	0.000000e+00
4.453772e+00	3.474732e+00	7.649422e-03	206341.000000	0.000000e+00
4.478282e+00	3.465398e+00	7.576256e-03	209217.000000	0.000000e+00
4.502777e+00	3.444088e+00	7.506596e-03	210505.000000	0.000000e+00
4.527289e+00	3.411639e+00	7.369755e-03	214299.000000	0.000000e+00
4.551889e+00	3.400377e+00	7.306896e-03	216565.000000	0.000000e+00
4.576426e+00	3.369495e+00	7.219629e-03	217821.000000	0.000000e+00
4.600893e+00	3.345819e+00	7.131122e-03	220135.000000	0.000000e+00
4.625467e+00	3.301800e+00	6.971582e-03	224305.000000	0.000000e+00
4.650035e+00	3.295981e+00	6.949881e-03	224913.000000	0.000000e+00
4.674541e+00	3.274343e+00	6.861316e-03	227737.000000	0.000000e+00
4.699104e+00	3.253450e+00	6.771630e-03	230835.000000	0.000000e+00
4.723670e+00	3.229594e+00	6.693880e-03	232777.000000	0.000000e+00
4.748182e+00	3.212410e+00	6.635440e-03	234381.000000	0.000000e+00
4.772682e+00	3.180195e+00	6.523495e-03	237655.000000	0.000000e+00
4.797203e+00	3.164369e+00	6.468453e-03	239317.000000	0.000000e+00
4.821755e+00	3.137532e+00	6.357783e-03	243537.000000	0.000000e+00
4.846361e+00	3.121507e+00	6.303478e-03	245227.000000	0.000000e+00
4.870915e+00	3.101638e+00	6.237437e-03	247269.000000	0.000000e+00
4.895426e+00	3.077966e+00	6.160555e-03	249625.000000	0.000000e+00
4.919952e+00	3.043792e+00	6.059329e-03	252337.000000	0.000000e+00
4.944496e+00	3.029504e+00	5.995328e-03	255339.000000	0.000000e+00
4.969013e+00	3.022939e+00	5.969189e-03	256465.000000	0.000000e+00
4.993562e+00	3.001961e+00	5.872970e-03	261273.000000	0.000000e+00
5.018138e+00	2.966791e+00	5.793155e-03	262267.000000	0.000000e+00
5.042642e+00	2.959700e+00	5.752894e-03	264681.000000	0.000000e+00
5.067215e+00	2.937648e+00	5.663067e-03	269089.000000	0.000000e+00
5.091775e+00	2.927686e+00	5.641097e-03	269353.000000	0.000000e+00
5.116309e+00	2.899563e+00	5.538976e-03	274035.000000	0.000000e+00
5.140838e+00	2.870528e+00	5.481133e-03	274273.000000	0.000000e+00
5.165333e+00	2.855590e+00	5.410906e-03	278517.000000	0.000000e+00
5.189818e+00	2.838242e+00	5.369155e-03	279439.000000	0.000000e+00
5.214351e+00	2.818905e+00	5.282546e-03	284757.000000	0.000000e+00
5.238947e+00	2.802765e+00	5.237167e-03	286405.000000	0.000000e+00
5.263479e+00	2.770800e+00	5.158400e-03	288523.000000	0.000000e+00
5.288002e+00	2.769894e+00	5.128933e-03	291657.000000	0.000000e+00
5.312546e+00	2.749121e+00	5.066930e-03	294373.000000	0.000000e+00
5.337121e+00	2.728635e+00	4.999940e-03	297825.000000	0.000000e+00
5.361672e+00	2.720456e+00	4.972065e-03	299371.000000	0.000000e+00
5.386196e+00	2.685421e+00	4.881673e-03	302613.000000	0.000000e+00
5.410715e+00	2.673954e+00	4.844685e-03	304633.000000	0.000000e+00
5.435244e+00	2.650438e+00	4.771678e-03	308527.000000	0.000000e+00
5.459823e+00	2.647969e+00	4.745487e-03	311361.000000	0.000000e+00
5.484389e+00	2.627173e+00	4.687637e-03	314101.000000	0.000000e+00
5.508889e+00	2.603424e+00	4.640419e-03	314757.000000	0.000000e+00
5.533464e+00	2.592324e+00	4.567413e-03	322135.000000	0.000000e+00
5.558036e+00	2.572782e+00	4.547191e-03	320125.000000	0.000000e+00
5.582484e+00	2.565261e+00	4.502142e-03	324657.000000	0.000000e+00
5.606956e+00	2.548750e+00	4.460994e-03	326431.000000	0.000000e+00
5.631560e+00	2.530654e+00	4.381409e-03	333609.000000	0.000000e+00
5.656168e+00	2.509499e+00	4.348748e-03	333001.000000	0.000000e+00
5.680698e+00	2.500977e+00	4.310077e-03	336705.000000	0.000000e+00
5.705204e+00	2.484404e+00	4.270507e-03	338443.000000	0.000000e+00
5.729704e+00	2.466335e+00	4.216228e-03	342181.000000	0.000000e+00
5.754232e+00	2.455105e+00	4.178921e-03	345153.000000	0.000000e+00
5.778772e+00	2.431867e+00	4.118739e-03	348619.000000	0.000000e+00
5.803342e+00	2.415741e+00	4.075037e-03	351429.000000	0.000000e+00
5.827902e+00	2.398006e+00	4.026374e-03	354709.000000	0.000000e+00
5.852409e+00	2.379553e+00	3.989177e-03	355815.000000	0.000000e+00
5.876957e+00	2.365814e+00	3.933654e-03	361717.000000	0.000000e+00
5.901534e+00	2.360185e+00	3.918190e-03	362845.000000	0.000000e+00
5.926030e+00	2.346072e+00	3.882284e-03	365181.000000	0.000000e+00
5.950548e+00	2.327468e+00	3.827125e-03	369847.000000	0.000000e+00
5.975137e+00	2.310798e+00	3.782804e-03	373161.000000	0.000000e+00
5.999657e+00	2.304086e+00	3.768163e-03	373885.000000	0.000000e+00
6.024161e+00	2.289544e+00	3.719092e-03	378987.000000	0.000000e+00
6.048714e+00	2.277654e+00	3.688650e-03	381277.000000	0.000000e+00
6.073267e+00	2.261070e+00	3.641789e-03	385477.000000	0.000000e+00
6.097868e+00	2.244802e+00	3.599895e-03	388845.000000	0.000000e+00
6.122369e+00	2.232807e+00	3.581718e-03	388615.000000	0.000000e+00
6.146867e+00	2.220475e+00	3.532650e-03	395085.000000	0.000000e+00
6.171452e+00	2.208420e+00	3.503306e-03	397381.000000	0.000000e+00
6.195974e+00	2.191758e+00	3.466032e-03	399871.000000	0.000000e+00
6.220444e+00	2.183628e+00	3.446194e-03	401493.000000	0.000000e+00
6.244986e+00	2.175137e+00	3.401406e-03	408937.000000	0.000000e+00
6.269588e+00	2.153723e+00	3.364407e-03	409791.000000	0.000000e+00
6.294124e+00	2.143221e+00	3.334901e-03	413017.000000	0.000000e+00
6.318633e+00	2.127876e+00	3.300080e-03	415761.000000	0.000000e+00
6.343202e+00	2.114693e+00	3.259687e-03	420865.000000	0.000000e+00
6.367770e+00	2.112418e+00	3.248847e-03	422767.000000	0.000000e+00
6.392288e+00	2.094693e+00	3.211523e-03	425421.000000	0.000000e+00
6.416837e+00	2.090972e+00	3.186758e-03	430525.000000	0.000000e+00
6.441383e+00	2.071581e+00	3.152762e-03	431739.000000	0.000000e+00
6.465913e+00	2.054633e+00	3.109780e-03	436525.000000	0.000000e+00
6.490433e+00	2.046746e+00	3.091363e-03	438357.000000	0.000000e+00
6.514946e+00	2.039789e+00	3.066812e-03	442381.000000	0.000000e+00
6.539518e+00	2.028952e+00	3.032820e-03	447559.000000	0.000000e+00
6.564059e+00	2.016212e+00	3.013165e-03	447741.000000	0.000000e+00
6.588587e+00	2.001928e+00	2.971604e-03	453853.000000	0.000000e+00
6.613110e+00	1.991294e+00	2.953939e-03	454431.000000	0.000000e+00
6.637622e+00	1.981465e+00	2.921635e-03	459961.000000	0.000000e+00
6.662172e+00	1.964352e+00	2.887601e-03	462769.000000	0.000000e+00
6.686693e+00	1.952548e+00	2.861021e-03	465759.000000	0.000000e+00
6.711227e+00	1.948624e+00	2.842491e-03	469957.000000	0.000000e+00
6.735777e+00	1.934444e+00	2.811284e-03	473481.000000	0.000000e+00
6.760323e+00	1.927805e+00	2.793495e-03	476245.000000	0.000000e+00
6.784855e+00	1.911231e+00	2.757754e-03	480303.000000	0.000000e+00
6.809427e+00	1.893860e+00	2.720622e-03	484573.000000	0.000000e+00
6.833979e+00	1.888049e+00	2.706917e-03	486493.000000	0.000000e+00
6.858503e+00	1.878708e+00	2.682196e-03	490611.000000	0.000000e+00
6.883055e+00	1.863597e+00	2.650759e-03	494269.000000	0.000000e+00
6.907584e+00	1.859519e+00	2.636947e-03	497277.000000	0.000000e+00
6.932134e+00	1.848252e+00	2.609431e-03	501685.000000	0.000000e+00
6.956669e+00	1.841877e+00	2.594103e-03	504135.000000	0.000000e+00
6.981221e+00	1.832063e+00	2.567545e-03	509149.000000	0.000000e+00
7.005753e+00	1.815978e+00	2.541321e-03	510625.000000	0.000000e+00
7.030233e+00	1.810187e+00	2.523799e-03	514443.000000	0.000000e+00
7.054782e+00	1.799492e+00	2.495367e-03	520033.000000	0.000000e+00
7.079343e+00	1.788353e+00	2.473375e-03	522789.000000	0.000000e+00
7.103883e+00	1.778833e+00	2.452667e-03	526009.000000	0.000000e+00
7.128424e+00	1.768294e+00	2.427851e-03	530475.000000	0.000000e+00
7.152965e+00	1.758236e+00	2.408332e-03	532993.000000	0.000000e+00
7.177501e+00	1.747885e+00	2.384031e-03	537529.000000	0.000000e+00
7.202013e+00	1.742265e+00	2.371600e-03	539691.000000	0.000000e+00
7.226577e+00	1.731442e+00	2.341847e-03	546637.000000	0.000000e+00
7.251125e+00	1.722663e+00	2.329291e-03	546957.000000	0.000000e+00
7.275651e+00	1.713996e+00	2.305593e-03	552655.000000	0.000000e+00
7.300226e+00	1.707477e+00	2.288504e-03	556681.000000	0.000000e+00
7.324759e+00	1.697228e+00	2.271057e-03	558501.000000	0.000000e+00
7.349299e+00	1.690917e+00	2.251170e-03	564193.000000	0.000000e+00
7.373825e+00	1.675965e+00	2.228585e-03	565551.000000	0.000000e+00
7.398312e+00	1.670732e+00	2.213263e-03	569833.000000	0.000000e+00
7.422892e+00	1.657997e+00	2.181973e-03	577389.000000	0.000000e+00
7.447442e+00	1.653669e+00	2.178275e-03	576331.000000	0.000000e+00
7.471956e+00	1.644179e+00	2.153622e-03	582853.000000	0.000000e+00
7.496499e+00	1.639395e+00	2.141771e-03	585897.000000	0.000000e+00
7.521014e+00	1.627424e+00	2.121177e-03	588637.000000	0.000000e+00
7.545557e+00	1.618996e+00	2.098436e-03	595251.000000	0.000000e+00
7.570086e+00	1.613471e+00	2.090225e-03	595849.000000	0.000000e+00
7.594613e+00	1.602719e+00	2.065228e-03	602253.000000	0.000000e+00
7.619172e+00	1.597403e+00	2.052236e-03	605863.000000	0.000000e+00
7.643756e+00	1.583798e+00	2.026396e-03	610873.000000	0.000000e+00
7.668263e+00	1.580618e+00	2.023189e-03	610353.000000	0.000000e+00
7.692777e+00	1.572913e+00	1.999850e-03	618607.000000	0.000000e+00
7.717371e+00	1.563964e+00	1.982745e-03	622185.000000	0.000000e+00
7.741929e+00	1.556852e+00	1.968906e-03	625237.000000	0.000000e+00
7.766457e+00	1.547689e+00	1.952962e-03	628029.000000	0.000000e+00
7.790953e+00	1.540030e+00	1.937222e-03	631975.000000	0.000000e+00
7.815489e+00	1.533208e+00	1.920226e-03	637525.000000	0.000000e+00
7.840050e+00	1.526632e+00	1.905604e-03	641805.000000	0.000000e+00
7.864588e+00	1.514597e+00	1.886884e-03	644323.000000	0.000000e+00
7.889126e+00	1.511575e+00	1.875760e-03	649389.000000	0.000000e+00
7.913643e+00	1.505183e+00	1.864500e-03	651709.000000	0.000000e+00
7.938181e+00	1.498195e+00	1.846517e-03	658309.000000	0.000000e+00
7.962760e+00	1.485978e+00	1.825510e-03	662607.000000	0.000000e+00
7.987311e+00	1.478274e+00	1.813816e-03	664237.000000	0.000000e+00
8.011811e+00	1.474720e+00	1.804124e-03	668169.000000	0.000000e+00
8.036325e+00	1.469337e+00	1.790257e-03	673615.000000	0.000000e+00
8.060868e+00	1.461402e+00	1.775281e-03	677649.000000	0.000000e+00
8.085446e+00	1.452727e+00	1.756668e-03	683893.000000	0.000000e+00
8.109989e+00	1.446125e+00	1.748671e-03	683905.000000	0.000000e+00
8.134471e+00	1.439541e+00	1.734448e-03	688851.000000	0.000000e+00
8.159038e+00	1.432324e+00	1.715402e-03	697189.000000	0.000000e+00
8.183598e+00	1.426810e+00	1.709952e-03	696249.000000	0.000000e+00
8.208073e+00	1.413932e+00	1.688291e-03	701395.000000	0.000000e+00
8.232590e+00	1.412040e+00	1.679932e-03	706497.000000	0.000000e+00
8.257144e+00	1.408586e+00	1.669000e-03	712285.000000	0.000000e+00
8.281710e+00	1.397241e+00	1.651646e-03	715663.000000	0.000000e+00
8.306271e+00	1.389874e+00	1.637917e-03	720057.000000	0.000000e+00
8.330826e+00	1.380929e+00	1.622283e-03	724585.000000	0.000000e+00
8.355374e+00	1.375071e+00	1.612431e-03	727257.000000	0.000000e+00
8.379901e+00	1.371028e+00	1.601704e-03	732703.000000	0.000000e+00
8.404418e+00	1.365752e+00	1.593231e-03	734829.000000	0.000000e+00
8.428928e+00	1.358629e+00	1.578640e-03	740689.000000	0.000000e+00
8.453504e+00	1.354476e+00	1.566125e-03	747979.000000	0.000000e+00
8.478051e+00	1.347187e+00	1.558746e-03	746973.000000	0.000000e+00
8.502580e+00	1.342128e+00	1.543238e-03	756349.000000	0.000000e+00
8.527138e+00	1.337050e+00	1.537110e-03	756633.000000	0.000000e+00
8.551634e+00	1.328484e+00	1.522275e-03	761599.000000	0.000000e+00
8.576156e+00	1.322926e+00	1.510389e-03	767173.000000	0.000000e+00
8.600697e+00	1.317064e+00	1.499706e-03	771261.000000	0.000000e+00
8.625259e+00	1.309974e+00	1.485603e-03	777535.000000	0.000000e+00
8.649836e+00	1.305587e+00	1.477686e-03	780633.000000	0.000000e+00
8.674376e+00	1.300063e+00	1.467589e-03	784729.000000	0.000000e+00
8.698927e+00	1.292417e+00	1.454316e-03	789747.000000	0.000000e+00
8.723450e+00	1.286183e+00	1.445338e-03	791893.000000	0.000000e+00
8.747957e+00	1.283345e+00	1.436911e-03	797677.000000	0.000000e+00
8.772521e+00	1.276968e+00	1.423758e-03	804429.000000	0.000000e+00
8.797047e+00	1.272632e+00	1.418830e-03	804535.000000	0.000000e+00
8.821541e+00	1.264325e+00	1.404059e-03	810861.000000	0.000000e+00
8.846076e+00	1.261044e+00	1.395721e-03	816325.000000	0.000000e+00
8.870641e+00	1.253994e+00	1.382783e-03	822399.000000	0.000000e+00
8.895170e+00	1.248531e+00	1.376671e-03	822505.000000	0.000000e+00
8.919713e+00	1.244164e+00	1.363467e-03	832657.000000	0.000000e+00
8.944263e+00	1.237449e+00	1.356757e-03	831861.000000	0.000000e+00
8.968772e+00	1.233001e+00	1.345847e-03	839335.000000	0.000000e+00
8.993334e+00	1.228940e+00	1.337148e-03	844701.000000	0.000000e+00
9.017895e+00	1.222231e+00	1.327301e-03	847945.000000	0.000000e+00
9.042430e+00	1.216494e+00	1.317216e-03	852915.000000	0.000000e+00
9.066970e+00	1.211121e+00	1.308430e-03	856789.000000	0.000000e+00
9.091538e+00	1.209484e+00	1.300520e-03	864901.000000	0.000000e+00
9.116063e+00	1.203789e+00	1.296230e-03	862455.000000	0.000000e+00
9.140573e+00	1.196625e+00	1.280358e-03	873481.000000	0.000000e+00
9.165140e+00	1.189978e+00	1.271529e-03	875841.000000	0.000000e+00
9.189653e+00	1.185642e+00	1.264798e-03	878749.000000	0.000000e+00
9.214176e+00	1.179382e+00	1.252603e-03	886507.000000	0.000000e+00
9.238722e+00	1.174726e+00	1.245811e-03	889137.000000	0.000000e+00
9.263252e+00	1.171968e+00	1.238661e-03	895213.000000	0.000000e+00
9.287810e+00	1.167542e+00	1.230244e-03	900663.000000	0.000000e+00
9.312363e+00	1.163092e+00	1.223114e-03	904261.000000	0.000000e+00
9.336898e+00	1.158017e+00	1.214521e-03	909117.000000	0.000000e+00
9.361428e+00	1.152430e+00	1.206130e-03	912937.000000	0.000000e+00
9.385969e+00	1.147091e+00	1.195918e-03	920011.000000	0.000000e+00
9.410496e+00	1.144423e+00	1.192335e-03	921249.000000	0.000000e+00
9.435027e+00	1.137157e+00	1.179161e-03	930025.000000	0.000000e+00
9.459577e+00	1.135146e+00	1.175634e-03	932307.000000	0.000000e+00
9.484080e+00	1.130090e+00	1.168146e-03	935905.000000	0.000000e+00
9.508599e+00	1.126987e+00	1.160014e-03	943869.000000	0.000000e+00
9.533177e+00	1.122366e+00	1.151848e-03	949465.000000	0.000000e+00
9.557740e+00	1.118825e+00	1.146183e-03	952831.000000	0.000000e+00
9.582283e+00	1.112325e+00	1.136643e-03	957669.000000	0.000000e+00
9.606825e+00	1.107002e+00	1.128405e-03	962425.000000	0.000000e+00
9.631356e+00	1.104616e+00	1.123299e-03	967011.000000	0.000000e+00
9.655881e+00	1.101762e+00	1.117904e-03	971329.000000	0.000000e+00
9.680426e+00	1.095051e+00	1.106871e-03	978757.000000	0.000000e+00
9.704942e+00	1.093225e+00	1.104936e-03	978915.000000	0.000000e+00
9.729497e+00	1.089849e+00	1.094470e-03	991573.000000	0.000000e+00
9.754046e+00	1.083435e+00	1.089430e-03	989025.000000	0.000000e+00
9.778535e+00	1.080433e+00	1.082770e-03	995689.000000	0.000000e+00
9.803103e+00	1.076981e+00	1.073547e-03	1006407.000000	0.000000e+00
9.827649e+00	1.072657e+00	1.070893e-03	1003297.000000	0.000000e+00
9.852180e+00	1.070081e+00	1.061845e-03	1015573.000000	0.000000e+00
9.876731e+00	1.063484e+00	1.055516e-03	1015155.000000	0.000000e+00
9.901284e+00	1.060264e+00	1.047190e-03	1025125.000000	0.000000e+00
9.925835e+00	1.056480e+00	1.042894e-03	1026225.000000	0.000000e+00
9.950350e+00	1.053252e+00	1.037101e-03	1031389.000000	0.000000e+00
9.974902e+00	1.050189e+00	1.029768e-03	1040055.000000	0.000000e+00
9.999429e+00	1.045620e+00	1.025816e-03	1038985.000000	0.000000e+00
1.002392e+01	1.044546e+00	1.020504e-03	1047673.000000	0.000000e+00
1.004849e+01	1.039600e+00	1.011917e-03	1055463.000000	0.000000e+00
1.007303e+01	1.037028e+00	1.009075e-03	1056169.000000	0.000000e+00
1.009756e+01	1.032143e+00	1.000388e-03	1064493.000000	0.000000e+00
1.012209e+01	1.026867e+00	9.942898e-04	1066603.000000	0.000000e+00
1.014664e+01	1.024516e+00	9.875504e-04	1076265.000000	0.000000e+00
1.017120e+01	1.021902e+00	9.840636e-04	1078381.000000	0.000000e+00
1.019572e+01	1.017882e+00	9.783596e-04	1082425.000000	0.000000e+00
1.022025e+01	1.014787e+00	9.717868e-04	1090455.000000	0.000000e+00
1.024479e+01	1.010970e+00	9.668030e-04	1093453.000000	0.000000e+00
1.026933e+01	1.007042e+00	9.600300e-04	1100337.000000	0.000000e+00
1.029386e+01	1.002906e+00	9.543931e-04	1104247.000000	0.000000e+00
1.031842e+01	1.001462e+00	9.496269e-04	1112149.000000	0.000000e+00
1.034296e+01	9.997144e-01	9.468177e-04	1114857.000000	0.000000e+00
1.036749e+01	9.955405e-01	9.406835e-04	1120033.000000	0.000000e+00
1.039203e+01	9.911807e-01	9.333983e-04	1127643.000000	0.000000e+00
1.041655e+01	9.870391e-01	9.292123e-04	1128337.000000	0.000000e+00
1.044111e+01	9.858932e-01	9.227146e-04	1141629.000000	0.000000e+00
1.046570e+01	9.829834e-01	9.197842e-04	1142143.000000	0.000000e+00
1.049021e+01	9.788456e-01	9.148197e-04	1144873.000000	0.000000e+00
1.051473e+01	9.749035e-01	9.074588e-04	1154169.000000	0.000000e+00
1.053925e+01	9.729683e-01	9.053242e-04	1155019.000000	0.000000e+00
1.056380e+01	9.714404e-01	8.988082e-04	1168149.000000	0.000000e+00
1.058835e+01	9.675094e-01	8.957495e-04	1166641.000000	0.000000e+00
1.061283e+01	9.655769e-01	8.923753e-04	1170789.000000	0.000000e+00
1.063739e+01	9.618939e-01	8.833541e-04	1185727.000000	0.000000e+00
1.066197e+01	9.588145e-01	8.811439e-04	1184065.000000	0.000000e+00
1.068650e+01	9.564393e-01	8.762272e-04	1191465.000000	0.000000e+00
1.071103e+01	9.538779e-01	8.727701e-04	1194499.000000	0.000000e+00
1.073555e+01	9.508875e-01	8.673407e-04	1201929.000000	0.000000e+00
1.076011e+01	9.483298e-01	8.622902e-04	1209517.000000	0.000000e+00
1.078466e+01	9.464802e-01	8.595742e-04	1212429.000000	0.000000e+00
1.080918e+01	9.447430e-01	8.564220e-04	1216891.000000	0.000000e+00
1.083370e+01	9.419289e-01	8.518385e-04	1222705.000000	0.000000e+00
1.085823e+01	9.387396e-01	8.462029e-04	1230669.000000	0.000000e+00
1.088282e+01	9.362269e-01	8.410323e-04	1239187.000000	0.000000e+00
1.090737e+01	9.345186e-01	8.399975e-04	1237713.000000	0.000000e+00
1.093189e+01	9.318330e-01	8.345413e-04	1246753.000000	0.000000e+00
1.095642e+01	9.309944e-01	8.326251e-04	1250245.000000	0.000000e+00
1.098096e+01	9.288390e-01	8.274391e-04	1260111.000000	0.000000e+00
1.100552e+01	9.249408e-01	8.233675e-04	1261945.000000	0.000000e+00
1.103005e+01	9.229801e-01	8.194445e-04	1268661.000000	0.000000e+00
1.105458e+01	9.203843e-01	8.153993e-04	1274083.000000	0.000000e+00
1.107911e+01	9.185302e-01	8.120599e-04	1279413.000000	0.000000e+00
1.110366e+01	9.172975e-01	8.084402e-04	1287433.000000	0.000000e+00
1.112821e+01	9.145188e-01	8.048349e-04	1291135.000000	0.000000e+00
1.115273e+01	9.120439e-01	8.012908e-04	1295541.000000	0.000000e+00
1.117726e+01	9.101186e-01	7.973267e-04	1302937.000000	0.000000e+00
1.120181e+01	9.077213e-01	7.931885e-04	1309641.000000	0.000000e+00
1.122634e+01	9.077028e-01	7.923384e-04	1312399.000000	0.000000e+00
1.125085e+01	9.056219e-01	7.885986e-04	1318809.000000	0.000000e+00
1.127541e+01	9.016900e-01	7.819852e-04	1329589.000000	0.000000e+00
1.129999e+01	9.016634e-01	7.813366e-04	1331719.000000	0.000000e+00
1.132451e+01	8.985287e-01	7.775973e-04	1335225.000000	0.000000e+00
1.134903e+01	8.985402e-01	7.751543e-04	1343689.000000	0.000000e+00
1.137357e+01	8.971826e-01	7.726949e-04	1348173.000000	0.000000e+00
1.139811e+01	8.938187e-01	7.675030e-04	1356247.000000	0.000000e+00
1.142265e+01	8.938325e-01	7.667683e-04	1358889.000000	0.000000e+00
1.144718e+01	8.911366e-01	7.621228e-04	1367221.000000	0.000000e+00
1.147174e+01	8.896887e-01	7.589932e-04	1374043.000000	0.000000e+00
1.149628e+01	8.887749e-01	7.573241e-04	1377273.000000	0.000000e+00
1.152079e+01	8.872843e-01	7.549223e-04	1381405.000000	0.000000e+00
1.154533e+01	8.855865e-01	7.503292e-04	1393023.000000	0.000000e+00
1.156988e+01	8.862528e-01	7.506583e-04	1393897.000000	0.000000e+00
1.159441e+01	8.841045e-01	7.464264e-04	1402921.000000	0.000000e+00
1.161895e+01	8.829265e-01	7.441641e-04	1407705.000000	0.000000e+00
1.164349e+01	8.814562e-01	7.412214e-04	1414183.000000	0.000000e+00
1.166804e+01	8.796406e-01	7.382328e-04	1419789.000000	0.000000e+00
1.169259e+01	8.801623e-01	7.367139e-04	1427341.000000	0.000000e+00
1.171712e+01	8.774974e-01	7.340880e-04	1428879.000000	0.000000e+00
1.174164e+01	8.761116e-01	7.305373e-04	1438249.000000	0.000000e+00
1.176619e+01	8.748014e-01	7.276469e-04	1445365.000000	0.000000e+00
1.179072e+01	8.745702e-01	7.271388e-04	1446621.000000	0.000000e+00
1.181525e+01	8.740926e-01	7.240385e-04	1457443.000000	0.000000e+00
1.183979e+01	8.744188e-01	7.234124e-04	1461057.000000	0.000000e+00
1.186435e+01	8.727046e-01	7.197826e-04	1470049.000000	0.000000e+00
1.188889e+01	8.723316e-01	7.186537e-04	1473411.000000	0.000000e+00
1.191343e+01	8.719827e-01	7.167864e-04	1479913.000000	0.000000e+00
1.193797e+01	8.711669e-01	7.144580e-04	1486789.000000	0.000000e+00
1.196251e+01	8.705112e-01	7.127472e-04	1491687.000000	0.000000e+00
1.198703e+01	8.695683e-01	7.106790e-04	1497133.000000	0.000000e+00
1.201156e+01	8.690480e-01	7.083807e-04	1505061.000000	0.000000e+00
1.203612e+01	8.688856e-01	7.067416e-04	1511485.000000	0.000000e+00
1.206065e+01	8.688419e-01	7.057817e-04	1515447.000000	0.000000e+00
1.208515e+01	8.681255e-01	7.041833e-04	1519825.000000	0.000000e+00
1.210971e+01	8.680624e-01	7.004830e-04	1535701.000000	0.000000e+00
1.213428e+01	8.684045e-01	7.015924e-04	1532055.000000	0.000000e+00
1.215881e+01	8.678814e-01	6.982124e-04	1545061.000000	0.000000e+00
1.218336e+01	8.699629e-01	6.997629e-04	1545609.000000	0.000000e+00
1.220787e+01	8.687093e-01	6.972153e-04	1552441.000000	0.000000e+00
1.223242e+01	8.678795e-01	6.940018e-04	1563859.000000	0.000000e+00
1.225696e+01	8.681860e-01	6.943104e-04	1563573.000000	0.000000e+00
1.228148e+01	8.677354e-01	6.917310e-04	1573621.000000	0.000000e+00
1.230602e+01	8.680474e-01	6.908685e-04	1578687.000000	0.000000e+00
1.233056e+01	8.678100e-01	6.891678e-04	1585621.000000	0.000000e+00
1.235512e+01	8.680647e-01	6.872909e-04	1595229.000000	0.000000e+00
1.237965e+01	8.696592e-01	6.889620e-04	1593337.000000	0.000000e+00
1.240419e+01	8.691369e-01	6.850297e-04	1609747.000000	0.000000e+00
1.242874e+01	8.695606e-01	6.859207e-04	1607133.000000	0.000000e+00
1.245325e+01	8.705709e-01	6.847690e-04	1616293.000000	0.000000e+00
1.247780e+01	8.718580e-01	6.833929e-04	1627611.000000	0.000000e+00
1.250235e+01	8.726110e-01	6.842282e-04	1626445.000000	0.000000e+00
1.252688e+01	8.716949e-01	6.808735e-04	1639065.000000	0.000000e+00
1.255143e+01	8.725528e-01	6.810107e-04	1641631.000000	0.000000e+00
1.257596e+01	8.721182e-01	6.799515e-04	1645109.500000	0.000000e+00
1.260049e+01	8.712954e-01	6.799004e-04	1642254.000000	0.000000e+00
1.262503e+01	8.687962e-01	6.785955e-04	1639132.000000	0.000000e+00
1.264958e+01	8.678541e-01	6.783187e-04	1636914.000000	0.000000e+00
1.267411e+01	8.652657e-01	6.775863e-04	1630684.000000	0.000000e+00
1.269864e+01	8.622187e-01	6.756067e-04	1628722.000000	0.000000e+00
1.272316e+01	8.600059e-01	6.747642e-04	1624422.000000	0.000000e+00
1.274773e+01	8.593324e-01	6.736455e-04	1627270.000000	0.000000e+00
1.277225e+01	8.565845e-01	6.746350e-04	1612140.000000	0.000000e+00
1.279677e+01	8.554752e-01	6.722123e-04	1619578.000000	0.000000e+00
1.282133e+01	8.526017e-01	6.719422e-04	1610010.000000	0.000000e+00
1.284587e+01	8.504732e-01	6.701203e-04	1610704.000000	0.000000e+00
1.287043e+01	8.490077e-01	6.700985e-04	1605262.000000	0.000000e+00
1.289495e+01	8.475022e-01	6.701434e-04	1599360.000000	0.000000e+00
1.291951e+01	8.448917e-01	6.675427e-04	1601932.000000	0.000000e+00
1.294403e+01	8.424339e-01	6.683912e-04	1588584.000000	0.000000e+00
1.296853e+01	8.412115e-01	6.667774e-04	1591654.000000	0.000000e+00
1.299309e+01	8.387723e-01	6.653931e-04	1589028.000000	0.000000e+00
1.301763e+01	8.366917e-01	6.653667e-04	1581280.000000	0.000000e+00
1.304217e+01	8.364100e-01	6.651919e-04	1581046.000000	0.000000e+00
1.306670e+01	8.353212e-01	6.656100e-04	1574952.000000	0.000000e+00
1.309123e+01	8.317588e-01	6.635078e-04	1571458.000000	0.000000e+00
1.311579e+01	8.310685e-01	6.630111e-04	1571202.000000	0.000000e+00
1.314034e+01	8.304407e-01	6.639295e-04	1564492.000000	0.000000e+00
1.316488e+01	8.271659e-01	6.621316e-04	1560618.000000	0.000000e+00
1.318940e+01	8.260838e-01	6.622596e-04	1555936.000000	0.000000e+00
1.321393e+01	8.248188e-01	6.620232e-04	1552282.000000	0.000000e+00
1.323848e+01	8.233965e-01	6.609809e-04	1551816.000000	0.000000e+00
1.326302e+01	8.205623e-01	6.606233e-04	1542820.000000	0.000000e+00
1.328757e+01	8.177644e-01	6.580237e-04	1544448.000000	0.000000e+00
1.331210e+01	8.171435e-01	6.596138e-04	1534678.000000	0.000000e+00
1.333662e+01	8.151339e-01	6.582915e-04	1533280.000000	0.000000e+00
1.336117e+01	8.138778e-01	6.577491e-04	1531080.000000	0.000000e+00
1.338570e+01	8.124125e-01	6.582805e-04	1523110.000000	0.000000e+00
1.341022e+01	8.119202e-01	6.582858e-04	1521240.000000	0.000000e+00
1.343476e+01	8.115363e-01	6.589204e-04	1516876.000000	0.000000e+00
1.345932e+01	8.097176e-01	6.577191e-04	1515606.000000	0.000000e+00
1.348389e+01	8.079059e-01	6.572282e-04	1511086.000000	0.000000e+00
1.350843e+01	8.056255e-01	6.572089e-04	1502656.000000	0.000000e+00
1.353293e+01	8.045009e-01	6.571496e-04	1498734.000000	0.000000e+00
1.355748e+01	8.038735e-01	6.566836e-04	1498522.000000	0.000000e+00
1.358203e+01	8.012279e-01	6.560156e-04	1491708.000000	0.000000e+00
1.360658e+01	7.996315e-01	6.551755e-04	1489582.000000	0.000000e+00
1.363111e+01	7.986364e-01	6.563136e-04	1480728.000000	0.000000e+00
1.365563e+01	7.997113e-01	6.572307e-04	1480576.000000	0.000000e+00
1.368019e+01	7.968063e-01	6.558874e-04	1475866.000000	0.000000e+00
1.370473e+01	7.949072e-01	6.557301e-04	1469544.000000	0.000000e+00
1.372924e+01	7.947519e-01	6.568763e-04	1463848.000000	0.000000e+00
1.375380e+01	7.930139e-01	6.547072e-04	1467126.000000	0.000000e+00
1.377836e+01	7.921320e-01	6.567965e-04	1454566.000000	0.000000e+00
1.380287e+01	7.911118e-01	6.566181e-04	1451610.000000	0.000000e+00
1.382737e+01	7.883885e-01	6.556672e-04	1445818.000000	0.000000e+00
1.385191e+01	7.889566e-01	6.560948e-04	1446016.000000	0.000000e+00
1.387648e+01	7.863509e-01	6.552173e-04	1440330.000000	0.000000e+00
1.390103e+01	7.867220e-01	6.564588e-04	1436242.000000	0.000000e+00
1.392557e+01	7.835197e-01	6.556763e-04	1427976.000000	0.000000e+00
1.395012e+01	7.833399e-01	6.553116e-04	1428910.000000	0.000000e+00
1.397464e+01	7.839566e-01	6.589462e-04	1415416.000000	0.000000e+00
1.399917e+01	7.821143e-01	6.561911e-04	1420626.000000	0.000000e+00
1.402372e+01	7.808177e-01	6.579205e-04	1408486.000000	0.000000e+00
1.404824e+01	7.796899e-01	6.573086e-04	1407036.000000	0.000000e+00
1.407278e+01	7.783496e-01	6.572563e-04	1402426.000000	0.000000e+00
1.409731e+01	7.768601e-01	6.576545e-04	1395372.000000	0.000000e+00
1.412183e+01	7.761464e-01	6.577186e-04	1392538.000000	0.000000e+00
1.414639e+01	7.757489e-01	6.579035e-04	1390330.000000	0.000000e+00
1.417094e+01	7.736048e-01	6.584144e-04	1380510.000000	0.000000e+00
1.419546e+01	7.737351e-01	6.588395e-04	1379194.000000	0.000000e+00
1.422001e+01	7.739703e-01	6.606695e-04	1372398.000000	0.000000e+00
1.424455e+01	7.730045e-01	6.606258e-04	1369156.000000	0.000000e+00
1.426908e+01	7.712762e-01	6.611578e-04	1360848.000000	0.000000e+00
1.429362e+01	7.704729e-01	6.604507e-04	1360924.000000	0.000000e+00
1.431818e+01	7.692232e-01	6.614357e-04	1352476.000000	0.000000e+00
1.434273e+01	7.691733e-01	6.620814e-04	1349664.000000	0.000000e+00
1.436724e+01	7.674969e-01	6.633159e-04	1338790.000000	0.000000e+00
1.439177e+01	7.654393e-01	6.607159e-04	1342122.000000	0.000000e+00
1.441633e+01	7.658484e-01	6.637739e-04	1331206.000000	0.000000e+00
1.444087e+01	7.647634e-01	6.633774e-04	1329024.000000	0.000000e+00
1.446541e+01	7.638664e-01	6.643869e-04	1321882.000000	0.000000e+00
1.448996e+01	7.621019e-01	6.634910e-04	1319338.000000	0.000000e+00
1.451448e+01	7.633039e-01	6.671819e-04	1308900.000000	0.000000e+00
1.453902e+01	7.618378e-01	6.655898e-04	1310122.000000	0.000000e+00
1.456356e+01	7.617820e-01	6.681573e-04	1299882.000000	0.000000e+00
1.458809e+01	7.604519e-01	6.679059e-04	1296322.000000	0.000000e+00
1.461262e+01	7.599104e-01	6.685095e-04	1292140.000000	0.000000e+00
1.463716e+01	7.608637e-01	6.713598e-04	1284408.000000	0.000000e+00
1.466171e+01	7.592776e-01	6.702850e-04	1283164.000000	0.000000e+00
1.468625e+01	7.587380e-01	6.723326e-04	1273548.000000	0.000000e+00
1.471078e+01	7.584988e-01	6.730954e-04	1269862.000000	0.000000e+00
1.473534e+01	7.592769e-01	6.745331e-04	1267050.000000	0.000000e+00
1.475987e+01	7.565935e-01	6.752587e-04	1255408.000000	0.000000e+00
1.478439e+01	7.568030e-01	6.754311e-04	1255462.000000	0.000000e+00
1.480894e+01	7.572774e-01	6.781982e-04	1246800.000000	0.000000e+00
1.483348e+01	7.575960e-01	6.791641e-04	1244302.000000	0.000000e+00
1.485802e+01	7.567605e-01	6.809311e-04	1235124.000000	0.000000e+00
1.488256e+01	7.556480e-01	6.805078e-04	1233028.000000	0.000000e+00
1.490708e+01	7.553944e-01	6.831436e-04	1222710.000000	0.000000e+00
1.493162e+01	7.548472e-01	6.828454e-04	1222006.000000	0.000000e+00
1.495618e+01	7.534683e-01	6.833466e-04	1215760.000000	0.000000e+00
1.498071e+01	7.555169e-01	6.877305e-04	1206846.000000	0.000000e+00
1.500525e+01	7.549032e-01	6.878533e-04	1204456.000000	0.000000e+00
1.502980e+01	7.541916e-01	6.891553e-04	1197648.000000	0.000000e+00
1.505434e+01	7.524752e-01	6.896168e-04	1190608.000000	0.000000e+00
1.507886e+01	7.537332e-01	6.920817e-04	1186098.000000	0.000000e+00
1.510342e+01	7.540567e-01	6.938110e-04	1181206.000000	0.000000e+00
1.512796e+01	7.525894e-01	6.949665e-04	1172704.000000	0.000000e+00
1.515246e+01	7.540119e-01	6.978541e-04	1167420.000000	0.000000e+00
1.517700e+01	7.535600e-01	6.986890e-04	1163236.000000	0.000000e+00
1.520157e+01	7.551504e-01	7.013869e-04	1159182.000000	0.000000e+00
1.522611e+01	7.527153e-01	7.026479e-04	1147588.000000	0.000000e+00
1.525063e+01	7.530344e-01	7.033540e-04	1146256.000000	0.000000e+00
1.527518e+01	7.525614e-01	7.054624e-04	1137984.000000	0.000000e+00
1.529972e+01	7.540914e-01	7.084415e-04	1133026.000000	0.000000e+00
1.532424e+01	7.540618e-01	7.108055e-04	1125414.000000	0.000000e+00
1.534877e+01	7.539142e-01	7.120559e-04	1121026.000000	0.000000e+00
1.537332e+01	7.556900e-01	7.155463e-04	1115352.000000	0.000000e+00
1.539786e+01	7.536216e-01	7.160268e-04	1107766.000000	0.000000e+00
1.542240e+01	7.549704e-01	7.186565e-04	1103614.000000	0.000000e+00
1.544694e+01	7.551215e-01	7.215173e-04	1095318.000000	0.000000e+00
1.547149e+01	7.565323e-01	7.242917e-04	1091008.000000	0.000000e+00
1.549603e+01	7.552859e-01	7.254073e-04	1084074.000000	0.000000e+00
1.552054e+01	7.548595e-01	7.283357e-04	1074160.000000	0.000000e+00
1.554506e+01	7.544929e-01	7.282927e-04	1073244.000000	0.000000e+00
1.556963e+01	7.557004e-01	7.317411e-04	1066558.000000	0.000000e+00
1.559418e+01	7.554973e-01	7.345234e-04	1057924.000000	0.000000e+00
1.561873e+01	7.548465e-01	7.352382e-04	1054050.000000	0.000000e+00
1.564327e+01	7.560660e-01	7.398607e-04	1044286.000000	0.000000e+00
1.566780e+01	7.575862e-01	7.423015e-04	1041606.000000	0.000000e+00
1.569233e+01	7.583174e-01	7.469031e-04	1030798.000000	0.000000e+00
1.571685e+01	7.590019e-01	7.487571e-04	1027552.000000	0.000000e+00
1.574141e+01	7.580952e-01	7.501343e-04	1021338.000000	0.000000e+00
1.576595e+01	7.616540e-01	7.566247e-04	1013338.000000	0.000000e+00
1.579049e+01	7.605372e-01	7.574433e-04	1008186.000000	0.000000e+00
1.581502e+01	7.604219e-01	7.606524e-04	999394.000000	0.000000e+00
1.583955e+01	7.614606e-01	7.634873e-04	994698.000000	0.000000e+00
1.586407e+01	7.606610e-01	7.656293e-04	987064.000000	0.000000e+00
1.588861e+01	7.619607e-01	7.692861e-04	981046.000000	0.000000e+00
1.591315e+01	7.636538e-01	7.732324e-04	975378.000000	0.000000e+00
1.593770e+01	7.617859e-01	7.742574e-04	968044.000000	0.000000e+00
1.596225e+01	7.648706e-01	7.800385e-04	961488.000000	0.000000e+00
1.598677e+01	7.659177e-01	7.844578e-04	953290.000000	0.000000e+00
1.601131e+01	7.647891e-01	7.850423e-04	949068.000000	0.000000e+00
1.603586e+01	7.656744e-01	7.893274e-04	940966.000000	0.000000e+00
1.606040e+01	7.679544e-01	7.946093e-04	934036.000000	0.000000e+00
1.608493e+01	7.691398e-01	7.985764e-04	927636.000000	0.000000e+00
1.610947e+01	7.682283e-01	8.010187e-04	919804.000000	0.000000e+00
1.613400e+01	7.693293e-01	8.047157e-04	913986.000000	0.000000e+00
1.615854e+01	7.720300e-01	8.103928e-04	907564.000000	0.000000e+00
1.618310e+01	7.738164e-01	8.154567e-04	900480.000000	0.000000e+00
1.620765e+01	7.718619e-01	8.166091e-04	893410.000000	0.000000e+00
1.623216e+01	7.738639e-01	8.233601e-04	883384.000000	0.000000e+00
1.625669e+01	7.763643e-01	8.271466e-04	880980.000000	0.000000e+00
1.628123e+01	7.765078e-01	8.319111e-04	871240.000000	0.000000e+00
1.630580e+01	7.781430e-01	8.354966e-04	867420.000000	0.000000e+00
1.633036e+01	7.793284e-01	8.415868e-04	857518.000000	0.000000e+00
1.635486e+01	7.788521e-01	8.454643e-04	848632.000000	0.000000e+00
1.637939e+01	7.816372e-01	8.500024e-04	845610.000000	0.000000e+00
1.640395e+01	7.850134e-01	8.583992e-04	836326.000000	0.000000e+00
1.642848e+01	7.849499e-01	8.619570e-04	829302.000000	0.000000e+00
1.645298e+01	7.853102e-01	8.669764e-04	820480.000000	0.000000e+00
1.647753e+01	7.869586e-01	8.706339e-04	817020.000000	0.000000e+00
1.650209e+01	7.878643e-01	8.762858e-04	808372.000000	0.000000e+00
1.652660e+01	7.891804e-01	8.832805e-04	798280.000000	0.000000e+00
1.655114e+01	7.909581e-01	8.867366e-04	795642.000000	0.000000e+00
1.657571e+01	7.902203e-01	8.911781e-04	786262.000000	0.000000e+00
1.660025e+01	7.940724e-01	9.003366e-04	777876.000000	0.000000e+00
1.662478e+01	7.940844e-01	9.035244e-04	772420.000000	0.000000e+00
1.664931e+01	7.959053e-01	9.115124e-04	762426.000000	0.000000e+00
1.667386e+01	7.991438e-01	9.173655e-04	758866.000000	0.000000e+00
1.669842e+01	7.988332e-01	9.234715e-04	748282.000000	0.000000e+00
1.672293e+01	8.017235e-01	9.314536e-04	740844.000000	0.000000e+00
1.674748e+01	8.038263e-01	9.370031e-04	735940.000000	0.000000e+00
1.677204e+01	8.057429e-01	9.457389e-04	725856.000000	0.000000e+00
1.679655e+01	8.085731e-01	9.538125e-04	718642.000000	0.000000e+00
1.682107e+01	8.083609e-01	9.582809e-04	711582.000000	0.000000e+00
1.684563e+01	8.085443e-01	9.631194e-04	704770.000000	0.000000e+00
1.687018e+01	8.116034e-01	9.722207e-04	696880.000000	0.000000e+00
1.689472e+01	8.155216e-01	9.832744e-04	687894.000000	0.000000e+00
1.691924e+01	8.127022e-01	9.842603e-04	681778.000000	0.000000e+00
1.694378e+01	8.162793e-01	9.953812e-04	672510.000000	0.000000e+00
1.696830e+01	8.194312e-01	1.004206e-03	665854.000000	0.000000e+00
1.699283e+01	8.192578e-01	1.010263e-03	657616.000000	0.000000e+00
1.701740e+01	8.227981e-01	1.019161e-03	651780.000000	0.000000e+00
1.704195e+01	8.228949e-01	1.026988e-03	642034.000000	0.000000e+00
1.706646e+01	8.231554e-01	1.034588e-03	633036.000000	0.000000e+00
1.709097e+01	8.285616e-01	1.045780e-03	627724.000000	0.000000e+00
1.711553e+01	8.265229e-01	1.050332e-03	619236.000000	0.000000e+00
1.714008e+01	8.306552e-01	1.062840e-03	610810.000000	0.000000e+00
1.716463e+01	8.310031e-01	1.068588e-03	604762.000000	0.000000e+00
1.718918e+01	8.330559e-01	1.081112e-03	593754.000000	0.000000e+00
1.721369e+01	8.338172e-01	1.087611e-03	587752.000000	0.000000e+00
1.723823e+01	8.352047e-01	1.097818e-03	578796.000000	0.000000e+00
1.726278e+01	8.375287e-01	1.107461e-03	571930.000000	0.000000e+00
1.728731e+01	8.383090e-01	1.117293e-03	562956.000000	0.000000e+00
1.731188e+01	8.387511e-01	1.124701e-03	556150.000000	0.000000e+00
1.733641e+01	8.397212e-01	1.136072e-03	546334.000000	0.000000e+00
1.736091e+01	8.429087e-01	1.149617e-03	537594.000000	0.000000e+00
1.738543e+01	8.433480e-01	1.155857e-03	532360.000000	0.000000e+00
1.741000e+01	8.443878e-01	1.168723e-03	521988.000000	0.000000e+00
1.743456e+01	8.459722e-01	1.177809e-03	515896.000000	0.000000e+00
1.745909e+01	8.442686e-01	1.187681e-03	505314.000000	0.000000e+00
1.748363e+01	8.481351e-01	1.201057e-03	498658.000000	0.000000e+00
1.750818e+01	8.478391e-01	1.211117e-03	490066.000000	0.000000e+00
1.753269e+01	8.497376e-01	1.226529e-03	479970.000000	0.000000e+00
1.755722e+01	8.499834e-01	1.234018e-03	474436.000000	0.000000e+00
1.758176e+01	8.441142e-01	1.239229e-03	463980.000000	0.000000e+00
1.760629e+01	8.456315e-01	1.251197e-03	456784.000000	0.000000e+00
1.763083e+01	8.485040e-01	1.267178e-03	448366.000000	0.000000e+00
1.765539e+01	8.457780e-01	1.275200e-03	439902.000000	0.000000e+00
1.767993e+01	8.455343e-01	1.287695e-03	431158.000000	0.000000e+00
1.770446e+01	8.442107e-01	1.298359e-03	422778.000000	0.000000e+00
1.772897e+01	8.439259e-01	1.312268e-03	413584.000000	0.000000e+00
1.775351e+01	8.389568e-01	1.315878e-03	406488.000000	0.000000e+00
1.777808e+01	8.383127e-01	1.329225e-03	397754.500000	0.000000e+00
1.780261e+01	8.376285e-01	1.342745e-03	389149.000000	0.000000e+00
1.782713e+01	8.368126e-01	1.353582e-03	382197.000000	0.000000e+00
1.785169e+01	8.348499e-01	1.362164e-03	375628.000000	0.000000e+00
1.787623e+01	8.331933e-01	1.373941e-03	367752.000000	0.000000e+00
1.790076e+01	8.323514e-01	1.383572e-03	361918.000000	0.000000e+00
1.792530e+01	8.333959e-01	1.398477e-03	355134.000000	0.000000e+00
1.794985e+01	8.295978e-01	1.404954e-03	348667.000000	0.000000e+00
1.797440e+01	8.331013e-01	1.422588e-03	342955.000000	0.000000e+00
1.799891e+01	8.320495e-01	1.436012e-03	335724.000000	0.000000e+00
1.802344e+01	8.318979e-01	1.445881e-03	331036.000000	0.000000e+00
1.804802e+01	8.347295e-01	1.463249e-03	325428.000000	0.000000e+00
1.807255e+01	8.336141e-01	1.477675e-03	318253.000000	0.000000e+00
1.809707e+01	8.353758e-01	1.490704e-03	314037.000000	0.000000e+00
1.812164e+01	8.342979e-01	1.502937e-03	308149.000000	0.000000e+00
1.814617e+01	8.307942e-01	1.511142e-03	302257.000000	0.000000e+00
1.817068e+01	8.356602e-01	1.533084e-03	297117.000000	0.000000e+00
1.819523e+01	8.356658e-01	1.544764e-03	292645.000000	0.000000e+00
1.821979e+01	8.395412e-01	1.566990e-03	287046.000000	0.000000e+00
1.824431e+01	8.358371e-01	1.575848e-03	281329.000000	0.000000e+00
1.826883e+01	8.387430e-01	1.592756e-03	277306.000000	0.000000e+00
1.829337e+01	8.408769e-01	1.611710e-03	272202.000000	0.000000e+00
1.831793e+01	8.405364e-01	1.624493e-03	267718.000000	0.000000e+00
1.834250e+01	8.445887e-01	1.646973e-03	262977.000000	0.000000e+00
1.836701e+01	8.420311e-01	1.660740e-03	257071.000000	0.000000e+00
1.839152e+01	8.455465e-01	1.678564e-03	253746.000000	0.000000e+00
1.841609e+01	8.427779e-01	1.688090e-03	249250.000000	0.000000e+00
1.844064e+01	8.450406e-01	1.710125e-03	244174.000000	0.000000e+00
1.846515e+01	8.470807e-01	1.728772e-03	240090.000000	0.000000e+00
1.848971e+01	8.489038e-01	1.747445e-03	235999.000000	0.000000e+00
1.851428e+01	8.517467e-01	1.769159e-03	231786.000000	0.000000e+00
1.853881e+01	8.566464e-01	1.797762e-03	227059.000000	0.000000e+00
1.856328e+01	8.521985e-01	1.807153e-03	222378.000000	0.000000e+00
1.858784e+01	8.545630e-01	1.821128e-03	220195.000000	0.000000e+00
1.861244e+01	8.547177e-01	1.843323e-03	215002.000000	0.000000e+00
1.863693e+01	8.574242e-01	1.868665e-03	210537.000000	0.000000e+00
1.866143e+01	8.618081e-01	1.892959e-03	207271.000000	0.000000e+00
1.868601e+01	8.585195e-01	1.901395e-03	203871.000000	0.000000e+00
1.871055e+01	8.613648e-01	1.929653e-03	199258.000000	0.000000e+00
1.873503e+01	8.641556e-01	1.955268e-03	195331.000000	0.000000e+00
1.875958e+01	8.679086e-01	1.975896e-03	192939.000000	0.000000e+00
1.878417e+01	8.707109e-01	2.006039e-03	188395.000000	0.000000e+00
1.880870e+01	8.719355e-01	2.027302e-03	184983.000000	0.000000e+00
1.883322e+01	8.730093e-01	2.050770e-03	181219.000000	0.000000e+00
1.885775e+01	8.747645e-01	2.074096e-03	177879.000000	0.000000e+00
1.888231e+01	8.745328e-01	2.092741e-03	174631.000000	0.000000e+00
1.890684e+01	8.796349e-01	2.127809e-03	170899.000000	0.000000e+00
1.893134e+01	8.845501e-01	2.161616e-03	167451.000000	0.000000e+00
1.895590e+01	8.853606e-01	2.180433e-03	164875.000000	0.000000e+00
1.898046e+01	8.857226e-01	2.208359e-03	160863.000000	0.000000e+00
1.900495e+01	8.904155e-01	2.242924e-03	157600.000000	0.000000e+00
1.902946e+01	8.955630e-01	2.275826e-03	154851.000000	0.000000e+00
1.905406e+01	8.974537e-01	2.301020e-03	152119.000000	0.000000e+00
1.907863e+01	8.971860e-01	2.328893e-03	148411.000000	0.000000e+00
1.910311e+01	9.025195e-01	2.370607e-03	144942.000000	0.000000e+00
1.912765e+01	8.992514e-01	2.377816e-03	143023.000000	0.000000e+00
1.915226e+01	9.047295e-01	2.420941e-03	139659.000000	0.000000e+00
1.917678e+01	9.085573e-01	2.461501e-03	136240.000000	0.000000e+00
1.920124e+01	9.178751e-01	2.512897e-03	133419.000000	0.000000e+00
1.922581e+01	9.144864e-01	2.522829e-03	131395.000000	0.000000e+00
1.925040e+01	9.185358e-01	2.568148e-03	127924.000000	0.000000e+00
1.927489e+01	9.227725e-01	2.609796e-03	125019.000000	0.000000e+00
1.929941e+01	9.286255e-01	2.650491e-03	122752.000000	0.000000e+00
1.932402e+01	9.338385e-01	2.692094e-03	120327.000000	0.000000e+00
1.934855e+01	9.346076e-01	2.736235e-03	116668.000000	0.000000e+00
1.937298e+01	9.409933e-01	2.784260e-03	114223.000000	0.000000e+00
1.939755e+01	9.443384e-01	2.811839e-03	112791.000000	0.000000e+00
1.942217e+01	9.464082e-01	2.862494e-03	109312.000000	0.000000e+00
1.944667e+01	9.502644e-01	2.906130e-03	106920.000000	0.000000e+00
1.947113e+01	9.541432e-01	2.958601e-03	104005.000000	0.000000e+00
1.949570e+01	9.581373e-01	2.988290e-03	102804.000000	0.000000e+00
1.952032e+01	9.629452e-01	3.050734e-03	99631.000000	0.000000e+00
1.954482e+01	9.687729e-01	3.108812e-03	97108.000000	0.000000e+00
1.956930e+01	9.772170e-01	3.171596e-03	94935.000000	0.000000e+00
1.959391e+01	9.778911e-01	3.204083e-03	93148.000000	0.000000e+00
1.961850e+01	9.806432e-01	3.262509e-03	90348.000000	0.000000e+00
1.964294e+01	9.920081e-01	3.349716e-03	87703.000000	0.000000e+00
1.966740e+01	9.904875e-01	3.376043e-03	86076.000000	0.000000e+00
1.969204e+01	9.970119e-01	3.431857e-03	84400.000000	0.000000e+00
1.971660e+01	9.977226e-01	3.498499e-03	81331.000000	0.000000e+00
1.974103e+01	9.995379e-01	3.546066e-03	79452.000000	0.000000e+00
1.976563e+01	1.010367e+00	3.613990e-03	78160.000000	0.000000e+00
1.979032e+01	1.012959e+00	3.680445e-03	75750.000000	0.000000e+00
1.981482e+01	1.030548e+00	3.810394e-03	73147.000000	0.000000e+00
1.983914e+01	1.025311e+00	3.853029e-03	70812.000000	0.000000e+00
1.986374e+01	1.030351e+00	3.876787e-03	70636.000000	0.000000e+00
1.988844e+01	1.035443e+00	3.983180e-03	67576.000000	0.000000e+00
1.991292e+01	1.045341e+00	4.077425e-03	65727.000000	0.000000e+00
1.993736e+01	1.056643e+00	4.185388e-03	63736.000000	0.000000e+00
1.996197e+01	1.059629e+00	4.232157e-03	62688.000000	0.000000e+00
1.998658e+01	1.066929e+00	4.346892e-03	60244.000000	0.000000e+00
2.001095e+01	1.065457e+00	4.421327e-03	58072.000000	0.000000e+00
2.003547e+01	1.072388e+00	4.474230e-03	57447.000000	0.000000e+00
2.006019e+01	1.086697e+00	4.617351e-03	55390.000000	0.000000e+00
2.008472e+01	1.091544e+00	4.725166e-03	53364.000000	0.000000e+00
2.010903e+01	1.087016e+00	4.800789e-03	51268.000000	0.000000e+00
2.013363e+01	1.095170e+00	4.842664e-03	51144.000000	0.000000e+00
2.015842e+01	1.108852e+00	5.020978e-03	48772.000000	0.000000e+00
2.018288e+01	1.125729e+00	5.202129e-03	46828.000000	0.000000e+00
2.020721e+01	1.126744e+00	5.289705e-03	45372.000000	0.000000e+00
2.023181e+01	1.135882e+00	5.382237e-03	44539.000000	0.000000e+00
2.025650e+01	1.132971e+00	5.481547e-03	42720.000000	0.000000e+00
2.028095e+01	1.148601e+00	5.676969e-03	40936.000000	0.000000e+00
2.030542e+01	1.155552e+00	5.779351e-03	39978.000000	0.000000e+00
2.033011e+01	1.166190e+00	5.935137e-03	38608.000000	0.000000e+00
2.035466e+01	1.168756e+00	6.084959e-03	36892.000000	0.000000e+00
2.037892e+01	1.176217e+00	6.268544e-03	35208.000000	0.000000e+00
2.040348e+01	1.193057e+00	6.375339e-03	35020.000000	0.000000e+00
2.042837e+01	1.208696e+00	6.616463e-03	33372.000000	0.000000e+00
2.045281e+01	1.209870e+00	6.825518e-03	31420.000000	0.000000e+00
2.047697e+01	1.205363e+00	6.919153e-03	30348.000000	0.000000e+00
2.050165e+01	1.229898e+00	7.096091e-03	30040.000000	0.000000e+00
2.052659e+01	1.233299e+00	7.301848e-03	28528.000000	0.000000e+00
2.055100e+01	1.245378e+00	7.632745e-03	26622.000000	0.000000e+00
2.057510e+01	1.244569e+00	7.751351e-03	25780.000000	0.000000e+00
2.059985e+01	1.274327e+00	7.987669e-03	25452.000000	0.000000e+00
2.062477e+01	1.265732e+00	8.173672e-03	23980.000000	0.000000e+00
2.064904e+01	1.294917e+00	8.690129e-03	22204.000000	0.000000e+00
2.067328e+01	1.280634e+00	8.648986e-03	21924.000000	0.000000e+00
2.069813e+01	1.300737e+00	8.964844e-03	21052.000000	0.000000e+00
2.072282e+01	1.325194e+00	9.434914e-03	19728.000000	0.000000e+00
2.074689e+01	1.325555e+00	9.794502e-03	18316.000000	0.000000e+00
2.077148e+01	1.348187e+00	9.906181e-03	18522.000000	0.000000e+00
2.079650e+01	1.381931e+00	1.058152e-02	17056.000000	0.000000e+00
2.082086e+01	1.353530e+00	1.073386e-02	15901.000000	0.000000e+00
2.084494e+01	1.399289e+00	1.137521e-02	15132.000000	0.000000e+00
2.086988e+01	1.390870e+00	1.135036e-02	15016.000000	0.000000e+00
2.089484e+01	1.421792e+00	1.220973e-02	13560.000000	0.000000e+00
2.091874e+01	1.450904e+00	1.301063e-02	12436.000000	0.000000e+00
2.094286e+01	1.428116e+00	1.287061e-02	12312.000000	0.000000e+00
2.096835e+01	1.429840e+00	1.304390e-02	12016.000000	0.000000e+00
2.099333e+01	1.469692e+00	1.440182e-02	10414.000000	0.000000e+00
2.101635e+01	1.478341e+00	1.534950e-02	9276.000000	0.000000e+00
2.104066e+01	1.483196e+00	1.486097e-02	9961.000000	0.000000e+00
2.106684e+01	1.519520e+00	1.581804e-02	9228.000000	0.000000e+00
2.109169e+01	1.520679e+00	1.729385e-02	7732.000000	0.000000e+00
2.111385e+01	1.552110e+00	1.888330e-02	6756.000000	0.000000e+00
2.113864e+01	1.577208e+00	1.790895e-02	7756.000000	0.000000e+00
2.116547e+01	1.589732e+00	1.925004e-02	6820.000000	0.000000e+00
2.118998e+01	1.570163e+00	2.145079e-02	5358.000000	0.000000e+00
2.121167e+01	1.628545e+00	2.304724e-02	4993.000000	0.000000e+00
2.123701e+01	1.636757e+00	2.203001e-02	5520.000000	0.000000e+00
2.126409e+01	1.658739e+00	2.396181e-02	4792.000000	0.000000e+00
2.128812e+01	1.676012e+00	2.859240e-02	3436.000000	0.000000e+00
2.130920e+01	1.694987e+00	2.873272e-02	3480.000000	0.000000e+00
2.133536e+01	1.729291e+00	2.834903e-02	3721.000000	0.000000e+00
2.136298e+01	1.722074e+00	3.077095e-02	3132.000000	0.000000e+00
2.138535e+01	1.825058e+00	4.333112e-02	1774.000000	0.000000e+00
2.140616e+01	1.748924e+00	3.561085e-02	2412.000000	0.000000e+00
2.143360e+01	1.799091e+00	3.825256e-02	2212.000000	0.000000e+00
2.146162e+01	1.831965e+00	4.274275e-02	1837.000000	0.000000e+00
2.148292e+01	1.825263e+00	6.389698e-02	816.000000	0.000000e+00
2.150387e+01	1.848966e+00	4.991739e-02	1372.000000	0.000000e+00
2.153200e+01	1.831809e+00	5.543305e-02	1092.000000	0.000000e+00
2.156014e+01	2.073056e+00	7.135753e-02	844.000000	0.000000e+00
2.158178e+01	2.005614e+00	1.089300e-01	339.000000	0.000000e+00
2.160234e+01	2.037445e+00	8.833443e-02	532.000000	0.000000e+00
2.163046e+01	2.108177e+00	1.104985e-01	364.000000	0.000000e+00
2.165853e+01	2.311291e+00	1.530690e-01	228.000000	0.000000e+00
2.168066e+01	1.805667e+00	2.113373e-01	73.000000	0.000000e+00
2.170037e+01	2.028179e+00	2.212925e-01	84.000000	0.000000e+00
2.172766e+01	1.966898e+00	3.717088e-01	28.000000	0.000000e+00
2.175143e+01	4.425208e+00	2.554895e+00	3.000000	0.000000e+00
