# [<k> (h/Mpc)]	[<P_0(k)> (Mpc/h)^3]	[ErrorBar (Mpc/h)^3]	nModes	[<P_2(k)> (Mpc/h)^3]
3.476422e-02	1.468580e+04	4.073109e+03	13.000000	0.000000e+00
5.890282e-02	6.124869e+03	1.066203e+03	33.000000	0.000000e+00
8.378087e-02	5.201311e+03	5.851932e+02	79.000000	0.000000e+00
1.087368e-01	2.753429e+03	2.545546e+02	117.000000	0.000000e+00
1.341836e-01	2.112453e+03	1.475401e+02	205.000000	0.000000e+00
1.581206e-01	1.656727e+03	1.080729e+02	235.000000	0.000000e+00
1.826843e-01	1.492210e+03	7.768135e+01	369.000000	0.000000e+00
2.073525e-01	1.242913e+03	5.973058e+01	433.000000	0.000000e+00
2.322407e-01	1.051285e+03	4.346527e+01	585.000000	0.000000e+00
2.568838e-01	8.583480e+02	3.294037e+01	679.000000	0.000000e+00
2.811185e-01	7.616558e+02	2.671244e+01	813.000000	0.000000e+00
3.057758e-01	6.615519e+02	2.107879e+01	985.000000	0.000000e+00
3.308750e-01	5.983646e+02	1.739697e+01	1183.000000	0.000000e+00
3.553459e-01	5.416352e+02	1.520464e+01	1269.000000	0.000000e+00
3.797184e-01	5.028525e+02	1.282637e+01	1537.000000	0.000000e+00
4.042043e-01	4.547038e+02	1.118387e+01	1653.000000	0.000000e+00
4.287408e-01	4.238511e+02	9.566501e+00	1963.000000	0.000000e+00
4.533372e-01	4.092896e+02	8.887107e+00	2121.000000	0.000000e+00
4.779960e-01	3.833803e+02	7.804609e+00	2413.000000	0.000000e+00
5.026630e-01	3.524136e+02	6.865345e+00	2635.000000	0.000000e+00
5.271488e-01	3.304499e+02	6.160780e+00	2877.000000	0.000000e+00
5.515428e-01	3.162065e+02	5.617069e+00	3169.000000	0.000000e+00
5.762241e-01	3.016614e+02	5.093918e+00	3507.000000	0.000000e+00
6.007286e-01	2.836392e+02	4.672480e+00	3685.000000	0.000000e+00
6.252569e-01	2.673341e+02	4.142350e+00	4165.000000	0.000000e+00
6.499966e-01	2.637956e+02	3.987303e+00	4377.000000	0.000000e+00
6.746858e-01	2.521036e+02	3.618132e+00	4855.000000	0.000000e+00
6.991271e-01	2.370494e+02	3.376444e+00	4929.000000	0.000000e+00
7.235757e-01	2.363608e+02	3.163876e+00	5581.000000	0.000000e+00
7.479714e-01	2.265802e+02	3.006671e+00	5679.000000	0.000000e+00
7.726133e-01	2.136549e+02	2.673821e+00	6385.000000	0.000000e+00
7.972413e-01	2.088728e+02	2.580251e+00	6553.000000	0.000000e+00
8.218513e-01	2.039946e+02	2.416720e+00	7125.000000	0.000000e+00
8.464491e-01	1.972288e+02	2.285492e+00	7447.000000	0.000000e+00
8.709767e-01	1.897188e+02	2.130597e+00	7929.000000	0.000000e+00
8.955547e-01	1.860299e+02	2.035455e+00	8353.000000	0.000000e+00
9.199772e-01	1.796236e+02	1.917519e+00	8775.000000	0.000000e+00
9.444963e-01	1.756459e+02	1.820092e+00	9313.000000	0.000000e+00
9.690846e-01	1.703885e+02	1.717595e+00	9841.000000	0.000000e+00
9.935517e-01	1.642086e+02	1.626625e+00	10191.000000	0.000000e+00
1.018099e+00	1.613986e+02	1.546131e+00	10897.000000	0.000000e+00
1.042679e+00	1.566750e+02	1.473809e+00	11301.000000	0.000000e+00
1.067353e+00	1.553977e+02	1.417105e+00	12025.000000	0.000000e+00
1.092004e+00	1.494306e+02	1.340684e+00	12423.000000	0.000000e+00
1.116549e+00	1.471608e+02	1.289645e+00	13021.000000	0.000000e+00
1.140967e+00	1.438217e+02	1.242198e+00	13405.000000	0.000000e+00
1.165410e+00	1.386906e+02	1.161945e+00	14247.000000	0.000000e+00
1.189942e+00	1.374298e+02	1.135318e+00	14653.000000	0.000000e+00
1.214340e+00	1.336546e+02	1.079370e+00	15333.000000	0.000000e+00
1.238824e+00	1.315811e+02	1.041902e+00	15949.000000	0.000000e+00
1.263616e+00	1.273135e+02	9.747597e-01	17059.000000	0.000000e+00
1.288278e+00	1.260298e+02	9.638584e-01	17097.000000	0.000000e+00
1.312698e+00	1.247036e+02	9.303905e-01	17965.000000	0.000000e+00
1.337129e+00	1.202253e+02	8.831740e-01	18531.000000	0.000000e+00
1.361846e+00	1.194915e+02	8.520120e-01	19669.000000	0.000000e+00
1.386459e+00	1.174663e+02	8.328429e-01	19893.000000	0.000000e+00
1.410760e+00	1.144870e+02	7.999049e-01	20485.000000	0.000000e+00
1.435294e+00	1.119575e+02	7.591255e-01	21751.000000	0.000000e+00
1.459966e+00	1.100499e+02	7.384568e-01	22209.000000	0.000000e+00
1.484553e+00	1.070806e+02	7.054402e-01	23041.000000	0.000000e+00
1.509059e+00	1.048661e+02	6.813081e-01	23691.000000	0.000000e+00
1.533565e+00	1.029847e+02	6.585236e-01	24457.000000	0.000000e+00
1.558284e+00	1.016138e+02	6.326567e-01	25797.000000	0.000000e+00
1.582818e+00	9.858836e+01	6.158526e-01	25627.000000	0.000000e+00
1.607259e+00	9.828747e+01	5.957692e-01	27217.000000	0.000000e+00
1.631809e+00	9.753812e+01	5.876537e-01	27549.000000	0.000000e+00
1.656366e+00	9.379819e+01	5.525865e-01	28813.000000	0.000000e+00
1.680925e+00	9.267505e+01	5.409060e-01	29355.000000	0.000000e+00
1.705257e+00	9.168301e+01	5.300659e-01	29917.000000	0.000000e+00
1.729806e+00	8.999912e+01	5.058606e-01	31653.000000	0.000000e+00
1.754462e+00	8.826909e+01	4.938174e-01	31951.000000	0.000000e+00
1.778992e+00	8.703296e+01	4.786585e-01	33061.000000	0.000000e+00
1.803411e+00	8.518273e+01	4.647306e-01	33597.000000	0.000000e+00
1.827963e+00	8.321441e+01	4.435532e-01	35197.000000	0.000000e+00
1.852647e+00	8.300001e+01	4.385278e-01	35823.000000	0.000000e+00
1.877249e+00	8.095695e+01	4.211655e-01	36949.000000	0.000000e+00
1.901733e+00	7.988693e+01	4.135889e-01	37309.000000	0.000000e+00
1.926241e+00	7.844360e+01	3.968332e-01	39075.000000	0.000000e+00
1.950830e+00	7.779337e+01	3.920517e-01	39373.000000	0.000000e+00
1.975308e+00	7.578062e+01	3.750183e-01	40833.000000	0.000000e+00
1.999729e+00	7.417512e+01	3.654213e-01	41203.000000	0.000000e+00
2.024419e+00	7.261800e+01	3.474227e-01	43689.000000	0.000000e+00
2.049126e+00	7.154344e+01	3.429733e-01	43513.000000	0.000000e+00
2.073508e+00	7.109121e+01	3.372434e-01	44437.000000	0.000000e+00
2.097846e+00	6.960565e+01	3.257762e-01	45651.000000	0.000000e+00
2.122473e+00	6.817945e+01	3.128782e-01	47485.000000	0.000000e+00
2.147106e+00	6.732558e+01	3.074228e-01	47961.000000	0.000000e+00
2.171601e+00	6.621725e+01	2.986913e-01	49147.000000	0.000000e+00
2.196158e+00	6.581962e+01	2.934023e-01	50325.000000	0.000000e+00
2.220735e+00	6.491769e+01	2.856486e-01	51649.000000	0.000000e+00
2.245251e+00	6.336474e+01	2.774649e-01	52153.000000	0.000000e+00
2.269729e+00	6.291221e+01	2.708740e-01	53943.000000	0.000000e+00
2.294271e+00	6.114356e+01	2.614382e-01	54697.000000	0.000000e+00
2.318928e+00	6.100895e+01	2.561119e-01	56745.000000	0.000000e+00
2.343538e+00	5.997259e+01	2.511821e-01	57007.000000	0.000000e+00
2.368026e+00	5.918923e+01	2.447989e-01	58461.000000	0.000000e+00
2.392423e+00	5.786863e+01	2.381587e-01	59041.000000	0.000000e+00
2.416863e+00	5.708252e+01	2.310919e-01	61015.000000	0.000000e+00
2.441509e+00	5.643566e+01	2.254956e-01	62637.000000	0.000000e+00
2.466080e+00	5.528325e+01	2.199589e-01	63169.000000	0.000000e+00
2.490575e+00	5.501771e+01	2.164559e-01	64605.000000	0.000000e+00
2.515186e+00	5.384392e+01	2.088182e-01	66487.000000	0.000000e+00
2.539777e+00	5.298608e+01	2.046527e-01	67033.000000	0.000000e+00
2.564215e+00	5.248182e+01	2.009029e-01	68241.000000	0.000000e+00
2.588707e+00	5.120818e+01	1.935612e-01	69991.000000	0.000000e+00
2.613337e+00	5.055173e+01	1.890461e-01	71505.000000	0.000000e+00
2.637925e+00	4.966046e+01	1.841691e-01	72709.000000	0.000000e+00
2.662420e+00	4.877867e+01	1.799559e-01	73473.000000	0.000000e+00
2.686963e+00	4.854933e+01	1.763822e-01	75763.000000	0.000000e+00
2.711515e+00	4.779723e+01	1.730818e-01	76261.000000	0.000000e+00
2.735982e+00	4.686546e+01	1.678214e-01	77985.000000	0.000000e+00
2.760573e+00	4.618815e+01	1.632886e-01	80011.000000	0.000000e+00
2.785237e+00	4.546018e+01	1.597219e-01	81009.000000	0.000000e+00
2.809671e+00	4.490800e+01	1.572085e-01	81601.000000	0.000000e+00
2.834151e+00	4.424353e+01	1.525811e-01	84081.000000	0.000000e+00
2.858722e+00	4.356981e+01	1.493036e-01	85159.000000	0.000000e+00
2.883250e+00	4.272348e+01	1.451258e-01	86665.000000	0.000000e+00
2.907819e+00	4.224006e+01	1.421161e-01	88341.000000	0.000000e+00
2.932335e+00	4.194539e+01	1.402244e-01	89479.000000	0.000000e+00
2.956914e+00	4.142235e+01	1.369224e-01	91521.000000	0.000000e+00
2.981449e+00	4.058628e+01	1.335010e-01	92425.000000	0.000000e+00
3.005876e+00	4.017591e+01	1.313338e-01	93579.000000	0.000000e+00
3.030403e+00	3.961464e+01	1.276557e-01	96301.000000	0.000000e+00
3.055041e+00	3.896315e+01	1.246816e-01	97657.000000	0.000000e+00
3.079692e+00	3.830824e+01	1.215106e-01	99393.000000	0.000000e+00
3.104241e+00	3.783880e+01	1.195403e-01	100195.000000	0.000000e+00
3.128710e+00	3.769976e+01	1.182113e-01	101709.000000	0.000000e+00
3.153123e+00	3.715495e+01	1.157587e-01	103021.000000	0.000000e+00
3.177619e+00	3.659617e+01	1.126132e-01	105607.000000	0.000000e+00
3.202185e+00	3.605899e+01	1.103341e-01	106809.000000	0.000000e+00
3.226708e+00	3.580464e+01	1.086422e-01	108613.000000	0.000000e+00
3.251321e+00	3.513811e+01	1.055713e-01	110781.000000	0.000000e+00
3.275882e+00	3.455638e+01	1.034219e-01	111643.000000	0.000000e+00
3.300393e+00	3.431877e+01	1.017949e-01	113661.000000	0.000000e+00
3.324955e+00	3.396096e+01	1.000320e-01	115261.000000	0.000000e+00
3.349528e+00	3.346077e+01	9.762547e-02	117475.000000	0.000000e+00
3.374087e+00	3.299670e+01	9.589918e-02	118389.000000	0.000000e+00
3.398541e+00	3.251634e+01	9.386150e-02	120013.000000	0.000000e+00
3.423011e+00	3.240763e+01	9.282121e-02	121899.000000	0.000000e+00
3.447546e+00	3.183874e+01	9.037333e-02	124117.000000	0.000000e+00
3.472176e+00	3.152886e+01	8.858763e-02	126669.000000	0.000000e+00
3.496772e+00	3.117667e+01	8.749727e-02	126961.000000	0.000000e+00
3.521302e+00	3.054050e+01	8.473835e-02	129895.000000	0.000000e+00
3.545845e+00	3.034313e+01	8.400787e-02	130461.000000	0.000000e+00
3.570351e+00	2.990401e+01	8.189930e-02	133321.000000	0.000000e+00
3.594817e+00	2.956898e+01	8.089017e-02	133623.000000	0.000000e+00
3.619340e+00	2.926861e+01	7.895655e-02	137413.000000	0.000000e+00
3.643921e+00	2.886590e+01	7.763664e-02	138241.000000	0.000000e+00
3.668501e+00	2.849991e+01	7.590914e-02	140961.000000	0.000000e+00
3.693083e+00	2.812755e+01	7.457583e-02	142255.000000	0.000000e+00
3.717636e+00	2.777526e+01	7.315234e-02	144165.000000	0.000000e+00
3.742123e+00	2.749816e+01	7.212201e-02	145369.000000	0.000000e+00
3.766623e+00	2.724775e+01	7.078150e-02	148191.000000	0.000000e+00
3.791211e+00	2.688293e+01	6.936680e-02	150193.000000	0.000000e+00
3.815740e+00	2.648258e+01	6.804355e-02	151477.000000	0.000000e+00
3.840250e+00	2.632206e+01	6.712737e-02	153759.000000	0.000000e+00
3.864816e+00	2.596393e+01	6.571126e-02	156121.000000	0.000000e+00
3.889416e+00	2.570175e+01	6.461296e-02	158229.000000	0.000000e+00
3.913984e+00	2.537600e+01	6.351687e-02	159613.000000	0.000000e+00
3.938439e+00	2.516334e+01	6.274171e-02	160851.000000	0.000000e+00
3.962856e+00	2.480114e+01	6.143924e-02	162949.000000	0.000000e+00
3.987408e+00	2.461157e+01	6.025067e-02	166861.000000	0.000000e+00
4.011951e+00	2.420735e+01	5.924585e-02	166947.000000	0.000000e+00
4.036502e+00	2.404455e+01	5.817833e-02	170809.000000	0.000000e+00
4.061101e+00	2.376627e+01	5.729873e-02	172041.000000	0.000000e+00
4.085632e+00	2.339228e+01	5.610951e-02	173809.000000	0.000000e+00
4.110226e+00	2.315951e+01	5.498994e-02	177375.000000	0.000000e+00
4.134760e+00	2.294354e+01	5.453834e-02	176977.000000	0.000000e+00
4.159247e+00	2.277337e+01	5.355416e-02	180829.000000	0.000000e+00
4.183807e+00	2.229736e+01	5.218231e-02	182583.000000	0.000000e+00
4.208321e+00	2.211133e+01	5.153261e-02	184105.000000	0.000000e+00
4.232839e+00	2.181646e+01	5.041078e-02	187293.000000	0.000000e+00
4.257376e+00	2.160602e+01	4.978702e-02	188329.000000	0.000000e+00
4.281944e+00	2.144549e+01	4.888503e-02	192451.000000	0.000000e+00
4.306505e+00	2.122513e+01	4.836588e-02	192585.000000	0.000000e+00
4.331033e+00	2.101486e+01	4.745357e-02	196117.000000	0.000000e+00
4.355617e+00	2.069269e+01	4.647908e-02	198207.000000	0.000000e+00
4.380161e+00	2.052180e+01	4.593445e-02	199597.000000	0.000000e+00
4.404676e+00	2.028165e+01	4.506399e-02	202557.000000	0.000000e+00
4.429249e+00	2.006464e+01	4.433193e-02	204847.000000	0.000000e+00
4.453772e+00	1.979819e+01	4.358457e-02	206341.000000	0.000000e+00
4.478282e+00	1.963231e+01	4.292132e-02	209217.000000	0.000000e+00
4.502777e+00	1.955174e+01	4.261419e-02	210505.000000	0.000000e+00
4.527289e+00	1.928211e+01	4.165283e-02	214299.000000	0.000000e+00
4.551889e+00	1.911123e+01	4.106713e-02	216565.000000	0.000000e+00
4.576426e+00	1.887989e+01	4.045290e-02	217821.000000	0.000000e+00
4.600893e+00	1.872657e+01	3.991293e-02	220135.000000	0.000000e+00
4.625467e+00	1.856327e+01	3.919540e-02	224305.000000	0.000000e+00
4.650035e+00	1.835094e+01	3.869465e-02	224913.000000	0.000000e+00
4.674541e+00	1.811915e+01	3.796829e-02	227737.000000	0.000000e+00
4.699104e+00	1.797952e+01	3.742202e-02	230835.000000	0.000000e+00
4.723670e+00	1.778412e+01	3.686061e-02	232777.000000	0.000000e+00
4.748182e+00	1.757408e+01	3.630040e-02	234381.000000	0.000000e+00
4.772682e+00	1.739948e+01	3.569134e-02	237655.000000	0.000000e+00
4.797203e+00	1.719563e+01	3.515048e-02	239317.000000	0.000000e+00
4.821755e+00	1.708518e+01	3.462081e-02	243537.000000	0.000000e+00
4.846361e+00	1.693739e+01	3.420286e-02	245227.000000	0.000000e+00
4.870915e+00	1.677042e+01	3.372556e-02	247269.000000	0.000000e+00
4.895426e+00	1.661143e+01	3.324780e-02	249625.000000	0.000000e+00
4.919952e+00	1.643967e+01	3.272674e-02	252337.000000	0.000000e+00
4.944496e+00	1.627784e+01	3.221353e-02	255339.000000	0.000000e+00
4.969013e+00	1.608747e+01	3.176682e-02	256465.000000	0.000000e+00
4.993562e+00	1.593593e+01	3.117669e-02	261273.000000	0.000000e+00
5.018138e+00	1.577902e+01	3.081118e-02	262267.000000	0.000000e+00
5.042642e+00	1.567393e+01	3.046607e-02	264681.000000	0.000000e+00
5.067215e+00	1.551927e+01	2.991735e-02	269089.000000	0.000000e+00
5.091775e+00	1.536105e+01	2.959783e-02	269353.000000	0.000000e+00
5.116309e+00	1.520870e+01	2.905288e-02	274035.000000	0.000000e+00
5.140838e+00	1.512617e+01	2.888268e-02	274273.000000	0.000000e+00
5.165333e+00	1.492948e+01	2.828908e-02	278517.000000	0.000000e+00
5.189818e+00	1.482797e+01	2.805034e-02	279439.000000	0.000000e+00
5.214351e+00	1.465458e+01	2.746225e-02	284757.000000	0.000000e+00
5.238947e+00	1.456849e+01	2.722226e-02	286405.000000	0.000000e+00
5.263479e+00	1.439705e+01	2.680300e-02	288523.000000	0.000000e+00
5.288002e+00	1.429334e+01	2.646656e-02	291657.000000	0.000000e+00
5.312546e+00	1.416260e+01	2.610322e-02	294373.000000	0.000000e+00
5.337121e+00	1.404333e+01	2.573294e-02	297825.000000	0.000000e+00
5.361672e+00	1.393142e+01	2.546189e-02	299371.000000	0.000000e+00
5.386196e+00	1.376634e+01	2.502503e-02	302613.000000	0.000000e+00
5.410715e+00	1.365093e+01	2.473282e-02	304633.000000	0.000000e+00
5.435244e+00	1.352068e+01	2.434176e-02	308527.000000	0.000000e+00
5.459823e+00	1.344678e+01	2.409830e-02	311361.000000	0.000000e+00
5.484389e+00	1.329480e+01	2.372177e-02	314101.000000	0.000000e+00
5.508889e+00	1.318222e+01	2.349637e-02	314757.000000	0.000000e+00
5.533464e+00	1.305966e+01	2.300980e-02	322135.000000	0.000000e+00
5.558036e+00	1.297705e+01	2.293592e-02	320125.000000	0.000000e+00
5.582484e+00	1.282521e+01	2.250879e-02	324657.000000	0.000000e+00
5.606956e+00	1.273543e+01	2.229040e-02	326431.000000	0.000000e+00
5.631560e+00	1.263830e+01	2.188114e-02	333609.000000	0.000000e+00
5.656168e+00	1.257155e+01	2.178543e-02	333001.000000	0.000000e+00
5.680698e+00	1.242515e+01	2.141296e-02	336705.000000	0.000000e+00
5.705204e+00	1.229696e+01	2.113756e-02	338443.000000	0.000000e+00
5.729704e+00	1.222331e+01	2.089589e-02	342181.000000	0.000000e+00
5.754232e+00	1.210365e+01	2.060206e-02	345153.000000	0.000000e+00
5.778772e+00	1.202125e+01	2.035983e-02	348619.000000	0.000000e+00
5.803342e+00	1.190837e+01	2.008786e-02	351429.000000	0.000000e+00
5.827902e+00	1.182814e+01	1.986005e-02	354709.000000	0.000000e+00
5.852409e+00	1.171611e+01	1.964134e-02	355815.000000	0.000000e+00
5.876957e+00	1.165804e+01	1.938390e-02	361717.000000	0.000000e+00
5.901534e+00	1.153021e+01	1.914153e-02	362845.000000	0.000000e+00
5.926030e+00	1.141730e+01	1.889336e-02	365181.000000	0.000000e+00
5.950548e+00	1.135985e+01	1.867934e-02	369847.000000	0.000000e+00
5.975137e+00	1.122371e+01	1.837334e-02	373161.000000	0.000000e+00
5.999657e+00	1.114212e+01	1.822212e-02	373885.000000	0.000000e+00
6.024161e+00	1.110890e+01	1.804509e-02	378987.000000	0.000000e+00
6.048714e+00	1.100278e+01	1.781896e-02	381277.000000	0.000000e+00
6.073267e+00	1.088592e+01	1.753339e-02	385477.000000	0.000000e+00
6.097868e+00	1.076763e+01	1.726760e-02	388845.000000	0.000000e+00
6.122369e+00	1.073035e+01	1.721290e-02	388615.000000	0.000000e+00
6.146867e+00	1.062740e+01	1.690759e-02	395085.000000	0.000000e+00
6.171452e+00	1.055073e+01	1.673706e-02	397381.000000	0.000000e+00
6.195974e+00	1.048404e+01	1.657940e-02	399871.000000	0.000000e+00
6.220444e+00	1.038033e+01	1.638220e-02	401493.000000	0.000000e+00
6.244986e+00	1.029831e+01	1.610416e-02	408937.000000	0.000000e+00
6.269588e+00	1.020563e+01	1.594258e-02	409791.000000	0.000000e+00
6.294124e+00	1.015849e+01	1.580685e-02	413017.000000	0.000000e+00
6.318633e+00	1.005533e+01	1.559461e-02	415761.000000	0.000000e+00
6.343202e+00	9.985013e+00	1.539137e-02	420865.000000	0.000000e+00
6.367770e+00	9.893686e+00	1.521625e-02	422767.000000	0.000000e+00
6.392288e+00	9.822039e+00	1.505886e-02	425421.000000	0.000000e+00
6.416837e+00	9.751540e+00	1.486189e-02	430525.000000	0.000000e+00
6.441383e+00	9.698549e+00	1.476033e-02	431739.000000	0.000000e+00
6.465913e+00	9.636312e+00	1.458500e-02	436525.000000	0.000000e+00
6.490433e+00	9.529035e+00	1.439246e-02	438357.000000	0.000000e+00
6.514946e+00	9.446124e+00	1.420219e-02	442381.000000	0.000000e+00
6.539518e+00	9.403320e+00	1.405582e-02	447559.000000	0.000000e+00
6.564059e+00	9.298767e+00	1.389671e-02	447741.000000	0.000000e+00
6.588587e+00	9.245749e+00	1.372412e-02	453853.000000	0.000000e+00
6.613110e+00	9.168879e+00	1.360136e-02	454431.000000	0.000000e+00
6.637622e+00	9.077184e+00	1.338415e-02	459961.000000	0.000000e+00
6.662172e+00	9.033467e+00	1.327921e-02	462769.000000	0.000000e+00
6.686693e+00	8.978360e+00	1.315577e-02	465759.000000	0.000000e+00
6.711227e+00	8.884049e+00	1.295931e-02	469957.000000	0.000000e+00
6.735777e+00	8.832727e+00	1.283641e-02	473481.000000	0.000000e+00
6.760323e+00	8.763227e+00	1.269840e-02	476245.000000	0.000000e+00
6.784855e+00	8.707611e+00	1.256439e-02	480303.000000	0.000000e+00
6.809427e+00	8.631129e+00	1.239904e-02	484573.000000	0.000000e+00
6.833979e+00	8.574552e+00	1.229343e-02	486493.000000	0.000000e+00
6.858503e+00	8.516454e+00	1.215878e-02	490611.000000	0.000000e+00
6.883055e+00	8.487220e+00	1.207213e-02	494269.000000	0.000000e+00
6.907584e+00	8.413527e+00	1.193106e-02	497277.000000	0.000000e+00
6.932134e+00	8.340941e+00	1.177605e-02	501685.000000	0.000000e+00
6.956669e+00	8.299450e+00	1.168896e-02	504135.000000	0.000000e+00
6.981221e+00	8.241270e+00	1.154973e-02	509149.000000	0.000000e+00
7.005753e+00	8.175828e+00	1.144144e-02	510625.000000	0.000000e+00
7.030233e+00	8.105512e+00	1.130087e-02	514443.000000	0.000000e+00
7.054782e+00	8.054234e+00	1.116886e-02	520033.000000	0.000000e+00
7.079343e+00	8.020596e+00	1.109286e-02	522789.000000	0.000000e+00
7.103883e+00	7.968331e+00	1.098679e-02	526009.000000	0.000000e+00
7.128424e+00	7.891903e+00	1.083551e-02	530475.000000	0.000000e+00
7.152965e+00	7.862772e+00	1.076998e-02	532993.000000	0.000000e+00
7.177501e+00	7.800830e+00	1.063996e-02	537529.000000	0.000000e+00
7.202013e+00	7.746982e+00	1.054532e-02	539691.000000	0.000000e+00
7.226577e+00	7.693663e+00	1.040600e-02	546637.000000	0.000000e+00
7.251125e+00	7.619032e+00	1.030204e-02	546957.000000	0.000000e+00
7.275651e+00	7.564914e+00	1.017600e-02	552655.000000	0.000000e+00
7.300226e+00	7.518485e+00	1.007690e-02	556681.000000	0.000000e+00
7.324759e+00	7.474989e+00	1.000227e-02	558501.000000	0.000000e+00
7.349299e+00	7.421993e+00	9.881132e-03	564193.000000	0.000000e+00
7.373825e+00	7.367335e+00	9.796581e-03	565551.000000	0.000000e+00
7.398312e+00	7.331309e+00	9.711978e-03	569833.000000	0.000000e+00
7.422892e+00	7.301034e+00	9.608378e-03	577389.000000	0.000000e+00
7.447442e+00	7.223438e+00	9.514982e-03	576331.000000	0.000000e+00
7.471956e+00	7.170848e+00	9.392711e-03	582853.000000	0.000000e+00
7.496499e+00	7.125862e+00	9.309509e-03	585897.000000	0.000000e+00
7.521014e+00	7.088184e+00	9.238708e-03	588637.000000	0.000000e+00
7.545557e+00	7.031194e+00	9.113370e-03	595251.000000	0.000000e+00
7.570086e+00	6.975190e+00	9.036244e-03	595849.000000	0.000000e+00
7.594613e+00	6.947900e+00	8.952907e-03	602253.000000	0.000000e+00
7.619172e+00	6.890396e+00	8.852318e-03	605863.000000	0.000000e+00
7.643756e+00	6.857833e+00	8.774279e-03	610873.000000	0.000000e+00
7.668263e+00	6.811110e+00	8.718210e-03	610353.000000	0.000000e+00
7.692777e+00	6.762920e+00	8.598582e-03	618607.000000	0.000000e+00
7.717371e+00	6.710694e+00	8.507611e-03	622185.000000	0.000000e+00
7.741929e+00	6.676885e+00	8.444065e-03	625237.000000	0.000000e+00
7.766457e+00	6.655515e+00	8.398308e-03	628029.000000	0.000000e+00
7.790953e+00	6.606283e+00	8.310118e-03	631975.000000	0.000000e+00
7.815489e+00	6.554078e+00	8.208485e-03	637525.000000	0.000000e+00
7.840050e+00	6.531411e+00	8.152775e-03	641805.000000	0.000000e+00
7.864588e+00	6.451215e+00	8.036921e-03	644323.000000	0.000000e+00
7.889126e+00	6.438777e+00	7.990076e-03	649389.000000	0.000000e+00
7.913643e+00	6.396355e+00	7.923292e-03	651709.000000	0.000000e+00
7.938181e+00	6.356367e+00	7.834190e-03	658309.000000	0.000000e+00
7.962760e+00	6.316299e+00	7.759517e-03	662607.000000	0.000000e+00
7.987311e+00	6.279346e+00	7.704649e-03	664237.000000	0.000000e+00
8.011811e+00	6.226457e+00	7.617243e-03	668169.000000	0.000000e+00
8.036325e+00	6.197076e+00	7.550592e-03	673615.000000	0.000000e+00
8.060868e+00	6.150315e+00	7.471280e-03	677649.000000	0.000000e+00
8.085446e+00	6.118290e+00	7.398369e-03	683893.000000	0.000000e+00
8.109989e+00	6.082086e+00	7.354525e-03	683905.000000	0.000000e+00
8.134471e+00	6.046965e+00	7.285759e-03	688851.000000	0.000000e+00
8.159038e+00	6.019735e+00	7.209450e-03	697189.000000	0.000000e+00
8.183598e+00	5.969119e+00	7.153654e-03	696249.000000	0.000000e+00
8.208073e+00	5.942401e+00	7.095461e-03	701395.000000	0.000000e+00
8.232590e+00	5.903725e+00	7.023781e-03	706497.000000	0.000000e+00
8.257144e+00	5.881207e+00	6.968504e-03	712285.000000	0.000000e+00
8.281710e+00	5.846739e+00	6.911295e-03	715663.000000	0.000000e+00
8.306271e+00	5.795737e+00	6.830072e-03	720057.000000	0.000000e+00
8.330826e+00	5.774810e+00	6.784112e-03	724585.000000	0.000000e+00
8.355374e+00	5.728968e+00	6.717883e-03	727257.000000	0.000000e+00
8.379901e+00	5.700315e+00	6.659396e-03	732703.000000	0.000000e+00
8.404418e+00	5.660486e+00	6.603293e-03	734829.000000	0.000000e+00
8.428928e+00	5.636164e+00	6.548860e-03	740689.000000	0.000000e+00
8.453504e+00	5.610114e+00	6.486748e-03	747979.000000	0.000000e+00
8.478051e+00	5.574269e+00	6.449640e-03	746973.000000	0.000000e+00
8.502580e+00	5.525964e+00	6.353996e-03	756349.000000	0.000000e+00
8.527138e+00	5.504930e+00	6.328622e-03	756633.000000	0.000000e+00
8.551634e+00	5.468905e+00	6.266676e-03	761599.000000	0.000000e+00
8.576156e+00	5.454639e+00	6.227581e-03	767173.000000	0.000000e+00
8.600697e+00	5.408923e+00	6.158998e-03	771261.000000	0.000000e+00
8.625259e+00	5.376176e+00	6.096962e-03	777535.000000	0.000000e+00
8.649836e+00	5.353577e+00	6.059274e-03	780633.000000	0.000000e+00
8.674376e+00	5.326317e+00	6.012668e-03	784729.000000	0.000000e+00
8.698927e+00	5.298151e+00	5.961840e-03	789747.000000	0.000000e+00
8.723450e+00	5.253862e+00	5.903987e-03	791893.000000	0.000000e+00
8.747957e+00	5.232976e+00	5.859158e-03	797677.000000	0.000000e+00
8.772521e+00	5.214181e+00	5.813562e-03	804429.000000	0.000000e+00
8.797047e+00	5.190300e+00	5.786554e-03	804535.000000	0.000000e+00
8.821541e+00	5.156801e+00	5.726736e-03	810861.000000	0.000000e+00
8.846076e+00	5.110586e+00	5.656388e-03	816325.000000	0.000000e+00
8.870641e+00	5.089287e+00	5.611974e-03	822399.000000	0.000000e+00
8.895170e+00	5.057117e+00	5.576141e-03	822505.000000	0.000000e+00
8.919713e+00	5.033373e+00	5.516023e-03	832657.000000	0.000000e+00
8.944263e+00	4.999779e+00	5.481829e-03	831861.000000	0.000000e+00
8.968772e+00	4.985072e+00	5.441314e-03	839335.000000	0.000000e+00
8.993334e+00	4.961920e+00	5.398813e-03	844701.000000	0.000000e+00
9.017895e+00	4.927980e+00	5.351618e-03	847945.000000	0.000000e+00
9.042430e+00	4.912249e+00	5.318970e-03	852915.000000	0.000000e+00
9.066970e+00	4.874805e+00	5.266478e-03	856789.000000	0.000000e+00
9.091538e+00	4.843405e+00	5.207960e-03	864901.000000	0.000000e+00
9.116063e+00	4.825189e+00	5.195724e-03	862455.000000	0.000000e+00
9.140573e+00	4.790194e+00	5.125383e-03	873481.000000	0.000000e+00
9.165140e+00	4.770220e+00	5.097131e-03	875841.000000	0.000000e+00
9.189653e+00	4.754301e+00	5.071709e-03	878749.000000	0.000000e+00
9.214176e+00	4.722530e+00	5.015725e-03	886507.000000	0.000000e+00
9.238722e+00	4.711980e+00	4.997112e-03	889137.000000	0.000000e+00
9.263252e+00	4.675872e+00	4.941962e-03	895213.000000	0.000000e+00
9.287810e+00	4.653518e+00	4.903433e-03	900663.000000	0.000000e+00
9.312363e+00	4.624974e+00	4.863651e-03	904261.000000	0.000000e+00
9.336898e+00	4.615845e+00	4.841070e-03	909117.000000	0.000000e+00
9.361428e+00	4.591897e+00	4.805867e-03	912937.000000	0.000000e+00
9.385969e+00	4.554669e+00	4.748542e-03	920011.000000	0.000000e+00
9.410496e+00	4.531959e+00	4.721690e-03	921249.000000	0.000000e+00
9.435027e+00	4.510798e+00	4.677417e-03	930025.000000	0.000000e+00
9.459577e+00	4.493082e+00	4.653341e-03	932307.000000	0.000000e+00
9.484080e+00	4.469018e+00	4.619513e-03	935905.000000	0.000000e+00
9.508599e+00	4.452599e+00	4.583083e-03	943869.000000	0.000000e+00
9.533177e+00	4.432863e+00	4.549303e-03	949465.000000	0.000000e+00
9.557740e+00	4.405624e+00	4.513355e-03	952831.000000	0.000000e+00
9.582283e+00	4.389827e+00	4.485798e-03	957669.000000	0.000000e+00
9.606825e+00	4.363275e+00	4.447635e-03	962425.000000	0.000000e+00
9.631356e+00	4.348792e+00	4.422349e-03	967011.000000	0.000000e+00
9.655881e+00	4.325475e+00	4.388849e-03	971329.000000	0.000000e+00
9.680426e+00	4.301779e+00	4.348211e-03	978757.000000	0.000000e+00
9.704942e+00	4.285177e+00	4.331081e-03	978915.000000	0.000000e+00
9.729497e+00	4.262451e+00	4.280525e-03	991573.000000	0.000000e+00
9.754046e+00	4.255247e+00	4.278791e-03	989025.000000	0.000000e+00
9.778535e+00	4.228311e+00	4.237454e-03	995689.000000	0.000000e+00
9.803103e+00	4.202298e+00	4.188900e-03	1006407.000000	0.000000e+00
9.827649e+00	4.183117e+00	4.176238e-03	1003297.000000	0.000000e+00
9.852180e+00	4.169214e+00	4.137124e-03	1015573.000000	0.000000e+00
9.876731e+00	4.149383e+00	4.118294e-03	1015155.000000	0.000000e+00
9.901284e+00	4.125650e+00	4.074778e-03	1025125.000000	0.000000e+00
9.925835e+00	4.106164e+00	4.053359e-03	1026225.000000	0.000000e+00
9.950350e+00	4.090435e+00	4.027711e-03	1031389.000000	0.000000e+00
9.974902e+00	4.066856e+00	3.987775e-03	1040055.000000	0.000000e+00
9.999429e+00	4.051396e+00	3.974661e-03	1038985.000000	0.000000e+00
1.002392e+01	4.035484e+00	3.942600e-03	1047673.000000	0.000000e+00
1.004849e+01	4.019779e+00	3.912737e-03	1055463.000000	0.000000e+00
1.007303e+01	4.003600e+00	3.895686e-03	1056169.000000	0.000000e+00
1.009756e+01	3.991316e+00	3.868518e-03	1064493.000000	0.000000e+00
1.012209e+01	3.963443e+00	3.837701e-03	1066603.000000	0.000000e+00
1.014664e+01	3.948535e+00	3.806066e-03	1076265.000000	0.000000e+00
1.017120e+01	3.932455e+00	3.786846e-03	1078381.000000	0.000000e+00
1.019572e+01	3.918571e+00	3.766421e-03	1082425.000000	0.000000e+00
1.022025e+01	3.901635e+00	3.736309e-03	1090455.000000	0.000000e+00
1.024479e+01	3.885998e+00	3.716229e-03	1093453.000000	0.000000e+00
1.026933e+01	3.866586e+00	3.686081e-03	1100337.000000	0.000000e+00
1.029386e+01	3.853660e+00	3.667248e-03	1104247.000000	0.000000e+00
1.031842e+01	3.843709e+00	3.644761e-03	1112149.000000	0.000000e+00
1.034296e+01	3.824368e+00	3.622013e-03	1114857.000000	0.000000e+00
1.036749e+01	3.805589e+00	3.595890e-03	1120033.000000	0.000000e+00
1.039203e+01	3.786481e+00	3.565743e-03	1127643.000000	0.000000e+00
1.041655e+01	3.782915e+00	3.561289e-03	1128337.000000	0.000000e+00
1.044111e+01	3.759209e+00	3.518309e-03	1141629.000000	0.000000e+00
1.046570e+01	3.753892e+00	3.512542e-03	1142143.000000	0.000000e+00
1.049021e+01	3.733021e+00	3.488845e-03	1144873.000000	0.000000e+00
1.051473e+01	3.722340e+00	3.464825e-03	1154169.000000	0.000000e+00
1.053925e+01	3.706400e+00	3.448718e-03	1155019.000000	0.000000e+00
1.056380e+01	3.687707e+00	3.411986e-03	1168149.000000	0.000000e+00
1.058835e+01	3.672087e+00	3.399729e-03	1166641.000000	0.000000e+00
1.061283e+01	3.669605e+00	3.391408e-03	1170789.000000	0.000000e+00
1.063739e+01	3.652654e+00	3.354410e-03	1185727.000000	0.000000e+00
1.066197e+01	3.636056e+00	3.341511e-03	1184065.000000	0.000000e+00
1.068650e+01	3.624541e+00	3.320568e-03	1191465.000000	0.000000e+00
1.071103e+01	3.616912e+00	3.309368e-03	1194499.000000	0.000000e+00
1.073555e+01	3.599733e+00	3.283454e-03	1201929.000000	0.000000e+00
1.076011e+01	3.586883e+00	3.261453e-03	1209517.000000	0.000000e+00
1.078466e+01	3.577019e+00	3.248576e-03	1212429.000000	0.000000e+00
1.080918e+01	3.559969e+00	3.227159e-03	1216891.000000	0.000000e+00
1.083370e+01	3.558282e+00	3.217952e-03	1222705.000000	0.000000e+00
1.085823e+01	3.537633e+00	3.188909e-03	1230669.000000	0.000000e+00
1.088282e+01	3.525568e+00	3.167092e-03	1239187.000000	0.000000e+00
1.090737e+01	3.519144e+00	3.163203e-03	1237713.000000	0.000000e+00
1.093189e+01	3.508654e+00	3.142319e-03	1246753.000000	0.000000e+00
1.095642e+01	3.491937e+00	3.122977e-03	1250245.000000	0.000000e+00
1.098096e+01	3.482609e+00	3.102418e-03	1260111.000000	0.000000e+00
1.100552e+01	3.472344e+00	3.091025e-03	1261945.000000	0.000000e+00
1.103005e+01	3.459594e+00	3.071513e-03	1268661.000000	0.000000e+00
1.105458e+01	3.449083e+00	3.055659e-03	1274083.000000	0.000000e+00
1.107911e+01	3.431617e+00	3.033845e-03	1279413.000000	0.000000e+00
1.110366e+01	3.424029e+00	3.017693e-03	1287433.000000	0.000000e+00
1.112821e+01	3.415321e+00	3.005701e-03	1291135.000000	0.000000e+00
1.115273e+01	3.400764e+00	2.987796e-03	1295541.000000	0.000000e+00
1.117726e+01	3.398789e+00	2.977573e-03	1302937.000000	0.000000e+00
1.120181e+01	3.384546e+00	2.957497e-03	1309641.000000	0.000000e+00
1.122634e+01	3.370443e+00	2.942077e-03	1312399.000000	0.000000e+00
1.125085e+01	3.364793e+00	2.929998e-03	1318809.000000	0.000000e+00
1.127541e+01	3.351465e+00	2.906538e-03	1329589.000000	0.000000e+00
1.129999e+01	3.342695e+00	2.896613e-03	1331719.000000	0.000000e+00
1.132451e+01	3.337413e+00	2.888236e-03	1335225.000000	0.000000e+00
1.134903e+01	3.331173e+00	2.873742e-03	1343689.000000	0.000000e+00
1.137357e+01	3.325733e+00	2.864274e-03	1348173.000000	0.000000e+00
1.139811e+01	3.318481e+00	2.849508e-03	1356247.000000	0.000000e+00
1.142265e+01	3.308328e+00	2.838027e-03	1358889.000000	0.000000e+00
1.144718e+01	3.300735e+00	2.822873e-03	1367221.000000	0.000000e+00
1.147174e+01	3.291884e+00	2.808306e-03	1374043.000000	0.000000e+00
1.149628e+01	3.282810e+00	2.797279e-03	1377273.000000	0.000000e+00
1.152079e+01	3.276918e+00	2.788079e-03	1381405.000000	0.000000e+00
1.154533e+01	3.269394e+00	2.770053e-03	1393023.000000	0.000000e+00
1.156988e+01	3.258928e+00	2.760320e-03	1393897.000000	0.000000e+00
1.159441e+01	3.251028e+00	2.744758e-03	1402921.000000	0.000000e+00
1.161895e+01	3.252270e+00	2.741137e-03	1407705.000000	0.000000e+00
1.164349e+01	3.238725e+00	2.723462e-03	1414183.000000	0.000000e+00
1.166804e+01	3.225811e+00	2.707242e-03	1419789.000000	0.000000e+00
1.169259e+01	3.230858e+00	2.704295e-03	1427341.000000	0.000000e+00
1.171712e+01	3.225775e+00	2.698586e-03	1428879.000000	0.000000e+00
1.174164e+01	3.215231e+00	2.680989e-03	1438249.000000	0.000000e+00
1.176619e+01	3.213997e+00	2.673355e-03	1445365.000000	0.000000e+00
1.179072e+01	3.203074e+00	2.663113e-03	1446621.000000	0.000000e+00
1.181525e+01	3.203046e+00	2.653184e-03	1457443.000000	0.000000e+00
1.183979e+01	3.193823e+00	2.642270e-03	1461057.000000	0.000000e+00
1.186435e+01	3.189826e+00	2.630880e-03	1470049.000000	0.000000e+00
1.188889e+01	3.183790e+00	2.622904e-03	1473411.000000	0.000000e+00
1.191343e+01	3.179992e+00	2.614014e-03	1479913.000000	0.000000e+00
1.193797e+01	3.177821e+00	2.606182e-03	1486789.000000	0.000000e+00
1.196251e+01	3.174595e+00	2.599258e-03	1491687.000000	0.000000e+00
1.198703e+01	3.164815e+00	2.586534e-03	1497133.000000	0.000000e+00
1.201156e+01	3.160851e+00	2.576481e-03	1505061.000000	0.000000e+00
1.203612e+01	3.160509e+00	2.570722e-03	1511485.000000	0.000000e+00
1.206065e+01	3.159656e+00	2.566666e-03	1515447.000000	0.000000e+00
1.208515e+01	3.148668e+00	2.554054e-03	1519825.000000	0.000000e+00
1.210971e+01	3.151313e+00	2.542953e-03	1535701.000000	0.000000e+00
1.213428e+01	3.145943e+00	2.541638e-03	1532055.000000	0.000000e+00
1.215881e+01	3.145905e+00	2.530888e-03	1545061.000000	0.000000e+00
1.218336e+01	3.138401e+00	2.524403e-03	1545609.000000	0.000000e+00
1.220787e+01	3.141231e+00	2.521113e-03	1552441.000000	0.000000e+00
1.223242e+01	3.136706e+00	2.508275e-03	1563859.000000	0.000000e+00
1.225696e+01	3.138473e+00	2.509917e-03	1563573.000000	0.000000e+00
1.228148e+01	3.134975e+00	2.499102e-03	1573621.000000	0.000000e+00
1.230602e+01	3.134666e+00	2.494843e-03	1578687.000000	0.000000e+00
1.233056e+01	3.134308e+00	2.489098e-03	1585621.000000	0.000000e+00
1.235512e+01	3.135074e+00	2.482197e-03	1595229.000000	0.000000e+00
1.237965e+01	3.133630e+00	2.482526e-03	1593337.000000	0.000000e+00
1.240419e+01	3.132037e+00	2.468585e-03	1609747.000000	0.000000e+00
1.242874e+01	3.132919e+00	2.471288e-03	1607133.000000	0.000000e+00
1.245325e+01	3.129840e+00	2.461853e-03	1616293.000000	0.000000e+00
1.247780e+01	3.135216e+00	2.457493e-03	1627611.000000	0.000000e+00
1.250235e+01	3.135454e+00	2.458559e-03	1626445.000000	0.000000e+00
1.252688e+01	3.134966e+00	2.448695e-03	1639065.000000	0.000000e+00
1.255143e+01	3.135530e+00	2.447221e-03	1641631.000000	0.000000e+00
1.257596e+01	3.131070e+00	2.441155e-03	1645109.500000	0.000000e+00
1.260049e+01	3.127023e+00	2.440119e-03	1642254.000000	0.000000e+00
1.262503e+01	3.112817e+00	2.431345e-03	1639132.000000	0.000000e+00
1.264958e+01	3.105887e+00	2.427575e-03	1636914.000000	0.000000e+00
1.267411e+01	3.100568e+00	2.428043e-03	1630684.000000	0.000000e+00
1.269864e+01	3.087180e+00	2.419014e-03	1628722.000000	0.000000e+00
1.272316e+01	3.083066e+00	2.418986e-03	1624422.000000	0.000000e+00
1.274773e+01	3.071250e+00	2.407606e-03	1627270.000000	0.000000e+00
1.277225e+01	3.063253e+00	2.412579e-03	1612140.000000	0.000000e+00
1.279677e+01	3.056816e+00	2.401974e-03	1619578.000000	0.000000e+00
1.282133e+01	3.043899e+00	2.398921e-03	1610010.000000	0.000000e+00
1.284587e+01	3.037508e+00	2.393369e-03	1610704.000000	0.000000e+00
1.287043e+01	3.030275e+00	2.391713e-03	1605262.000000	0.000000e+00
1.289495e+01	3.021672e+00	2.389320e-03	1599360.000000	0.000000e+00
1.291951e+01	3.016938e+00	2.383661e-03	1601932.000000	0.000000e+00
1.294403e+01	3.008099e+00	2.386640e-03	1588584.000000	0.000000e+00
1.296853e+01	2.997748e+00	2.376133e-03	1591654.000000	0.000000e+00
1.299309e+01	2.985919e+00	2.368712e-03	1589028.000000	0.000000e+00
1.301763e+01	2.982406e+00	2.371715e-03	1581280.000000	0.000000e+00
1.304217e+01	2.976206e+00	2.366959e-03	1581046.000000	0.000000e+00
1.306670e+01	2.964125e+00	2.361908e-03	1574952.000000	0.000000e+00
1.309123e+01	2.962804e+00	2.363478e-03	1571458.000000	0.000000e+00
1.311579e+01	2.951877e+00	2.354953e-03	1571202.000000	0.000000e+00
1.314034e+01	2.940948e+00	2.351260e-03	1564492.000000	0.000000e+00
1.316488e+01	2.935930e+00	2.350159e-03	1560618.000000	0.000000e+00
1.318940e+01	2.925344e+00	2.345206e-03	1555936.000000	0.000000e+00
1.321393e+01	2.917872e+00	2.341968e-03	1552282.000000	0.000000e+00
1.323848e+01	2.910332e+00	2.336267e-03	1551816.000000	0.000000e+00
1.326302e+01	2.909149e+00	2.342115e-03	1542820.000000	0.000000e+00
1.328757e+01	2.904363e+00	2.337030e-03	1544448.000000	0.000000e+00
1.331210e+01	2.895507e+00	2.337308e-03	1534678.000000	0.000000e+00
1.333662e+01	2.886795e+00	2.331338e-03	1533280.000000	0.000000e+00
1.336117e+01	2.881010e+00	2.328337e-03	1531080.000000	0.000000e+00
1.338570e+01	2.875522e+00	2.329974e-03	1523110.000000	0.000000e+00
1.341022e+01	2.862214e+00	2.320616e-03	1521240.000000	0.000000e+00
1.343476e+01	2.861456e+00	2.323336e-03	1516876.000000	0.000000e+00
1.345932e+01	2.855592e+00	2.319546e-03	1515606.000000	0.000000e+00
1.348389e+01	2.848466e+00	2.317215e-03	1511086.000000	0.000000e+00
1.350843e+01	2.844153e+00	2.320188e-03	1502656.000000	0.000000e+00
1.353293e+01	2.835293e+00	2.315985e-03	1498734.000000	0.000000e+00
1.355748e+01	2.829615e+00	2.311510e-03	1498522.000000	0.000000e+00
1.358203e+01	2.821851e+00	2.310426e-03	1491708.000000	0.000000e+00
1.360658e+01	2.810081e+00	2.302431e-03	1489582.000000	0.000000e+00
1.363111e+01	2.811749e+00	2.310675e-03	1480728.000000	0.000000e+00
1.365563e+01	2.804520e+00	2.304852e-03	1480576.000000	0.000000e+00
1.368019e+01	2.795423e+00	2.301039e-03	1475866.000000	0.000000e+00
1.370473e+01	2.792602e+00	2.303656e-03	1469544.000000	0.000000e+00
1.372924e+01	2.785206e+00	2.302021e-03	1463848.000000	0.000000e+00
1.375380e+01	2.779829e+00	2.295009e-03	1467126.000000	0.000000e+00
1.377836e+01	2.774636e+00	2.300590e-03	1454566.000000	0.000000e+00
1.380287e+01	2.766058e+00	2.295812e-03	1451610.000000	0.000000e+00
1.382737e+01	2.766127e+00	2.300464e-03	1445818.000000	0.000000e+00
1.385191e+01	2.761354e+00	2.296337e-03	1446016.000000	0.000000e+00
1.387648e+01	2.756309e+00	2.296661e-03	1440330.000000	0.000000e+00
1.390103e+01	2.752836e+00	2.297029e-03	1436242.000000	0.000000e+00
1.392557e+01	2.742444e+00	2.294971e-03	1427976.000000	0.000000e+00
1.395012e+01	2.741767e+00	2.293655e-03	1428910.000000	0.000000e+00
1.397464e+01	2.738012e+00	2.301406e-03	1415416.000000	0.000000e+00
1.399917e+01	2.730590e+00	2.290956e-03	1420626.000000	0.000000e+00
1.402372e+01	2.720257e+00	2.292100e-03	1408486.000000	0.000000e+00
1.404824e+01	2.712794e+00	2.286990e-03	1407036.000000	0.000000e+00
1.407278e+01	2.712970e+00	2.290894e-03	1402426.000000	0.000000e+00
1.409731e+01	2.705623e+00	2.290458e-03	1395372.000000	0.000000e+00
1.412183e+01	2.704297e+00	2.291664e-03	1392538.000000	0.000000e+00
1.414639e+01	2.697707e+00	2.287894e-03	1390330.000000	0.000000e+00
1.417094e+01	2.698832e+00	2.296974e-03	1380510.000000	0.000000e+00
1.419546e+01	2.695225e+00	2.294998e-03	1379194.000000	0.000000e+00
1.422001e+01	2.686534e+00	2.293255e-03	1372398.000000	0.000000e+00
1.424455e+01	2.678027e+00	2.288698e-03	1369156.000000	0.000000e+00
1.426908e+01	2.676512e+00	2.294375e-03	1360848.000000	0.000000e+00
1.429362e+01	2.669429e+00	2.288239e-03	1360924.000000	0.000000e+00
1.431818e+01	2.665229e+00	2.291763e-03	1352476.000000	0.000000e+00
1.434273e+01	2.663993e+00	2.293085e-03	1349664.000000	0.000000e+00
1.436724e+01	2.654101e+00	2.293830e-03	1338790.000000	0.000000e+00
1.439177e+01	2.653315e+00	2.290303e-03	1342122.000000	0.000000e+00
1.441633e+01	2.652509e+00	2.298975e-03	1331206.000000	0.000000e+00
1.444087e+01	2.645291e+00	2.294600e-03	1329024.000000	0.000000e+00
1.446541e+01	2.643124e+00	2.298906e-03	1321882.000000	0.000000e+00
1.448996e+01	2.637734e+00	2.296429e-03	1319338.000000	0.000000e+00
1.451448e+01	2.637450e+00	2.305319e-03	1308900.000000	0.000000e+00
1.453902e+01	2.630752e+00	2.298392e-03	1310122.000000	0.000000e+00
1.456356e+01	2.625621e+00	2.302927e-03	1299882.000000	0.000000e+00
1.458809e+01	2.624554e+00	2.305150e-03	1296322.000000	0.000000e+00
1.461262e+01	2.624683e+00	2.308990e-03	1292140.000000	0.000000e+00
1.463716e+01	2.615856e+00	2.308141e-03	1284408.000000	0.000000e+00
1.466171e+01	2.614539e+00	2.308097e-03	1283164.000000	0.000000e+00
1.468625e+01	2.614597e+00	2.316846e-03	1273548.000000	0.000000e+00
1.471078e+01	2.611265e+00	2.317249e-03	1269862.000000	0.000000e+00
1.473534e+01	2.609054e+00	2.317854e-03	1267050.000000	0.000000e+00
1.475987e+01	2.607229e+00	2.326949e-03	1255408.000000	0.000000e+00
1.478439e+01	2.602377e+00	2.322568e-03	1255462.000000	0.000000e+00
1.480894e+01	2.598174e+00	2.326858e-03	1246800.000000	0.000000e+00
1.483348e+01	2.598784e+00	2.329739e-03	1244302.000000	0.000000e+00
1.485802e+01	2.595028e+00	2.334999e-03	1235124.000000	0.000000e+00
1.488256e+01	2.592365e+00	2.334585e-03	1233028.000000	0.000000e+00
1.490708e+01	2.590610e+00	2.342827e-03	1222710.000000	0.000000e+00
1.493162e+01	2.585653e+00	2.339018e-03	1222006.000000	0.000000e+00
1.495618e+01	2.584969e+00	2.344398e-03	1215760.000000	0.000000e+00
1.498071e+01	2.585926e+00	2.353912e-03	1206846.000000	0.000000e+00
1.500525e+01	2.580877e+00	2.351646e-03	1204456.000000	0.000000e+00
1.502980e+01	2.581343e+00	2.358746e-03	1197648.000000	0.000000e+00
1.505434e+01	2.576515e+00	2.361285e-03	1190608.000000	0.000000e+00
1.507886e+01	2.577887e+00	2.367029e-03	1186098.000000	0.000000e+00
1.510342e+01	2.573805e+00	2.368170e-03	1181206.000000	0.000000e+00
1.512796e+01	2.568469e+00	2.371812e-03	1172704.000000	0.000000e+00
1.515246e+01	2.571154e+00	2.379658e-03	1167420.000000	0.000000e+00
1.517700e+01	2.569929e+00	2.382798e-03	1163236.000000	0.000000e+00
1.520157e+01	2.568475e+00	2.385610e-03	1159182.000000	0.000000e+00
1.522611e+01	2.562586e+00	2.392133e-03	1147588.000000	0.000000e+00
1.525063e+01	2.559282e+00	2.390437e-03	1146256.000000	0.000000e+00
1.527518e+01	2.563238e+00	2.402818e-03	1137984.000000	0.000000e+00
1.529972e+01	2.561091e+00	2.406052e-03	1133026.000000	0.000000e+00
1.532424e+01	2.558903e+00	2.412113e-03	1125414.000000	0.000000e+00
1.534877e+01	2.559334e+00	2.417237e-03	1121026.000000	0.000000e+00
1.537332e+01	2.557692e+00	2.421822e-03	1115352.000000	0.000000e+00
1.539786e+01	2.558902e+00	2.431250e-03	1107766.000000	0.000000e+00
1.542240e+01	2.558377e+00	2.435319e-03	1103614.000000	0.000000e+00
1.544694e+01	2.559587e+00	2.445681e-03	1095318.000000	0.000000e+00
1.547149e+01	2.556477e+00	2.447530e-03	1091008.000000	0.000000e+00
1.549603e+01	2.555172e+00	2.454091e-03	1084074.000000	0.000000e+00
1.552054e+01	2.558228e+00	2.468339e-03	1074160.000000	0.000000e+00
1.554506e+01	2.557819e+00	2.468997e-03	1073244.000000	0.000000e+00
1.556963e+01	2.551788e+00	2.470884e-03	1066558.000000	0.000000e+00
1.559418e+01	2.556994e+00	2.486007e-03	1057924.000000	0.000000e+00
1.561873e+01	2.556978e+00	2.490556e-03	1054050.000000	0.000000e+00
1.564327e+01	2.553613e+00	2.498880e-03	1044286.000000	0.000000e+00
1.566780e+01	2.556755e+00	2.505171e-03	1041606.000000	0.000000e+00
1.569233e+01	2.554857e+00	2.516401e-03	1030798.000000	0.000000e+00
1.571685e+01	2.558890e+00	2.524351e-03	1027552.000000	0.000000e+00
1.574141e+01	2.556674e+00	2.529826e-03	1021338.000000	0.000000e+00
1.576595e+01	2.555261e+00	2.538389e-03	1013338.000000	0.000000e+00
1.579049e+01	2.554623e+00	2.544230e-03	1008186.000000	0.000000e+00
1.581502e+01	2.557623e+00	2.558399e-03	999394.000000	0.000000e+00
1.583955e+01	2.557134e+00	2.563940e-03	994698.000000	0.000000e+00
1.586407e+01	2.561500e+00	2.578230e-03	987064.000000	0.000000e+00
1.588861e+01	2.563282e+00	2.587925e-03	981046.000000	0.000000e+00
1.591315e+01	2.563077e+00	2.595226e-03	975378.000000	0.000000e+00
1.593770e+01	2.562174e+00	2.604121e-03	968044.000000	0.000000e+00
1.596225e+01	2.566900e+00	2.617803e-03	961488.000000	0.000000e+00
1.598677e+01	2.569998e+00	2.632208e-03	953290.000000	0.000000e+00
1.601131e+01	2.565797e+00	2.633744e-03	949068.000000	0.000000e+00
1.603586e+01	2.568612e+00	2.647961e-03	940966.000000	0.000000e+00
1.606040e+01	2.570268e+00	2.659479e-03	934036.000000	0.000000e+00
1.608493e+01	2.573766e+00	2.672270e-03	927636.000000	0.000000e+00
1.610947e+01	2.575720e+00	2.685660e-03	919804.000000	0.000000e+00
1.613400e+01	2.577950e+00	2.696527e-03	913986.000000	0.000000e+00
1.615854e+01	2.582015e+00	2.710318e-03	907564.000000	0.000000e+00
1.618310e+01	2.584128e+00	2.723184e-03	900480.000000	0.000000e+00
1.620765e+01	2.584459e+00	2.734288e-03	893410.000000	0.000000e+00
1.623216e+01	2.587400e+00	2.752890e-03	883384.000000	0.000000e+00
1.625669e+01	2.589603e+00	2.758990e-03	880980.000000	0.000000e+00
1.628123e+01	2.591915e+00	2.776847e-03	871240.000000	0.000000e+00
1.630580e+01	2.597939e+00	2.789422e-03	867420.000000	0.000000e+00
1.633036e+01	2.598102e+00	2.805657e-03	857518.000000	0.000000e+00
1.635486e+01	2.604800e+00	2.827578e-03	848632.000000	0.000000e+00
1.637939e+01	2.603622e+00	2.831345e-03	845610.000000	0.000000e+00
1.640395e+01	2.606213e+00	2.849850e-03	836326.000000	0.000000e+00
1.642848e+01	2.612317e+00	2.868597e-03	829302.000000	0.000000e+00
1.645298e+01	2.611420e+00	2.882988e-03	820480.000000	0.000000e+00
1.647753e+01	2.612922e+00	2.890747e-03	817020.000000	0.000000e+00
1.650209e+01	2.622544e+00	2.916870e-03	808372.000000	0.000000e+00
1.652660e+01	2.621689e+00	2.934293e-03	798280.000000	0.000000e+00
1.655114e+01	2.631743e+00	2.950425e-03	795642.000000	0.000000e+00
1.657571e+01	2.626226e+00	2.961750e-03	786262.000000	0.000000e+00
1.660025e+01	2.636488e+00	2.989308e-03	777876.000000	0.000000e+00
1.662478e+01	2.643809e+00	3.008176e-03	772420.000000	0.000000e+00
1.664931e+01	2.644202e+00	3.028278e-03	762426.000000	0.000000e+00
1.667386e+01	2.652709e+00	3.045138e-03	758866.000000	0.000000e+00
1.669842e+01	2.655498e+00	3.069823e-03	748282.000000	0.000000e+00
1.672293e+01	2.665264e+00	3.096541e-03	740844.000000	0.000000e+00
1.674748e+01	2.671369e+00	3.113957e-03	735940.000000	0.000000e+00
1.677204e+01	2.667884e+00	3.131423e-03	725856.000000	0.000000e+00
1.679655e+01	2.665261e+00	3.144006e-03	718642.000000	0.000000e+00
1.682107e+01	2.676736e+00	3.173168e-03	711582.000000	0.000000e+00
1.684563e+01	2.686760e+00	3.200407e-03	704770.000000	0.000000e+00
1.687018e+01	2.685276e+00	3.216696e-03	696880.000000	0.000000e+00
1.689472e+01	2.691858e+00	3.245573e-03	687894.000000	0.000000e+00
1.691924e+01	2.692730e+00	3.261154e-03	681778.000000	0.000000e+00
1.694378e+01	2.699726e+00	3.292079e-03	672510.000000	0.000000e+00
1.696830e+01	2.711544e+00	3.322976e-03	665854.000000	0.000000e+00
1.699283e+01	2.709140e+00	3.340759e-03	657616.000000	0.000000e+00
1.701740e+01	2.715156e+00	3.363135e-03	651780.000000	0.000000e+00
1.704195e+01	2.722897e+00	3.398225e-03	642034.000000	0.000000e+00
1.706646e+01	2.724482e+00	3.424284e-03	633036.000000	0.000000e+00
1.709097e+01	2.724776e+00	3.439113e-03	627724.000000	0.000000e+00
1.711553e+01	2.731474e+00	3.471114e-03	619236.000000	0.000000e+00
1.714008e+01	2.740577e+00	3.506622e-03	610810.000000	0.000000e+00
1.716463e+01	2.740619e+00	3.524166e-03	604762.000000	0.000000e+00
1.718918e+01	2.737517e+00	3.552660e-03	593754.000000	0.000000e+00
1.721369e+01	2.758498e+00	3.598120e-03	587752.000000	0.000000e+00
1.723823e+01	2.753600e+00	3.619413e-03	578796.000000	0.000000e+00
1.726278e+01	2.762486e+00	3.652824e-03	571930.000000	0.000000e+00
1.728731e+01	2.762523e+00	3.681872e-03	562956.000000	0.000000e+00
1.731188e+01	2.764790e+00	3.707373e-03	556150.000000	0.000000e+00
1.733641e+01	2.770800e+00	3.748661e-03	546334.000000	0.000000e+00
1.736091e+01	2.765156e+00	3.771312e-03	537594.000000	0.000000e+00
1.738543e+01	2.779453e+00	3.809400e-03	532360.000000	0.000000e+00
1.741000e+01	2.778674e+00	3.845983e-03	521988.000000	0.000000e+00
1.743456e+01	2.778390e+00	3.868228e-03	515896.000000	0.000000e+00
1.745909e+01	2.779188e+00	3.909645e-03	505314.000000	0.000000e+00
1.748363e+01	2.779047e+00	3.935451e-03	498658.000000	0.000000e+00
1.750818e+01	2.780545e+00	3.971940e-03	490066.000000	0.000000e+00
1.753269e+01	2.772181e+00	4.001424e-03	479970.000000	0.000000e+00
1.755722e+01	2.790736e+00	4.051631e-03	474436.000000	0.000000e+00
1.758176e+01	2.776821e+00	4.076601e-03	463980.000000	0.000000e+00
1.760629e+01	2.775637e+00	4.106834e-03	456784.000000	0.000000e+00
1.763083e+01	2.776815e+00	4.146968e-03	448366.000000	0.000000e+00
1.765539e+01	2.771872e+00	4.179219e-03	439902.000000	0.000000e+00
1.767993e+01	2.773431e+00	4.223759e-03	431158.000000	0.000000e+00
1.770446e+01	2.767663e+00	4.256542e-03	422778.000000	0.000000e+00
1.772897e+01	2.759761e+00	4.291308e-03	413584.000000	0.000000e+00
1.775351e+01	2.756338e+00	4.323233e-03	406488.000000	0.000000e+00
1.777808e+01	2.740272e+00	4.344963e-03	397754.500000	0.000000e+00
1.780261e+01	2.732176e+00	4.379764e-03	389149.000000	0.000000e+00
1.782713e+01	2.741258e+00	4.434108e-03	382197.000000	0.000000e+00
1.785169e+01	2.731837e+00	4.457341e-03	375628.000000	0.000000e+00
1.787623e+01	2.729761e+00	4.501395e-03	367752.000000	0.000000e+00
1.790076e+01	2.741524e+00	4.557084e-03	361918.000000	0.000000e+00
1.792530e+01	2.731070e+00	4.582862e-03	355134.000000	0.000000e+00
1.794985e+01	2.722147e+00	4.610055e-03	348667.000000	0.000000e+00
1.797440e+01	2.728068e+00	4.658399e-03	342955.000000	0.000000e+00
1.799891e+01	2.719780e+00	4.693994e-03	335724.000000	0.000000e+00
1.802344e+01	2.720795e+00	4.728879e-03	331036.000000	0.000000e+00
1.804802e+01	2.717515e+00	4.763702e-03	325428.000000	0.000000e+00
1.807255e+01	2.718240e+00	4.818386e-03	318253.000000	0.000000e+00
1.809707e+01	2.726168e+00	4.864769e-03	314037.000000	0.000000e+00
1.812164e+01	2.717237e+00	4.894937e-03	308149.000000	0.000000e+00
1.814617e+01	2.730690e+00	4.966887e-03	302257.000000	0.000000e+00
1.817068e+01	2.726268e+00	5.001552e-03	297117.000000	0.000000e+00
1.819523e+01	2.725313e+00	5.037856e-03	292645.000000	0.000000e+00
1.821979e+01	2.718969e+00	5.074912e-03	287046.000000	0.000000e+00
1.824431e+01	2.717413e+00	5.123283e-03	281329.000000	0.000000e+00
1.826883e+01	2.737323e+00	5.198122e-03	277306.000000	0.000000e+00
1.829337e+01	2.730479e+00	5.233512e-03	272202.000000	0.000000e+00
1.831793e+01	2.737257e+00	5.290258e-03	267718.000000	0.000000e+00
1.834250e+01	2.733674e+00	5.330745e-03	262977.000000	0.000000e+00
1.836701e+01	2.738843e+00	5.401826e-03	257071.000000	0.000000e+00
1.839152e+01	2.739514e+00	5.438435e-03	253746.000000	0.000000e+00
1.841609e+01	2.747256e+00	5.502772e-03	249250.000000	0.000000e+00
1.844064e+01	2.752832e+00	5.570959e-03	244174.000000	0.000000e+00
1.846515e+01	2.763170e+00	5.639239e-03	240090.000000	0.000000e+00
1.848971e+01	2.761666e+00	5.684812e-03	235999.000000	0.000000e+00
1.851428e+01	2.755068e+00	5.722539e-03	231786.000000	0.000000e+00
1.853881e+01	2.765512e+00	5.803716e-03	227059.000000	0.000000e+00
1.856328e+01	2.764205e+00	5.861709e-03	222378.000000	0.000000e+00
1.858784e+01	2.760905e+00	5.883663e-03	220195.000000	0.000000e+00
1.861244e+01	2.771188e+00	5.976471e-03	215002.000000	0.000000e+00
1.863693e+01	2.777870e+00	6.054073e-03	210537.000000	0.000000e+00
1.866143e+01	2.771335e+00	6.087231e-03	207271.000000	0.000000e+00
1.868601e+01	2.781903e+00	6.161185e-03	203871.000000	0.000000e+00
1.871055e+01	2.785886e+00	6.241017e-03	199258.000000	0.000000e+00
1.873503e+01	2.809500e+00	6.356871e-03	195331.000000	0.000000e+00
1.875958e+01	2.803224e+00	6.381867e-03	192939.000000	0.000000e+00
1.878417e+01	2.816056e+00	6.487936e-03	188395.000000	0.000000e+00
1.880870e+01	2.818784e+00	6.553840e-03	184983.000000	0.000000e+00
1.883322e+01	2.837078e+00	6.664527e-03	181219.000000	0.000000e+00
1.885775e+01	2.830154e+00	6.710390e-03	177879.000000	0.000000e+00
1.888231e+01	2.839082e+00	6.793871e-03	174631.000000	0.000000e+00
1.890684e+01	2.845428e+00	6.883002e-03	170899.000000	0.000000e+00
1.893134e+01	2.845537e+00	6.953770e-03	167451.000000	0.000000e+00
1.895590e+01	2.854525e+00	7.030019e-03	164875.000000	0.000000e+00
1.898046e+01	2.875531e+00	7.169518e-03	160863.000000	0.000000e+00
1.900495e+01	2.879504e+00	7.253365e-03	157600.000000	0.000000e+00
1.902946e+01	2.869445e+00	7.291904e-03	154851.000000	0.000000e+00
1.905406e+01	2.899635e+00	7.434497e-03	152119.000000	0.000000e+00
1.907863e+01	2.892504e+00	7.508288e-03	148411.000000	0.000000e+00
1.910311e+01	2.904339e+00	7.628694e-03	144942.000000	0.000000e+00
1.912765e+01	2.904066e+00	7.678979e-03	143023.000000	0.000000e+00
1.915226e+01	2.925403e+00	7.828007e-03	139659.000000	0.000000e+00
1.917678e+01	2.922631e+00	7.918113e-03	136240.000000	0.000000e+00
1.920124e+01	2.953469e+00	8.085811e-03	133419.000000	0.000000e+00
1.922581e+01	2.946761e+00	8.129344e-03	131395.000000	0.000000e+00
1.925040e+01	2.974064e+00	8.315231e-03	127924.000000	0.000000e+00
1.927489e+01	2.975815e+00	8.416236e-03	125019.000000	0.000000e+00
1.929941e+01	2.980683e+00	8.507490e-03	122752.000000	0.000000e+00
1.932402e+01	3.002104e+00	8.654544e-03	120327.000000	0.000000e+00
1.934855e+01	3.013202e+00	8.821701e-03	116668.000000	0.000000e+00
1.937298e+01	3.010380e+00	8.907268e-03	114223.000000	0.000000e+00
1.939755e+01	3.012450e+00	8.969796e-03	112791.000000	0.000000e+00
1.942217e+01	3.040734e+00	9.196965e-03	109312.000000	0.000000e+00
1.944667e+01	3.041584e+00	9.301871e-03	106920.000000	0.000000e+00
1.947113e+01	3.070749e+00	9.521759e-03	104005.000000	0.000000e+00
1.949570e+01	3.060882e+00	9.546442e-03	102804.000000	0.000000e+00
1.952032e+01	3.079701e+00	9.756889e-03	99631.000000	0.000000e+00
1.954482e+01	3.099080e+00	9.945011e-03	97108.000000	0.000000e+00
1.956930e+01	3.086851e+00	1.001850e-02	94935.000000	0.000000e+00
1.959391e+01	3.119899e+00	1.022242e-02	93148.000000	0.000000e+00
1.961850e+01	3.136017e+00	1.043324e-02	90348.000000	0.000000e+00
1.964294e+01	3.134090e+00	1.058289e-02	87703.000000	0.000000e+00
1.966740e+01	3.172293e+00	1.081265e-02	86076.000000	0.000000e+00
1.969204e+01	3.168324e+00	1.090582e-02	84400.000000	0.000000e+00
1.971660e+01	3.178253e+00	1.114449e-02	81331.000000	0.000000e+00
1.974103e+01	3.220356e+00	1.142487e-02	79452.000000	0.000000e+00
1.976563e+01	3.227546e+00	1.154464e-02	78160.000000	0.000000e+00
1.979032e+01	3.230180e+00	1.173641e-02	75750.000000	0.000000e+00
1.981482e+01	3.243187e+00	1.199151e-02	73147.000000	0.000000e+00
1.983914e+01	3.261352e+00	1.225587e-02	70812.000000	0.000000e+00
1.986374e+01	3.290837e+00	1.238207e-02	70636.000000	0.000000e+00
1.988844e+01	3.295591e+00	1.267760e-02	67576.000000	0.000000e+00
1.991292e+01	3.309011e+00	1.290703e-02	65727.000000	0.000000e+00
1.993736e+01	3.332414e+00	1.319977e-02	63736.000000	0.000000e+00
1.996197e+01	3.370449e+00	1.346157e-02	62688.000000	0.000000e+00
1.998658e+01	3.367505e+00	1.371991e-02	60244.000000	0.000000e+00
2.001095e+01	3.353026e+00	1.391405e-02	58072.000000	0.000000e+00
2.003547e+01	3.418540e+00	1.426287e-02	57447.000000	0.000000e+00
2.006019e+01	3.441189e+00	1.462153e-02	55390.000000	0.000000e+00
2.008472e+01	3.442640e+00	1.490278e-02	53364.000000	0.000000e+00
2.010903e+01	3.460071e+00	1.528135e-02	51268.000000	0.000000e+00
2.013363e+01	3.502209e+00	1.548619e-02	51144.000000	0.000000e+00
2.015842e+01	3.493192e+00	1.581748e-02	48772.000000	0.000000e+00
2.018288e+01	3.555379e+00	1.642983e-02	46828.000000	0.000000e+00
2.020721e+01	3.554882e+00	1.668904e-02	45372.000000	0.000000e+00
2.023181e+01	3.580009e+00	1.696344e-02	44539.000000	0.000000e+00
2.025650e+01	3.603047e+00	1.743229e-02	42720.000000	0.000000e+00
2.028095e+01	3.632310e+00	1.795272e-02	40936.000000	0.000000e+00
2.030542e+01	3.672046e+00	1.836528e-02	39978.000000	0.000000e+00
2.033011e+01	3.668390e+00	1.866968e-02	38608.000000	0.000000e+00
2.035466e+01	3.717755e+00	1.935596e-02	36892.000000	0.000000e+00
2.037892e+01	3.764943e+00	2.006493e-02	35208.000000	0.000000e+00
2.040348e+01	3.762312e+00	2.010466e-02	35020.000000	0.000000e+00
2.042837e+01	3.802099e+00	2.081289e-02	33372.000000	0.000000e+00
2.045281e+01	3.879624e+00	2.188702e-02	31420.000000	0.000000e+00
2.047697e+01	3.893332e+00	2.234891e-02	30348.000000	0.000000e+00
2.050165e+01	3.941472e+00	2.274094e-02	30040.000000	0.000000e+00
2.052659e+01	3.974436e+00	2.353097e-02	28528.000000	0.000000e+00
2.055100e+01	3.981488e+00	2.440198e-02	26622.000000	0.000000e+00
2.057510e+01	4.012567e+00	2.499084e-02	25780.000000	0.000000e+00
2.059985e+01	3.996595e+00	2.505124e-02	25452.000000	0.000000e+00
2.062477e+01	4.075113e+00	2.631571e-02	23980.000000	0.000000e+00
2.064904e+01	4.126418e+00	2.769221e-02	22204.000000	0.000000e+00
2.067328e+01	4.125201e+00	2.786026e-02	21924.000000	0.000000e+00
2.069813e+01	4.175032e+00	2.877486e-02	21052.000000	0.000000e+00
2.072282e+01	4.170357e+00	2.969147e-02	19728.000000	0.000000e+00
2.074689e+01	4.261215e+00	3.148605e-02	18316.000000	0.000000e+00
2.077148e+01	4.359716e+00	3.203423e-02	18522.000000	0.000000e+00
2.079650e+01	4.337443e+00	3.321201e-02	17056.000000	0.000000e+00
2.082086e+01	4.391345e+00	3.482454e-02	15901.000000	0.000000e+00
2.084494e+01	4.393478e+00	3.571579e-02	15132.000000	0.000000e+00
2.086988e+01	4.408992e+00	3.598008e-02	15016.000000	0.000000e+00
2.089484e+01	4.495584e+00	3.860613e-02	13560.000000	0.000000e+00
2.091874e+01	4.497020e+00	4.032594e-02	12436.000000	0.000000e+00
2.094286e+01	4.543556e+00	4.094790e-02	12312.000000	0.000000e+00
2.096835e+01	4.630860e+00	4.224562e-02	12016.000000	0.000000e+00
2.099333e+01	4.697998e+00	4.603668e-02	10414.000000	0.000000e+00
2.101635e+01	4.756036e+00	4.938156e-02	9276.000000	0.000000e+00
2.104066e+01	4.811703e+00	4.821113e-02	9961.000000	0.000000e+00
2.106684e+01	4.855327e+00	5.054343e-02	9228.000000	0.000000e+00
2.109169e+01	4.873441e+00	5.542297e-02	7732.000000	0.000000e+00
2.111385e+01	4.885383e+00	5.943658e-02	6756.000000	0.000000e+00
2.113864e+01	4.872299e+00	5.532419e-02	7756.000000	0.000000e+00
2.116547e+01	4.918915e+00	5.956308e-02	6820.000000	0.000000e+00
2.118998e+01	5.025433e+00	6.865499e-02	5358.000000	0.000000e+00
2.121167e+01	5.009095e+00	7.088895e-02	4993.000000	0.000000e+00
2.123701e+01	5.190057e+00	6.985581e-02	5520.000000	0.000000e+00
2.126409e+01	5.180461e+00	7.483591e-02	4792.000000	0.000000e+00
2.128812e+01	5.339382e+00	9.108868e-02	3436.000000	0.000000e+00
2.130920e+01	5.598147e+00	9.489748e-02	3480.000000	0.000000e+00
2.133536e+01	5.677461e+00	9.307313e-02	3721.000000	0.000000e+00
2.136298e+01	5.559190e+00	9.933462e-02	3132.000000	0.000000e+00
2.138535e+01	5.767196e+00	1.369266e-01	1774.000000	0.000000e+00
2.140616e+01	5.560271e+00	1.132159e-01	2412.000000	0.000000e+00
2.143360e+01	5.570251e+00	1.184356e-01	2212.000000	0.000000e+00
2.146162e+01	5.560928e+00	1.297456e-01	1837.000000	0.000000e+00
2.148292e+01	5.786356e+00	2.025630e-01	816.000000	0.000000e+00
2.150387e+01	6.144435e+00	1.658842e-01	1372.000000	0.000000e+00
2.153200e+01	5.764530e+00	1.744426e-01	1092.000000	0.000000e+00
2.156014e+01	5.775239e+00	1.987919e-01	844.000000	0.000000e+00
2.158178e+01	4.952335e+00	2.689739e-01	339.000000	0.000000e+00
2.160234e+01	6.098891e+00	2.644205e-01	532.000000	0.000000e+00
2.163046e+01	6.380605e+00	3.344346e-01	364.000000	0.000000e+00
2.165853e+01	5.901655e+00	3.908467e-01	228.000000	0.000000e+00
2.168066e+01	5.517691e+00	6.457969e-01	73.000000	0.000000e+00
2.170037e+01	6.181783e+00	6.744878e-01	84.000000	0.000000e+00
2.172766e+01	7.402299e+00	1.398903e+00	28.000000	0.000000e+00
2.175143e+01	1.594240e+01	9.204350e+00	3.000000	0.000000e+00
