# r/r500       y              
1.410330e-03   1.997632e+04   
1.853960e-03   1.807329e+04   
2.418160e-03   1.736385e+04   
3.105140e-03   1.570968e+04   
3.804670e-03   1.509302e+04   
5.160240e-03   1.140347e+04   
6.472710e-03   9.149242e+03   
8.508720e-03   7.489089e+03   
1.109810e-02   6.130172e+03   
1.307720e-02   5.222849e+03   
1.627570e-02   4.449815e+03   
2.224770e-02   3.642382e+03   
3.392680e-02   2.751973e+03   
4.860170e-02   1.958032e+03   
6.192350e-02   1.479383e+03   
1.130230e-01   7.340626e+02   
1.474190e-01   5.436227e+02   
1.983860e-01   3.946089e+02   
2.711800e-01   2.440472e+02   
3.620960e-01   1.635154e+02   
4.613460e-01   1.052578e+02   
6.112220e-01   6.130170e+01   
7.848680e-01   4.449815e+01   
1.089760e+00   2.079250e+01   
1.466530e+00   1.031713e+01   
