#                log_radius_center             rho_gas/rho_crit_gas      rho_gas/rho_crit_gas_errlow     rho_gas/rho_crit_gas_errhigh          rho_gas/rho_crit_gas_cc   rho_gas/rho_crit_gas_cc_errlow  rho_gas/rho_crit_gas_cc_errhigh         rho_gas/rho_crit_gas_ncc  rho_gas/rho_crit_gas_ncc_errlow rho_gas/rho_crit_gas_ncc_errhigh
                     -1.937500e+00                     3.686998e+02                     3.686998e+02                     3.686998e+02                              nan                              nan                              nan                     3.686998e+02                     3.686998e+02                     3.686998e+02
                     -1.812500e+00                     9.653958e+02                     5.781370e+02                     1.612056e+03                     6.718165e+02                     6.718165e+02                     6.718165e+02                     1.387267e+03                     1.387267e+03                     1.387267e+03
                     -1.687500e+00                     7.607511e+02                     6.091227e+02                     9.501241e+02                     8.902359e+02                     8.902359e+02                     8.902359e+02                     6.500998e+02                     6.500998e+02                     6.500998e+02
                     -1.562500e+00                     8.415848e+02                     7.577403e+02                     9.347068e+02                     9.064129e+02                     9.064129e+02                     9.064129e+02                     7.813934e+02                     7.813934e+02                     7.813934e+02
                     -1.437500e+00                     1.039816e+03                     6.613163e+02                     1.634946e+03                     1.431977e+03                     1.431977e+03                     1.431977e+03                     7.550515e+02                     7.550515e+02                     7.550515e+02
                     -1.312500e+00                     9.348775e+02                     7.263798e+02                     1.203222e+03                     1.117499e+03                     1.117499e+03                     1.117499e+03                     7.820998e+02                     7.820998e+02                     7.820998e+02
                     -1.187500e+00                     8.315509e+02                     7.817971e+02                     8.844711e+02                     8.686316e+02                     8.686316e+02                     8.686316e+02                     7.960531e+02                     7.960531e+02                     7.960531e+02
                     -1.062500e+00                     7.016369e+02                     6.645931e+02                     7.407456e+02                     7.290705e+02                     7.290705e+02                     7.290705e+02                     6.752357e+02                     6.752357e+02                     6.752357e+02
                     -9.375000e-01                     5.945624e+02                     5.407900e+02                     6.536817e+02                     6.357820e+02                     6.357820e+02                     6.357820e+02                     5.560153e+02                     5.560153e+02                     5.560153e+02
                     -8.125000e-01                     4.867915e+02                     4.394321e+02                     5.392551e+02                     5.233290e+02                     5.233290e+02                     5.233290e+02                     4.528050e+02                     4.528050e+02                     4.528050e+02
                     -6.875000e-01                     3.913752e+02                     3.647432e+02                     4.199518e+02                     4.113724e+02                     4.113724e+02                     4.113724e+02                     3.723501e+02                     3.723501e+02                     3.723501e+02
                     -5.625000e-01                     2.947583e+02                     2.871845e+02                     3.025318e+02                     3.002340e+02                     3.002340e+02                     3.002340e+02                     2.893824e+02                     2.893824e+02                     2.893824e+02
                     -4.375000e-01                     1.989911e+02                     1.923663e+02                     2.058441e+02                     2.038128e+02                     2.038128e+02                     2.038128e+02                     1.942835e+02                     1.942835e+02                     1.942835e+02
                     -3.125000e-01                     1.184462e+02                     1.102660e+02                     1.272333e+02                     1.126016e+02                     1.126016e+02                     1.126016e+02                     1.245942e+02                     1.245942e+02                     1.245942e+02
                     -1.875000e-01                     6.935078e+01                     5.935314e+01                     8.103245e+01                     6.212201e+01                     6.212201e+01                     6.212201e+01                     7.742071e+01                     7.742071e+01                     7.742071e+01
                     -6.250000e-02                     3.641207e+01                     3.332033e+01                     3.979068e+01                     3.419765e+01                     3.419765e+01                     3.419765e+01                     3.876988e+01                     3.876988e+01                     3.876988e+01
                      6.250000e-02                     1.411022e+01                     1.115061e+01                     1.785536e+01                     1.666575e+01                     1.666575e+01                     1.666575e+01                     1.194656e+01                     1.194656e+01                     1.194656e+01
                      1.875000e-01                     5.154899e+00                     3.693580e+00                     7.194369e+00                     6.525140e+00                     6.525140e+00                     6.525140e+00                     4.072400e+00                     4.072400e+00                     4.072400e+00
                      3.125000e-01                     1.974073e+00                     1.395144e+00                     2.793234e+00                     2.523222e+00                     2.523222e+00                     2.523222e+00                     1.544440e+00                     1.544440e+00                     1.544440e+00
                      4.375000e-01                     8.385740e-01                     6.944132e-01                     1.012663e+00                     9.582306e-01                     9.582306e-01                     9.582306e-01                     7.338593e-01                     7.338593e-01                     7.338593e-01
