#                log_radius_center             rho_gas/rho_crit_gas      rho_gas/rho_crit_gas_errlow     rho_gas/rho_crit_gas_errhigh          rho_gas/rho_crit_gas_cc   rho_gas/rho_crit_gas_cc_errlow  rho_gas/rho_crit_gas_cc_errhigh         rho_gas/rho_crit_gas_ncc  rho_gas/rho_crit_gas_ncc_errlow rho_gas/rho_crit_gas_ncc_errhigh
                     -1.937500e+00                              nan                              nan                              nan                              nan                              nan                              nan                              nan                              nan                              nan
                     -1.812500e+00                     9.616122e+02                     5.458085e+02                     1.694180e+03                              nan                              nan                              nan                     9.616122e+02                     5.458085e+02                     1.694180e+03
                     -1.687500e+00                     1.661209e+03                     8.134752e+02                     3.392379e+03                     3.528337e+03                     2.048889e+03                     6.076056e+03                     1.139860e+03                     7.377370e+02                     1.761170e+03
                     -1.562500e+00                     1.553138e+03                     8.207179e+02                     2.939179e+03                     3.184344e+03                     2.081424e+03                     4.871687e+03                     1.084688e+03                     7.618229e+02                     1.544386e+03
                     -1.437500e+00                     1.398504e+03                     7.637226e+02                     2.560896e+03                     2.739947e+03                     1.902784e+03                     3.945433e+03                     9.991360e+02                     6.918320e+02                     1.442941e+03
                     -1.312500e+00                     1.308516e+03                     7.561518e+02                     2.264380e+03                     2.423525e+03                     1.734947e+03                     3.385391e+03                     9.614904e+02                     6.972953e+02                     1.325785e+03
                     -1.187500e+00                     1.139374e+03                     6.941730e+02                     1.870101e+03                     1.964150e+03                     1.449494e+03                     2.661540e+03                     8.677851e+02                     6.377636e+02                     1.180768e+03
                     -1.062500e+00                     9.990129e+02                     6.359238e+02                     1.569413e+03                     1.607330e+03                     1.221463e+03                     2.115095e+03                     7.875971e+02                     5.777425e+02                     1.073678e+03
                     -9.375000e-01                     8.286568e+02                     5.587614e+02                     1.228918e+03                     1.216984e+03                     9.500957e+02                     1.558844e+03                     6.837851e+02                     5.054658e+02                     9.250121e+02
                     -8.125000e-01                     6.417893e+02                     4.646825e+02                     8.863977e+02                     8.634136e+02                     7.160016e+02                     1.041175e+03                     5.533236e+02                     4.221479e+02                     7.252601e+02
                     -6.875000e-01                     4.581291e+02                     3.629378e+02                     5.782873e+02                     5.501933e+02                     4.944712e+02                     6.121948e+02                     4.180461e+02                     3.333732e+02                     5.242251e+02
                     -5.625000e-01                     3.150220e+02                     2.714497e+02                     3.655882e+02                     3.403226e+02                     3.095284e+02                     3.741805e+02                     3.030860e+02                     2.585344e+02                     3.553148e+02
                     -4.375000e-01                     2.006086e+02                     1.846035e+02                     2.180014e+02                     2.051094e+02                     1.931482e+02                     2.178112e+02                     1.983954e+02                     1.807851e+02                     2.177211e+02
                     -3.125000e-01                     1.184721e+02                     1.113524e+02                     1.260469e+02                     1.172027e+02                     1.097790e+02                     1.251283e+02                     1.191119e+02                     1.119052e+02                     1.267827e+02
                     -1.875000e-01                     6.547714e+01                     6.046866e+01                     7.090045e+01                     6.309049e+01                     5.898613e+01                     6.748045e+01                     6.670411e+01                     6.149877e+01                     7.235003e+01
                     -6.250000e-02                     3.433191e+01                     2.991817e+01                     3.939681e+01                     3.242324e+01                     2.879328e+01                     3.651083e+01                     3.532798e+01                     3.064955e+01                     4.072055e+01
                      6.250000e-02                     1.652287e+01                     1.377068e+01                     1.982510e+01                     1.555989e+01                     1.340351e+01                     1.806319e+01                     1.702648e+01                     1.400226e+01                     2.070387e+01
                      1.875000e-01                     7.324657e+00                     5.985230e+00                     8.963833e+00                     7.135996e+00                     6.320431e+00                     8.056800e+00                     7.420850e+00                     5.859823e+00                     9.397726e+00
                      3.125000e-01                     2.980396e+00                     2.359685e+00                     3.764384e+00                     3.063248e+00                     2.608514e+00                     3.597254e+00                     2.939814e+00                     2.248245e+00                     3.844111e+00
                      4.375000e-01                     1.102573e+00                     8.399969e-01                     1.447227e+00                     1.121016e+00                     1.001676e+00                     1.254576e+00                     1.093465e+00                     7.867652e-01                     1.519723e+00
