#  scale_factor   cSFR (HACC)
   5.373130e-03  0.000000e+00
   5.771140e-03  0.000000e+00
   6.169150e-03  0.000000e+00
   6.567160e-03  0.000000e+00
   6.965170e-03  0.000000e+00
   7.363180e-03  0.000000e+00
   7.761190e-03  0.000000e+00
   8.159200e-03  0.000000e+00
   8.557210e-03  0.000000e+00
   8.955220e-03  0.000000e+00
   9.353230e-03  0.000000e+00
   9.751240e-03  0.000000e+00
   1.014925e-02  0.000000e+00
   1.054726e-02  0.000000e+00
   1.094527e-02  0.000000e+00
   1.134328e-02  0.000000e+00
   1.174129e-02  0.000000e+00
   1.213930e-02  0.000000e+00
   1.253731e-02  0.000000e+00
   1.293532e-02  0.000000e+00
   1.333333e-02  0.000000e+00
   1.373134e-02  0.000000e+00
   1.412935e-02  0.000000e+00
   1.452736e-02  0.000000e+00
   1.492537e-02  0.000000e+00
   1.532338e-02  0.000000e+00
   1.572139e-02  0.000000e+00
   1.611940e-02  0.000000e+00
   1.651741e-02  0.000000e+00
   1.691542e-02  0.000000e+00
   1.731343e-02  0.000000e+00
   1.771144e-02  0.000000e+00
   1.810945e-02  0.000000e+00
   1.850746e-02  0.000000e+00
   1.890547e-02  0.000000e+00
   1.930348e-02  0.000000e+00
   1.970149e-02  0.000000e+00
   2.009950e-02  0.000000e+00
   2.049751e-02  0.000000e+00
   2.089552e-02  0.000000e+00
   2.248756e-02  0.000000e+00
   2.407960e-02  0.000000e+00
   2.567164e-02  0.000000e+00
   2.726368e-02  0.000000e+00
   2.885572e-02  0.000000e+00
   3.044776e-02  0.000000e+00
   3.203980e-02  0.000000e+00
   3.363184e-02  0.000000e+00
   3.522388e-02  0.000000e+00
   3.681592e-02  0.000000e+00
   3.840796e-02  0.000000e+00
   4.000000e-02  0.000000e+00
   4.159204e-02  0.000000e+00
   4.318408e-02  0.000000e+00
   4.477612e-02  0.000000e+00
   4.636816e-02  0.000000e+00
   4.796020e-02  0.000000e+00
   4.955224e-02  0.000000e+00
   5.114428e-02  0.000000e+00
   5.273632e-02  0.000000e+00
   5.432836e-02  0.000000e+00
   5.592040e-02  0.000000e+00
   5.751244e-02  0.000000e+00
   5.910448e-02  0.000000e+00
   6.069652e-02  0.000000e+00
   6.228856e-02  0.000000e+00
   6.388060e-02  0.000000e+00
   6.547264e-02  1.212620e-08
   6.706468e-02  9.827906e-08
   6.865672e-02  2.934520e-07
   7.024876e-02  3.295600e-07
   7.184080e-02  5.585813e-07
   7.343284e-02  9.210962e-07
   7.502488e-02  9.414554e-07
   7.661692e-02  1.500573e-06
   7.820896e-02  2.292703e-06
   7.980099e-02  3.664220e-06
   8.139303e-02  5.750989e-06
   8.298507e-02  8.315760e-06
   8.457711e-02  1.129584e-05
   8.616915e-02  1.629536e-05
   8.776119e-02  2.283384e-05
   8.935323e-02  3.227484e-05
   9.094527e-02  4.575253e-05
   9.253731e-02  6.184399e-05
   9.412935e-02  8.103311e-05
   9.572139e-02  1.080256e-04
   9.731343e-02  1.398030e-04
   9.890547e-02  1.712972e-04
   1.004975e-01  2.105516e-04
   1.020896e-01  2.609872e-04
   1.036816e-01  3.212121e-04
   1.052736e-01  3.814809e-04
   1.068657e-01  4.537778e-04
   1.084577e-01  5.432289e-04
   1.100498e-01  6.419533e-04
   1.116418e-01  7.619530e-04
   1.132338e-01  8.906776e-04
   1.148259e-01  1.027851e-03
   1.164179e-01  1.282986e-03
   1.180100e-01  1.450047e-03
   1.196020e-01  1.627472e-03
   1.211940e-01  1.826057e-03
   1.227861e-01  2.055046e-03
   1.243781e-01  2.300977e-03
   1.259702e-01  2.568511e-03
   1.275622e-01  2.647275e-03
   1.291542e-01  2.825863e-03
   1.307463e-01  2.705280e-03
   1.323383e-01  2.456667e-03
   1.339304e-01  2.775325e-03
   1.355224e-01  4.169936e-03
   1.371144e-01  5.937954e-03
   1.387065e-01  6.242639e-03
   1.402985e-01  7.615483e-03
   1.418906e-01  7.993793e-03
   1.434826e-01  8.150905e-03
   1.450746e-01  8.546180e-03
   1.466667e-01  9.035259e-03
   1.482587e-01  9.678328e-03
   1.498508e-01  1.044449e-02
   1.514428e-01  1.128967e-02
   1.530348e-01  1.216234e-02
   1.546269e-01  1.316174e-02
   1.562189e-01  1.409276e-02
   1.578110e-01  1.508306e-02
   1.594030e-01  1.607182e-02
   1.609950e-01  1.713170e-02
   1.625871e-01  1.825247e-02
   1.641791e-01  1.940627e-02
   1.657711e-01  2.050630e-02
   1.673632e-01  2.158293e-02
   1.689552e-01  2.234939e-02
   1.705473e-01  2.324574e-02
   1.721393e-01  2.466302e-02
   1.737313e-01  2.651060e-02
   1.753234e-01  2.848200e-02
   1.769154e-01  3.070481e-02
   1.785075e-01  3.272004e-02
   1.800995e-01  3.453614e-02
   1.816915e-01  3.630788e-02
   1.832836e-01  3.805442e-02
   1.848756e-01  3.969865e-02
   1.864677e-01  4.141616e-02
   1.880597e-01  4.330783e-02
   1.896517e-01  4.529229e-02
   1.912438e-01  4.719771e-02
   1.928358e-01  4.921137e-02
   1.944279e-01  5.118066e-02
   1.960199e-01  5.339940e-02
   1.976119e-01  5.543851e-02
   1.992040e-01  5.774289e-02
   2.007960e-01  5.977815e-02
   2.023881e-01  6.191224e-02
   2.039801e-01  6.397712e-02
   2.055721e-01  6.596661e-02
   2.071642e-01  6.826013e-02
   2.087562e-01  7.066572e-02
   2.103483e-01  7.307667e-02
   2.119403e-01  7.590145e-02
   2.135323e-01  7.895297e-02
   2.151244e-01  8.171171e-02
   2.167164e-01  8.442914e-02
   2.183085e-01  8.703125e-02
   2.199005e-01  8.962154e-02
   2.214925e-01  9.232116e-02
   2.230846e-01  9.489030e-02
   2.246766e-01  9.786457e-02
   2.262687e-01  1.005296e-01
   2.278607e-01  1.031345e-01
   2.294527e-01  1.059606e-01
   2.310448e-01  1.085721e-01
   2.326368e-01  1.112491e-01
   2.342289e-01  1.137987e-01
   2.358209e-01  1.164721e-01
   2.374129e-01  1.189517e-01
   2.390050e-01  1.216467e-01
   2.405970e-01  1.243237e-01
   2.421890e-01  1.272590e-01
   2.437811e-01  1.297920e-01
   2.453731e-01  1.326660e-01
   2.469652e-01  1.354921e-01
   2.485572e-01  1.385182e-01
   2.501492e-01  1.412127e-01
   2.517413e-01  1.439868e-01
   2.533333e-01  1.468243e-01
   2.549254e-01  1.495204e-01
   2.565174e-01  1.519045e-01
   2.581095e-01  1.540620e-01
   2.597015e-01  1.565292e-01
   2.612935e-01  1.587087e-01
   2.628856e-01  1.613370e-01
   2.644776e-01  1.636663e-01
   2.660696e-01  1.660206e-01
   2.676617e-01  1.681137e-01
   2.692537e-01  1.695151e-01
   2.708458e-01  1.716328e-01
   2.724378e-01  1.735178e-01
   2.740299e-01  1.755387e-01
   2.756219e-01  1.772388e-01
   2.772139e-01  1.784741e-01
   2.788060e-01  1.803516e-01
   2.803980e-01  1.819305e-01
   2.819900e-01  1.834462e-01
   2.835821e-01  1.850242e-01
   2.851741e-01  1.866283e-01
   2.867662e-01  1.881830e-01
   2.883582e-01  1.891468e-01
   2.899503e-01  1.904482e-01
   2.915423e-01  1.919589e-01
   2.931343e-01  1.932815e-01
   2.947264e-01  1.941447e-01
   2.963184e-01  1.955913e-01
   2.979104e-01  1.966784e-01
   2.995025e-01  1.975425e-01
   3.010945e-01  1.987004e-01
   3.026866e-01  1.992402e-01
   3.042786e-01  2.003193e-01
   3.058707e-01  2.014840e-01
   3.074627e-01  2.021732e-01
   3.090547e-01  2.030142e-01
   3.106468e-01  2.039660e-01
   3.122388e-01  2.048399e-01
   3.138308e-01  2.055063e-01
   3.154229e-01  2.059619e-01
   3.170149e-01  2.068802e-01
   3.186070e-01  2.074553e-01
   3.201990e-01  2.082888e-01
   3.217910e-01  2.091531e-01
   3.233831e-01  2.098279e-01
   3.249751e-01  2.103125e-01
   3.265672e-01  2.107974e-01
   3.281592e-01  2.115996e-01
   3.297512e-01  2.118995e-01
   3.313433e-01  2.124361e-01
   3.329353e-01  2.124384e-01
   3.345274e-01  2.130716e-01
   3.361194e-01  2.132226e-01
   3.377114e-01  2.133934e-01
   3.393035e-01  2.134197e-01
   3.408955e-01  2.138014e-01
   3.424876e-01  2.137645e-01
   3.440796e-01  2.142575e-01
   3.456716e-01  2.145364e-01
   3.472637e-01  2.150924e-01
   3.488557e-01  2.149287e-01
   3.504478e-01  2.151498e-01
   3.520398e-01  2.149900e-01
   3.536318e-01  2.150649e-01
   3.552239e-01  2.150911e-01
   3.568159e-01  2.150160e-01
   3.584080e-01  2.147608e-01
   3.600000e-01  2.145501e-01
   3.615920e-01  2.148114e-01
   3.631841e-01  2.146908e-01
   3.647761e-01  2.145280e-01
   3.663682e-01  2.142705e-01
   3.679602e-01  2.138698e-01
   3.695522e-01  2.139697e-01
   3.711443e-01  2.137491e-01
   3.727363e-01  2.135156e-01
   3.743284e-01  2.130439e-01
   3.759204e-01  2.126950e-01
   3.775124e-01  2.128671e-01
   3.791045e-01  2.124889e-01
   3.806965e-01  2.123196e-01
   3.822886e-01  2.120590e-01
   3.838806e-01  2.117673e-01
   3.854726e-01  2.115308e-01
   3.870647e-01  2.111908e-01
   3.886567e-01  2.106407e-01
   3.902488e-01  2.102590e-01
   3.918408e-01  2.098448e-01
   3.934328e-01  2.094532e-01
   3.950249e-01  2.090292e-01
   3.966169e-01  2.083693e-01
   3.982090e-01  2.076814e-01
   3.998010e-01  2.073322e-01
   4.013930e-01  2.067606e-01
   4.029851e-01  2.060715e-01
   4.045771e-01  2.058318e-01
   4.061691e-01  2.051033e-01
   4.077612e-01  2.043523e-01
   4.093532e-01  2.037961e-01
   4.109453e-01  2.030653e-01
   4.125373e-01  2.022207e-01
   4.141294e-01  2.016589e-01
   4.157214e-01  2.011278e-01
   4.173134e-01  2.003900e-01
   4.189055e-01  1.997082e-01
   4.204975e-01  1.990435e-01
   4.220895e-01  1.981045e-01
   4.236816e-01  1.974775e-01
   4.252736e-01  1.968328e-01
   4.268657e-01  1.964567e-01
   4.284577e-01  1.956999e-01
   4.300498e-01  1.949800e-01
   4.316418e-01  1.942846e-01
   4.332338e-01  1.933593e-01
   4.348259e-01  1.924781e-01
   4.364179e-01  1.917310e-01
   4.380099e-01  1.911159e-01
   4.396020e-01  1.902800e-01
   4.411940e-01  1.895527e-01
   4.427861e-01  1.889049e-01
   4.443781e-01  1.878080e-01
   4.459702e-01  1.869557e-01
   4.475622e-01  1.860514e-01
   4.491542e-01  1.852607e-01
   4.507463e-01  1.844577e-01
   4.523383e-01  1.836455e-01
   4.539303e-01  1.824316e-01
   4.555224e-01  1.815918e-01
   4.571144e-01  1.807012e-01
   4.587065e-01  1.798522e-01
   4.602985e-01  1.792607e-01
   4.618906e-01  1.784499e-01
   4.634826e-01  1.773671e-01
   4.650746e-01  1.763967e-01
   4.666667e-01  1.753843e-01
   4.682587e-01  1.747154e-01
   4.698507e-01  1.737313e-01
   4.714428e-01  1.728532e-01
   4.730348e-01  1.719820e-01
   4.746269e-01  1.711225e-01
   4.762189e-01  1.699743e-01
   4.778110e-01  1.690381e-01
   4.794030e-01  1.682383e-01
   4.809950e-01  1.674051e-01
   4.825871e-01  1.666299e-01
   4.841791e-01  1.657799e-01
   4.857711e-01  1.649877e-01
   4.873632e-01  1.637241e-01
   4.889552e-01  1.625359e-01
   4.905473e-01  1.615323e-01
   4.921393e-01  1.606052e-01
   4.937313e-01  1.597788e-01
   4.953234e-01  1.590769e-01
   4.969154e-01  1.582413e-01
   4.985075e-01  1.572336e-01
   5.000995e-01  1.562958e-01
   5.016915e-01  1.553981e-01
   5.032836e-01  1.545230e-01
   5.048756e-01  1.535616e-01
   5.064677e-01  1.525136e-01
   5.080597e-01  1.517583e-01
   5.096517e-01  1.507921e-01
   5.112438e-01  1.498218e-01
   5.128358e-01  1.490277e-01
   5.144279e-01  1.481204e-01
   5.160199e-01  1.471453e-01
   5.176119e-01  1.462466e-01
   5.192040e-01  1.455052e-01
   5.207960e-01  1.447950e-01
   5.223881e-01  1.438692e-01
   5.239801e-01  1.430138e-01
   5.255721e-01  1.420693e-01
   5.271642e-01  1.410826e-01
   5.287562e-01  1.400368e-01
   5.303483e-01  1.390826e-01
   5.319403e-01  1.380728e-01
   5.335323e-01  1.370327e-01
   5.351244e-01  1.361182e-01
   5.367164e-01  1.354902e-01
   5.383085e-01  1.346860e-01
   5.399005e-01  1.338139e-01
   5.414925e-01  1.330380e-01
   5.430846e-01  1.322172e-01
   5.446766e-01  1.314181e-01
   5.462687e-01  1.304725e-01
   5.478607e-01  1.295654e-01
   5.494527e-01  1.287137e-01
   5.510448e-01  1.278009e-01
   5.526368e-01  1.269881e-01
   5.542289e-01  1.260790e-01
   5.558209e-01  1.253238e-01
   5.574129e-01  1.244507e-01
   5.590050e-01  1.235139e-01
   5.605970e-01  1.227659e-01
   5.621890e-01  1.220625e-01
   5.637811e-01  1.212470e-01
   5.653731e-01  1.205350e-01
   5.669652e-01  1.197469e-01
   5.685572e-01  1.188400e-01
   5.701493e-01  1.180553e-01
   5.717413e-01  1.173610e-01
   5.733333e-01  1.166718e-01
   5.749254e-01  1.160150e-01
   5.765174e-01  1.152416e-01
   5.781095e-01  1.144012e-01
   5.797015e-01  1.135327e-01
   5.812935e-01  1.128392e-01
   5.828856e-01  1.120871e-01
   5.844776e-01  1.113285e-01
   5.860696e-01  1.104967e-01
   5.876617e-01  1.096222e-01
   5.892537e-01  1.089109e-01
   5.908458e-01  1.081986e-01
   5.924378e-01  1.075552e-01
   5.940298e-01  1.067907e-01
   5.956219e-01  1.062413e-01
   5.972139e-01  1.056633e-01
   5.988060e-01  1.049777e-01
   6.003980e-01  1.042843e-01
   6.019901e-01  1.036003e-01
   6.035821e-01  1.030807e-01
   6.051741e-01  1.028554e-01
   6.067662e-01  1.028533e-01
   6.083582e-01  1.028064e-01
   6.099503e-01  1.026387e-01
   6.115423e-01  1.023929e-01
   6.131343e-01  1.020805e-01
   6.147264e-01  1.016918e-01
   6.163184e-01  1.012340e-01
   6.179104e-01  1.007007e-01
   6.195025e-01  1.000289e-01
   6.210945e-01  9.953648e-02
   6.226866e-01  9.906644e-02
   6.242786e-01  9.861475e-02
   6.258706e-01  9.815872e-02
   6.274627e-01  9.769720e-02
   6.290547e-01  9.722102e-02
   6.306468e-01  9.688663e-02
   6.322388e-01  9.650236e-02
   6.338308e-01  9.620118e-02
   6.354229e-01  9.597886e-02
   6.370149e-01  9.574360e-02
   6.386070e-01  9.554583e-02
   6.401990e-01  9.527731e-02
   6.417910e-01  9.498584e-02
   6.433831e-01  9.468287e-02
   6.449751e-01  9.431899e-02
   6.465672e-01  9.393573e-02
   6.481592e-01  9.354532e-02
   6.497512e-01  9.309477e-02
   6.513433e-01  9.249860e-02
   6.529353e-01  9.208000e-02
   6.545274e-01  9.164888e-02
   6.561194e-01  9.106052e-02
   6.577114e-01  9.045511e-02
   6.593035e-01  8.999264e-02
   6.608955e-01  8.963943e-02
   6.624876e-01  8.948886e-02
   6.640796e-01  8.927953e-02
   6.656716e-01  8.892119e-02
   6.672637e-01  8.855402e-02
   6.688557e-01  8.805579e-02
   6.704478e-01  8.770204e-02
   6.720398e-01  8.737522e-02
   6.736318e-01  8.705252e-02
   6.752239e-01  8.667153e-02
   6.768159e-01  8.636779e-02
   6.784080e-01  8.594203e-02
   6.800000e-01  8.548021e-02
   6.815920e-01  8.492190e-02
   6.831841e-01  8.449453e-02
   6.847761e-01  8.410871e-02
   6.863682e-01  8.370978e-02
   6.879602e-01  8.328366e-02
   6.895522e-01  8.293772e-02
   6.911443e-01  8.266789e-02
   6.927363e-01  8.242726e-02
   6.943284e-01  8.215278e-02
   6.959204e-01  8.185399e-02
   6.975124e-01  8.148152e-02
   6.991045e-01  8.108842e-02
   7.006965e-01  8.064514e-02
   7.022886e-01  8.026648e-02
   7.038806e-01  7.979935e-02
   7.054726e-01  7.938921e-02
   7.070647e-01  7.906902e-02
   7.086567e-01  7.870042e-02
   7.102488e-01  7.837713e-02
   7.118408e-01  7.799160e-02
   7.134328e-01  7.764953e-02
   7.150249e-01  7.729840e-02
   7.166169e-01  7.683992e-02
   7.182090e-01  7.644051e-02
   7.198010e-01  7.601184e-02
   7.213930e-01  7.565612e-02
   7.229851e-01  7.531595e-02
   7.245771e-01  7.493156e-02
   7.261692e-01  7.455713e-02
   7.277612e-01  7.426941e-02
   7.293532e-01  7.404089e-02
   7.309453e-01  7.380474e-02
   7.325373e-01  7.356900e-02
   7.341294e-01  7.327771e-02
   7.357214e-01  7.295310e-02
   7.373134e-01  7.251084e-02
   7.389055e-01  7.215506e-02
   7.404975e-01  7.186061e-02
   7.420895e-01  7.159621e-02
   7.436816e-01  7.128787e-02
   7.452736e-01  7.092160e-02
   7.468657e-01  7.050544e-02
   7.484577e-01  7.006103e-02
   7.500497e-01  6.977701e-02
   7.516418e-01  6.949294e-02
   7.532338e-01  6.909215e-02
   7.548259e-01  6.874990e-02
   7.564179e-01  6.841767e-02
   7.580100e-01  6.811875e-02
   7.596020e-01  6.777805e-02
   7.611940e-01  6.744516e-02
   7.627861e-01  6.710088e-02
   7.643781e-01  6.686527e-02
   7.659702e-01  6.663328e-02
   7.675622e-01  6.637764e-02
   7.691542e-01  6.614041e-02
   7.707463e-01  6.589973e-02
   7.723383e-01  6.561601e-02
   7.739303e-01  6.531960e-02
   7.755224e-01  6.492442e-02
   7.771144e-01  6.451178e-02
   7.787065e-01  6.425661e-02
   7.802985e-01  6.395382e-02
   7.818905e-01  6.361139e-02
   7.834826e-01  6.328672e-02
   7.850746e-01  6.286263e-02
   7.866667e-01  6.246042e-02
   7.882587e-01  6.214744e-02
   7.898508e-01  6.185400e-02
   7.914428e-01  6.161052e-02
   7.930348e-01  6.144410e-02
   7.946269e-01  6.123751e-02
   7.962189e-01  6.103724e-02
   7.978110e-01  6.085730e-02
   7.994030e-01  6.058365e-02
   8.009950e-01  6.024998e-02
   8.025871e-01  5.993992e-02
   8.041791e-01  5.960327e-02
   8.057711e-01  5.927191e-02
   8.073632e-01  5.895397e-02
   8.089552e-01  5.868126e-02
   8.105473e-01  5.840988e-02
   8.121393e-01  5.806303e-02
   8.137313e-01  5.774559e-02
   8.153234e-01  5.744472e-02
   8.169154e-01  5.716738e-02
   8.185075e-01  5.690597e-02
   8.200995e-01  5.670296e-02
   8.216915e-01  5.654399e-02
   8.232836e-01  5.630770e-02
   8.248756e-01  5.605287e-02
   8.264677e-01  5.581016e-02
   8.280597e-01  5.554362e-02
   8.296517e-01  5.527005e-02
   8.312438e-01  5.503498e-02
   8.328358e-01  5.467783e-02
   8.344279e-01  5.430896e-02
   8.360199e-01  5.401845e-02
   8.376119e-01  5.375991e-02
   8.392040e-01  5.352669e-02
   8.407960e-01  5.332241e-02
   8.423881e-01  5.314339e-02
   8.439801e-01  5.291968e-02
   8.455721e-01  5.266107e-02
   8.471642e-01  5.241137e-02
   8.487562e-01  5.212938e-02
   8.503483e-01  5.196538e-02
   8.519403e-01  5.180262e-02
   8.535323e-01  5.147300e-02
   8.551244e-01  5.112948e-02
   8.567164e-01  5.081327e-02
   8.583085e-01  5.056179e-02
   8.599005e-01  5.033510e-02
   8.614925e-01  5.010686e-02
   8.630846e-01  4.996363e-02
   8.646766e-01  4.978263e-02
   8.662687e-01  4.958752e-02
   8.678607e-01  4.939910e-02
   8.694527e-01  4.919631e-02
   8.710448e-01  4.891528e-02
   8.726368e-01  4.863685e-02
   8.742289e-01  4.835837e-02
   8.758209e-01  4.811037e-02
   8.774129e-01  4.788164e-02
   8.790050e-01  4.762416e-02
   8.805970e-01  4.737324e-02
   8.821891e-01  4.714909e-02
   8.837811e-01  4.695118e-02
   8.853731e-01  4.680929e-02
   8.869652e-01  4.655748e-02
   8.885572e-01  4.635252e-02
   8.901493e-01  4.612104e-02
   8.917413e-01  4.587241e-02
   8.933333e-01  4.565486e-02
   8.949254e-01  4.545107e-02
   8.965174e-01  4.518862e-02
   8.981094e-01  4.500817e-02
   8.997015e-01  4.480530e-02
   9.012935e-01  4.456660e-02
   9.028856e-01  4.434345e-02
   9.044776e-01  4.414582e-02
   9.060696e-01  4.397115e-02
   9.076617e-01  4.386935e-02
   9.092537e-01  4.369081e-02
   9.108458e-01  4.337318e-02
   9.124378e-01  4.316729e-02
   9.140299e-01  4.295998e-02
   9.156219e-01  4.277350e-02
   9.172139e-01  4.258592e-02
   9.188060e-01  4.238030e-02
   9.203980e-01  4.221842e-02
   9.219901e-01  4.205877e-02
   9.235821e-01  4.185216e-02
   9.251741e-01  4.167752e-02
   9.267662e-01  4.147533e-02
   9.283582e-01  4.121397e-02
   9.299502e-01  4.102054e-02
   9.315423e-01  4.082257e-02
   9.331343e-01  4.061911e-02
   9.347264e-01  4.044299e-02
   9.363184e-01  4.016644e-02
   9.379104e-01  4.002419e-02
   9.395025e-01  3.985647e-02
   9.410945e-01  3.965490e-02
   9.426866e-01  3.954011e-02
   9.442786e-01  3.938552e-02
   9.458707e-01  3.920366e-02
   9.474627e-01  3.901722e-02
   9.490547e-01  3.887031e-02
   9.506468e-01  3.867581e-02
   9.522388e-01  3.844587e-02
   9.538309e-01  3.821185e-02
   9.554229e-01  3.804886e-02
   9.570149e-01  3.788029e-02
   9.586070e-01  3.771030e-02
   9.601990e-01  3.757388e-02
   9.617910e-01  3.747178e-02
   9.633831e-01  3.734293e-02
   9.649751e-01  3.714668e-02
   9.665672e-01  3.696268e-02
   9.681592e-01  3.679704e-02
   9.697512e-01  3.662677e-02
   9.713433e-01  3.643072e-02
   9.729353e-01  3.625035e-02
   9.745274e-01  3.610610e-02
   9.761194e-01  3.597181e-02
   9.777114e-01  3.584176e-02
   9.793035e-01  3.571503e-02
   9.808955e-01  3.550850e-02
   9.824876e-01  3.527985e-02
   9.840796e-01  3.514630e-02
   9.856716e-01  3.504504e-02
   9.872637e-01  3.487552e-02
   9.888557e-01  3.469687e-02
   9.904478e-01  3.455313e-02
   9.920398e-01  3.441014e-02
   9.936318e-01  3.425600e-02
   9.952239e-01  3.407347e-02
   9.968159e-01  3.386735e-02
   9.984080e-01  3.366327e-02
   1.000000e+00  3.350855e-02
