#       Stellar_Mass      GSMF_Aperture  GSMF_Aperture_err      GSMF_UM_z0.25      GSMF_UM_z0.24 GSMF_Trinity_z0.10 GSMF_Trinity_z0.70
        3.611539e+08       0.000000e+00       0.000000e+00       6.839180e-02       6.868672e-02       6.071089e-02                nan
        4.710608e+08       0.000000e+00       0.000000e+00       6.054462e-02       6.098967e-02       5.399614e-02                nan
        6.144146e+08       0.000000e+00       0.000000e+00       5.361665e-02       5.398206e-02       4.824535e-02                nan
        8.013941e+08       0.000000e+00       0.000000e+00       4.702506e-02       4.724423e-02       4.322578e-02                nan
        1.045275e+09       4.132589e-06       1.461091e-06       4.207555e-02       4.224499e-02       3.885556e-02                nan
        1.363375e+09       4.597505e-05       4.873345e-06       3.738160e-02       3.754100e-02       3.505722e-02                nan
        1.778279e+09       3.708998e-04       1.384186e-05       3.328399e-02       3.352594e-02       3.174312e-02                nan
        2.319448e+09       1.349652e-02       8.349817e-05       2.996973e-02       3.018193e-02       2.878442e-02       2.373646e-02
        3.025305e+09       2.335223e-02       1.098323e-04       2.725449e-02       2.735108e-02       2.618396e-02       2.161240e-02
        3.945971e+09       2.094448e-02       1.040162e-04       2.504464e-02       2.513914e-02       2.411884e-02       2.022700e-02
        5.146814e+09       1.990875e-02       1.014117e-04       2.299537e-02       2.310495e-02       2.230251e-02       1.854794e-02
        6.713099e+09       1.835593e-02       9.737652e-05       2.148164e-02       2.155635e-02       2.040931e-02       1.713067e-02
        8.756039e+09       1.721843e-02       9.431112e-05       2.011278e-02       2.014052e-02       1.908512e-02       1.588337e-02
        1.142069e+10       1.608662e-02       9.115877e-05       1.899411e-02       1.895400e-02       1.828264e-02       1.503604e-02
        1.489625e+10       1.574568e-02       9.018759e-05       1.789230e-02       1.790185e-02       1.733804e-02       1.414290e-02
        1.942950e+10       1.514232e-02       8.844277e-05       1.680025e-02       1.692750e-02       1.575099e-02       1.353070e-02
        2.534231e+10       1.476987e-02       8.734830e-05       1.564224e-02       1.568834e-02       1.468405e-02       1.302097e-02
        3.305451e+10       1.406527e-02       8.523934e-05       1.437686e-02       1.434404e-02       1.338996e-02       1.107637e-02
        4.311371e+10       1.253208e-02       8.045955e-05       1.261125e-02       1.262114e-02       1.260752e-02       9.641543e-03
        5.623413e+10       1.065226e-02       7.418004e-05       1.062782e-02       1.064049e-02       1.040556e-02       8.481183e-03
        7.334738e+10       8.297205e-03       6.546844e-05       8.359557e-03       8.322769e-03       8.164184e-03       6.604919e-03
        9.566856e+10       6.076972e-03       5.602859e-05       6.166077e-03       6.127439e-03       6.302672e-03       4.732042e-03
        1.247825e+11       4.149636e-03       4.629894e-05       4.004648e-03       3.984562e-03       4.282116e-03       3.153478e-03
        1.627565e+11       2.585451e-03       3.654553e-05       2.610644e-03       2.610186e-03       2.591158e-03       1.927471e-03
        2.122868e+11       1.570384e-03       2.848190e-05       1.421999e-03       1.435874e-03       1.530887e-03       1.039799e-03
        2.768903e+11       8.926392e-04       2.147356e-05       8.211541e-04       8.318423e-04       7.490421e-04       5.064078e-04
        3.611539e+11       4.525185e-04       1.528918e-05       4.126886e-04       4.182228e-04       3.436191e-04       2.181285e-04
        4.710608e+11       2.247095e-04       1.077400e-05       1.966020e-04       1.950150e-04       1.335120e-04       8.094959e-05
        6.144146e+11       8.730094e-05       6.715457e-06       9.373749e-05       9.235686e-05       4.429501e-05                nan
        8.013941e+11       2.996127e-05       3.934107e-06       2.713733e-05       2.808691e-05       1.269432e-05                nan
        1.045275e+12       1.084805e-05       2.367238e-06       1.289398e-05       1.309390e-05       3.506112e-06                nan
        1.363375e+12       5.165736e-07       5.165736e-07       2.473845e-06       2.148997e-06       8.537634e-07                nan
        1.778279e+12       1.033147e-06       7.305454e-07       9.745445e-07       6.496969e-07       1.804875e-07                nan
        2.319448e+12       0.000000e+00       0.000000e+00       2.186474e-07       0.000000e+00                nan                nan
        3.025305e+12       0.000000e+00       0.000000e+00       3.123535e-08       0.000000e+00                nan                nan
        3.945971e+12       0.000000e+00       0.000000e+00       0.000000e+00       0.000000e+00                nan                nan
        5.146814e+12       0.000000e+00       0.000000e+00       0.000000e+00       0.000000e+00                nan                nan
        6.713099e+12       0.000000e+00       0.000000e+00       0.000000e+00       0.000000e+00                nan                nan
        8.756039e+12       0.000000e+00       0.000000e+00       0.000000e+00       0.000000e+00                nan                nan
