#       Stellar_Mass      GSMF_Aperture  GSMF_Aperture_err      GSMF_UM_z0.11      GSMF_UM_z0.10 GSMF_Trinity_z0.10
        3.611539e+08       0.000000e+00       0.000000e+00       7.245438e-02       7.270440e-02       6.071089e-02
        4.710608e+08       0.000000e+00       0.000000e+00       6.462490e-02       6.482612e-02       5.399614e-02
        6.144146e+08       0.000000e+00       0.000000e+00       5.736105e-02       5.758316e-02       4.824535e-02
        8.013941e+08       5.165736e-07       5.165736e-07       5.032238e-02       5.058179e-02       4.322578e-02
        1.045275e+09       4.132589e-06       1.461091e-06       4.482172e-02       4.497944e-02       3.885556e-02
        1.363375e+09       6.302198e-05       5.705742e-06       3.966723e-02       3.977326e-02       3.505722e-02
        1.778279e+09       4.613002e-04       1.543682e-05       3.532046e-02       3.549149e-02       3.174312e-02
        2.319448e+09       1.474353e-02       8.727036e-05       3.165495e-02       3.178267e-02       2.878442e-02
        3.025305e+09       2.340853e-02       1.099647e-04       2.851042e-02       2.851198e-02       2.618396e-02
        3.945971e+09       2.142231e-02       1.051960e-04       2.604833e-02       2.609694e-02       2.411884e-02
        5.146814e+09       2.046251e-02       1.028124e-04       2.378057e-02       2.389116e-02       2.230251e-02
        6.713099e+09       1.893087e-02       9.888978e-05       2.203333e-02       2.202848e-02       2.040931e-02
        8.756039e+09       1.801344e-02       9.646381e-05       2.045087e-02       2.039180e-02       1.908512e-02
        1.142069e+10       1.685270e-02       9.330412e-05       1.915304e-02       1.914551e-02       1.828264e-02
        1.489625e+10       1.636505e-02       9.194429e-05       1.793200e-02       1.793637e-02       1.733804e-02
        1.942950e+10       1.607164e-02       9.111632e-05       1.675541e-02       1.674873e-02       1.575099e-02
        2.534231e+10       1.570280e-02       9.006472e-05       1.552014e-02       1.553479e-02       1.468405e-02
        3.305451e+10       1.508395e-02       8.827213e-05       1.420680e-02       1.423262e-02       1.338996e-02
        4.311371e+10       1.357090e-02       8.372796e-05       1.253564e-02       1.250391e-02       1.260752e-02
        5.623413e+10       1.149841e-02       7.706994e-05       1.060607e-02       1.056334e-02       1.040556e-02
        7.334738e+10       8.654674e-03       6.686386e-05       8.338568e-03       8.345693e-03       8.164184e-03
        9.566856e+10       6.240209e-03       5.677611e-05       6.180729e-03       6.187075e-03       6.302672e-03
        1.247825e+11       4.079898e-03       4.590825e-05       4.069889e-03       4.053753e-03       4.282116e-03
        1.627565e+11       2.589067e-03       3.657108e-05       2.696588e-03       2.708142e-03       2.591158e-03
        2.122868e+11       1.552820e-03       2.832218e-05       1.526655e-03       1.554817e-03       1.530887e-03
        2.768903e+11       9.329319e-04       2.195286e-05       9.413674e-04       9.440394e-04       7.490421e-04
        3.611539e+11       4.618168e-04       1.544546e-05       5.173470e-04       5.124286e-04       3.436191e-04
        4.710608e+11       2.360741e-04       1.104308e-05       2.545940e-04       2.599847e-04       1.335120e-04
        6.144146e+11       9.453297e-05       6.988078e-06       1.292023e-04       1.336938e-04       4.429501e-05
        8.013941e+11       4.029274e-05       4.562254e-06       4.759024e-05       4.796500e-05       1.269432e-05
        1.045275e+12       1.188119e-05       2.477400e-06       2.322664e-05       2.510074e-05       3.506112e-06
        1.363375e+12       5.165736e-07       5.165736e-07       5.160101e-06       7.690159e-06       8.537634e-07
        1.778279e+12       1.033147e-06       7.305454e-07       1.786668e-06       3.004848e-06       1.804875e-07
        2.319448e+12       0.000000e+00       0.000000e+00       3.248476e-07       6.559445e-07                nan
        3.025305e+12       0.000000e+00       0.000000e+00       3.248476e-07       9.370636e-08                nan
        3.945971e+12       0.000000e+00       0.000000e+00       1.686709e-07       0.000000e+00                nan
        5.146814e+12       0.000000e+00       0.000000e+00       0.000000e+00       0.000000e+00                nan
        6.713099e+12       0.000000e+00       0.000000e+00       0.000000e+00       0.000000e+00                nan
        8.756039e+12       0.000000e+00       0.000000e+00       0.000000e+00       0.000000e+00                nan
