#       Stellar_Mass      GSMF_Aperture  GSMF_Aperture_err      GSMF_UM_z2.04      GSMF_UM_z1.99 GSMF_Trinity_z2.00 GSMF_Trinity_z3.00
        3.611539e+08       0.000000e+00       0.000000e+00       4.372618e-02       4.399860e-02                nan                nan
        4.710608e+08       0.000000e+00       0.000000e+00       3.741510e-02       3.768417e-02                nan                nan
        6.144146e+08       0.000000e+00       0.000000e+00       3.217515e-02       3.262191e-02                nan                nan
        8.013941e+08       0.000000e+00       0.000000e+00       2.730379e-02       2.796276e-02                nan                nan
        1.045275e+09       0.000000e+00       0.000000e+00       2.366800e-02       2.394221e-02                nan                nan
        1.363375e+09       2.582868e-06       1.155094e-06       2.020987e-02       2.026990e-02                nan                nan
        1.778279e+09       3.874302e-05       4.473659e-06       1.716629e-02       1.741018e-02       1.444931e-02                nan
        2.319448e+09       5.514423e-03       5.337233e-05       1.461781e-02       1.491960e-02       1.226697e-02                nan
        3.025305e+09       1.376255e-02       8.431709e-05       1.244795e-02       1.271131e-02       1.042520e-02                nan
        3.945971e+09       1.244787e-02       8.018879e-05       1.073147e-02       1.094360e-02       8.905113e-03                nan
        5.146814e+09       1.130211e-02       7.640925e-05       9.142387e-03       9.308130e-03       7.597802e-03                nan
        6.713099e+09       9.944558e-03       7.167354e-05       7.883728e-03       8.069718e-03       6.472614e-03                nan
        8.756039e+09       8.663972e-03       6.689977e-05       6.769925e-03       6.969352e-03       5.557103e-03                nan
        1.142069e+10       7.509947e-03       6.228515e-05       5.906326e-03       6.107429e-03       4.811673e-03                nan
        1.489625e+10       6.443222e-03       5.769227e-05       5.181713e-03       5.399463e-03       4.095156e-03                nan
        1.942950e+10       5.378564e-03       5.271076e-05       4.537567e-03       4.780629e-03       3.435826e-03                nan
        2.534231e+10       4.324754e-03       4.726578e-05       4.036799e-03       4.249000e-03       2.988144e-03                nan
        3.305451e+10       3.475507e-03       4.237163e-05       3.549308e-03       3.725746e-03       2.535724e-03                nan
        4.311371e+10       2.798796e-03       3.802347e-05       3.048549e-03       3.195929e-03       2.105532e-03                nan
        5.623413e+10       2.048731e-03       3.253183e-05       2.523666e-03       2.666356e-03       1.738328e-03                nan
        7.334738e+10       1.599828e-03       2.874768e-05       1.967238e-03       2.137102e-03       1.340178e-03       6.934622e-04
        9.566856e+10       1.150926e-03       2.438315e-05       1.476929e-03       1.591189e-03       9.720267e-04       5.016319e-04
        1.247825e+11       8.244514e-04       2.063710e-05       1.014957e-03       1.038135e-03       6.548051e-04       3.381128e-04
        1.627565e+11       5.677144e-04       1.712502e-05       6.441108e-04       6.704132e-04       4.324598e-04       2.198311e-04
        2.122868e+11       3.373226e-04       1.320045e-05       3.269590e-04       3.552601e-04       2.765151e-04       1.405065e-04
        2.768903e+11       1.844168e-04       9.760371e-06       1.759050e-04       1.918358e-04                nan       8.292514e-05
        3.611539e+11       8.420149e-05       6.595170e-06       7.732633e-05       8.416701e-05                nan       4.554194e-05
        4.710608e+11       4.442533e-05       4.790506e-06       3.122292e-05       3.225370e-05                nan       2.173592e-05
        6.144146e+11       2.427896e-05       3.541450e-06       1.213184e-05       1.223804e-05                nan                nan
        8.013941e+11       9.814898e-06       2.251692e-06       1.593006e-06       2.230210e-06                nan                nan
        1.045275e+12       1.033147e-06       7.305454e-07       6.559436e-07       9.183219e-07                nan                nan
        1.363375e+12       5.165736e-07       5.165736e-07       0.000000e+00       0.000000e+00                nan                nan
        1.778279e+12       0.000000e+00       0.000000e+00       0.000000e+00       0.000000e+00                nan                nan
        2.319448e+12       0.000000e+00       0.000000e+00       0.000000e+00       0.000000e+00                nan                nan
        3.025305e+12       0.000000e+00       0.000000e+00       0.000000e+00       0.000000e+00                nan                nan
        3.945971e+12       0.000000e+00       0.000000e+00       0.000000e+00       0.000000e+00                nan                nan
        5.146814e+12       0.000000e+00       0.000000e+00       0.000000e+00       0.000000e+00                nan                nan
        6.713099e+12       0.000000e+00       0.000000e+00       0.000000e+00       0.000000e+00                nan                nan
        8.756039e+12       0.000000e+00       0.000000e+00       0.000000e+00       0.000000e+00                nan                nan
