#       Stellar_Mass      GSMF_Aperture  GSMF_Aperture_err      GSMF_UM_z0.01      GSMF_UM_z0.00 GSMF_Trinity_z0.10
        3.611539e+08       0.000000e+00       0.000000e+00       7.535296e-02       7.554533e-02       6.071089e-02
        4.710608e+08       0.000000e+00       0.000000e+00       6.740018e-02       6.764860e-02       5.399614e-02
        6.144146e+08       0.000000e+00       0.000000e+00       5.993163e-02       6.019813e-02       4.824535e-02
        8.013941e+08       0.000000e+00       0.000000e+00       5.265777e-02       5.292531e-02       4.322578e-02
        1.045275e+09       4.132589e-06       1.461091e-06       4.675628e-02       4.686568e-02       3.885556e-02
        1.363375e+09       6.767114e-05       5.912455e-06       4.122911e-02       4.123693e-02       3.505722e-02
        1.778279e+09       5.176067e-04       1.635182e-05       3.657538e-02       3.661356e-02       3.174312e-02
        2.319448e+09       1.556798e-02       8.967723e-05       3.262663e-02       3.262295e-02       2.878442e-02
        3.025305e+09       2.353458e-02       1.102603e-04       2.921697e-02       2.911621e-02       2.618396e-02
        3.945971e+09       2.178701e-02       1.060877e-04       2.647815e-02       2.653644e-02       2.411884e-02
        5.146814e+09       2.075334e-02       1.035405e-04       2.394908e-02       2.417584e-02       2.230251e-02
        6.713099e+09       1.950892e-02       1.003882e-04       2.210025e-02       2.211937e-02       2.040931e-02
        8.756039e+09       1.840810e-02       9.751481e-05       2.041710e-02       2.033434e-02       1.908512e-02
        1.142069e+10       1.760844e-02       9.537325e-05       1.902013e-02       1.901814e-02       1.828264e-02
        1.489625e+10       1.682997e-02       9.324117e-05       1.775562e-02       1.773173e-02       1.733804e-02
        1.942950e+10       1.655463e-02       9.247533e-05       1.656782e-02       1.646257e-02       1.575099e-02
        2.534231e+10       1.630048e-02       9.176272e-05       1.530830e-02       1.525971e-02       1.468405e-02
        3.305451e+10       1.574826e-02       9.019499e-05       1.397538e-02       1.398087e-02       1.338996e-02
        4.311371e+10       1.413242e-02       8.544258e-05       1.231529e-02       1.228533e-02       1.260752e-02
        5.623413e+10       1.176393e-02       7.795470e-05       1.043454e-02       1.040789e-02       1.040556e-02
        7.334738e+10       8.809129e-03       6.745787e-05       8.265234e-03       8.292561e-03       8.164184e-03
        9.566856e+10       6.180803e-03       5.650522e-05       6.172292e-03       6.211483e-03       6.302672e-03
        1.247825e+11       4.034956e-03       4.565470e-05       4.112077e-03       4.145085e-03       4.282116e-03
        1.627565e+11       2.569954e-03       3.643584e-05       2.767265e-03       2.779782e-03       2.591158e-03
        2.122868e+11       1.539906e-03       2.820416e-05       1.615395e-03       1.613748e-03       1.530887e-03
        2.768903e+11       9.386142e-04       2.201961e-05       1.016424e-03       1.023023e-03       7.490421e-04
        3.611539e+11       4.628499e-04       1.546273e-05       5.789101e-04       5.848524e-04       3.436191e-04
        4.710608e+11       2.340078e-04       1.099465e-05       3.028523e-04       2.992355e-04       1.335120e-04
        6.144146e+11       1.079639e-04       7.468018e-06       1.611374e-04       1.585949e-04       4.429501e-05
        8.013941e+11       3.822645e-05       4.443734e-06       6.270832e-05       6.430135e-05       1.269432e-05
        1.045275e+12       1.291434e-05       2.582868e-06       3.384674e-05       3.450270e-05       3.506112e-06
        1.363375e+12       2.066294e-06       1.033147e-06       1.133847e-05       1.145092e-05       8.537634e-07
        1.778279e+12       5.165736e-07       5.165736e-07       3.654547e-06       4.141821e-06       1.804875e-07
        2.319448e+12       0.000000e+00       0.000000e+00       3.248476e-07       7.621447e-07                nan
        3.025305e+12       0.000000e+00       0.000000e+00       3.248476e-07       3.873186e-07                nan
        3.945971e+12       0.000000e+00       0.000000e+00       1.686709e-07       1.686709e-07                nan
        5.146814e+12       0.000000e+00       0.000000e+00       0.000000e+00       0.000000e+00                nan
        6.713099e+12       0.000000e+00       0.000000e+00       0.000000e+00       0.000000e+00                nan
        8.756039e+12       0.000000e+00       0.000000e+00       0.000000e+00       0.000000e+00                nan
