#       Stellar_Mass      GSMF_Aperture  GSMF_Aperture_err      GSMF_UM_z0.51      GSMF_UM_z0.50 GSMF_Trinity_z0.10 GSMF_Trinity_z0.70
        3.611539e+08       0.000000e+00       0.000000e+00       6.163986e-02       6.196104e-02       6.071089e-02                nan
        4.710608e+08       0.000000e+00       0.000000e+00       5.422183e-02       5.442343e-02       5.399614e-02                nan
        6.144146e+08       0.000000e+00       0.000000e+00       4.789408e-02       4.800137e-02       4.824535e-02                nan
        8.013941e+08       0.000000e+00       0.000000e+00       4.194261e-02       4.197084e-02       4.322578e-02                nan
        1.045275e+09       3.616015e-06       1.366725e-06       3.728031e-02       3.744842e-02       3.885556e-02                nan
        1.363375e+09       2.996127e-05       3.934107e-06       3.296382e-02       3.321507e-02       3.505722e-02                nan
        1.778279e+09       2.407233e-04       1.115129e-05       2.945421e-02       2.965620e-02       3.174312e-02                nan
        2.319448e+09       1.152889e-02       7.717201e-05       2.654089e-02       2.673564e-02       2.878442e-02       2.373646e-02
        3.025305e+09       2.337341e-02       1.098821e-04       2.408355e-02       2.430320e-02       2.618396e-02       2.161240e-02
        3.945971e+09       2.041654e-02       1.026969e-04       2.227526e-02       2.249345e-02       2.411884e-02       2.022700e-02
        5.146814e+09       1.921447e-02       9.962775e-05       2.065298e-02       2.084753e-02       2.230251e-02       1.854794e-02
        6.713099e+09       1.761258e-02       9.538444e-05       1.953638e-02       1.955533e-02       2.040931e-02       1.713067e-02
        8.756039e+09       1.640638e-02       9.206031e-05       1.849894e-02       1.844364e-02       1.908512e-02       1.588337e-02
        1.142069e+10       1.538408e-02       8.914599e-05       1.759822e-02       1.764376e-02       1.828264e-02       1.503604e-02
        1.489625e+10       1.448834e-02       8.651181e-05       1.679116e-02       1.689801e-02       1.733804e-02       1.414290e-02
        1.942950e+10       1.401206e-02       8.507796e-05       1.603833e-02       1.618359e-02       1.575099e-02       1.353070e-02
        2.534231e+10       1.313233e-02       8.236393e-05       1.501377e-02       1.511614e-02       1.468405e-02       1.302097e-02
        3.305451e+10       1.208421e-02       7.900874e-05       1.386055e-02       1.391033e-02       1.338996e-02       1.107637e-02
        4.311371e+10       1.057943e-02       7.392599e-05       1.221507e-02       1.220882e-02       1.260752e-02       9.641543e-03
        5.623413e+10       9.103576e-03       6.857600e-05       1.029054e-02       1.027374e-02       1.040556e-02       8.481183e-03
        7.334738e+10       7.213434e-03       6.104318e-05       8.001114e-03       8.033221e-03       8.164184e-03       6.604919e-03
        9.566856e+10       5.638917e-03       5.397143e-05       5.850349e-03       5.882827e-03       6.302672e-03       4.732042e-03
        1.247825e+11       3.927509e-03       4.504273e-05       3.759010e-03       3.771056e-03       4.282116e-03       3.153478e-03
        1.627565e+11       2.543608e-03       3.624860e-05       2.383461e-03       2.391568e-03       2.591158e-03       1.927471e-03
        2.122868e+11       1.476367e-03       2.761616e-05       1.217525e-03       1.223924e-03       1.530887e-03       1.039799e-03
        2.768903e+11       8.244514e-04       2.063710e-05       6.592228e-04       6.693688e-04       7.490421e-04       5.064078e-04
        3.611539e+11       4.204909e-04       1.473820e-05       2.966733e-04       3.042887e-04       3.436191e-04       2.181285e-04
        4.710608e+11       1.818339e-04       9.691780e-06       1.298767e-04       1.286835e-04       1.335120e-04       8.094959e-05
        6.144146e+11       7.232030e-05       6.112181e-06       5.532416e-05       5.408722e-05       4.429501e-05                nan
        8.013941e+11       2.686183e-05       3.725065e-06       1.021397e-05       1.150714e-05       1.269432e-05                nan
        1.045275e+12       7.748604e-06       2.000681e-06       4.779016e-06       5.884757e-06       3.506112e-06                nan
        1.363375e+12       1.033147e-06       7.305454e-07       8.058747e-07       1.611747e-06       8.537634e-07                nan
        1.778279e+12       5.165736e-07       5.165736e-07       2.436365e-07       4.872722e-07       1.804875e-07                nan
        2.319448e+12       0.000000e+00       0.000000e+00       0.000000e+00       0.000000e+00                nan                nan
        3.025305e+12       0.000000e+00       0.000000e+00       0.000000e+00       0.000000e+00                nan                nan
        3.945971e+12       0.000000e+00       0.000000e+00       0.000000e+00       0.000000e+00                nan                nan
        5.146814e+12       0.000000e+00       0.000000e+00       0.000000e+00       0.000000e+00                nan                nan
        6.713099e+12       0.000000e+00       0.000000e+00       0.000000e+00       0.000000e+00                nan                nan
        8.756039e+12       0.000000e+00       0.000000e+00       0.000000e+00       0.000000e+00                nan                nan
