#       Stellar_Mass      GSMF_Aperture  GSMF_Aperture_err      GSMF_UM_z1.02      GSMF_UM_z1.00 GSMF_Trinity_z0.70 GSMF_Trinity_z1.00
        3.611539e+08       0.000000e+00       0.000000e+00       5.316793e-02       5.352647e-02                nan       4.698947e-02
        4.710608e+08       0.000000e+00       0.000000e+00       4.642603e-02       4.652082e-02                nan       4.130734e-02
        6.144146e+08       0.000000e+00       0.000000e+00       4.068058e-02       4.078238e-02                nan       3.636707e-02
        8.013941e+08       0.000000e+00       0.000000e+00       3.527683e-02       3.546312e-02                nan       3.228177e-02
        1.045275e+09       5.165736e-07       5.165736e-07       3.098716e-02       3.111547e-02                nan       2.874956e-02
        1.363375e+09       1.446406e-05       2.733450e-06       2.699008e-02       2.712654e-02                nan       2.572098e-02
        1.778279e+09       1.033147e-04       7.305454e-06       2.367569e-02       2.397463e-02                nan       2.313249e-02
        2.319448e+09       9.025057e-03       6.827962e-05       2.093021e-02       2.123042e-02       2.373646e-02       2.078823e-02
        3.025305e+09       2.094654e-02       1.040213e-04       1.861978e-02       1.879798e-02       2.161240e-02       1.896584e-02
        3.945971e+09       1.974964e-02       1.010057e-04       1.688863e-02       1.699245e-02       2.022700e-02       1.715923e-02
        5.146814e+09       1.792820e-02       9.623532e-05       1.532717e-02       1.538257e-02       1.854794e-02       1.586742e-02
        6.713099e+09       1.641051e-02       9.207191e-05       1.425029e-02       1.440503e-02       1.713067e-02       1.444771e-02
        8.756039e+09       1.477710e-02       8.736968e-05       1.334939e-02       1.358733e-02       1.588337e-02       1.347912e-02
        1.142069e+10       1.356729e-02       8.371680e-05       1.275248e-02       1.304570e-02       1.503604e-02       1.259301e-02
        1.489625e+10       1.239467e-02       8.001723e-05       1.226264e-02       1.252378e-02       1.414290e-02       1.129707e-02
        1.942950e+10       1.112028e-02       7.579210e-05       1.183478e-02       1.201328e-02       1.353070e-02       1.123237e-02
        2.534231e+10       9.997765e-03       7.186502e-05       1.126287e-02       1.136884e-02       1.302097e-02       1.008009e-02
        3.305451e+10       8.635561e-03       6.678999e-05       1.057603e-02       1.063095e-02       1.107637e-02       9.057745e-03
        4.311371e+10       7.316748e-03       6.147877e-05       9.394598e-03       9.500294e-03       9.641543e-03       7.697425e-03
        5.623413e+10       6.154974e-03       5.638703e-05       7.997780e-03       8.141425e-03       8.481183e-03       6.483100e-03
        7.334738e+10       4.996816e-03       5.080574e-05       6.319308e-03       6.484131e-03       6.604919e-03       5.196158e-03
        9.566856e+10       4.060785e-03       4.580059e-05       4.624701e-03       4.746559e-03       4.732042e-03       3.797536e-03
        1.247825e+11       3.020922e-03       3.950353e-05       2.923179e-03       2.974581e-03       3.153478e-03       2.493788e-03
        1.627565e+11       2.015670e-03       3.226828e-05       1.809000e-03       1.835045e-03       1.927471e-03                nan
        2.122868e+11       1.201550e-03       2.491363e-05       8.676022e-04       8.744807e-04       1.039799e-03                nan
        2.768903e+11       5.940596e-04       1.751786e-05       4.273695e-04       4.303122e-04       5.064078e-04                nan
        3.611539e+11       2.846320e-04       1.212573e-05       1.563707e-04       1.565957e-04       2.181285e-04                nan
        4.710608e+11       1.244942e-04       8.019379e-06       5.460574e-05       5.333136e-05       8.094959e-05                nan
        6.144146e+11       4.029274e-05       4.562254e-06       1.850386e-05       1.759803e-05                nan                nan
        8.013941e+11       1.653035e-05       2.922181e-06       2.867411e-06       2.867411e-06                nan                nan
        1.045275e+12       5.682309e-06       1.713281e-06       1.180699e-06       1.180699e-06                nan                nan
        1.363375e+12       5.165736e-07       5.165736e-07       0.000000e+00       0.000000e+00                nan                nan
        1.778279e+12       0.000000e+00       0.000000e+00       0.000000e+00       0.000000e+00                nan                nan
        2.319448e+12       0.000000e+00       0.000000e+00       0.000000e+00       0.000000e+00                nan                nan
        3.025305e+12       0.000000e+00       0.000000e+00       0.000000e+00       0.000000e+00                nan                nan
        3.945971e+12       0.000000e+00       0.000000e+00       0.000000e+00       0.000000e+00                nan                nan
        5.146814e+12       0.000000e+00       0.000000e+00       0.000000e+00       0.000000e+00                nan                nan
        6.713099e+12       0.000000e+00       0.000000e+00       0.000000e+00       0.000000e+00                nan                nan
        8.756039e+12       0.000000e+00       0.000000e+00       0.000000e+00       0.000000e+00                nan                nan
