#          log_halo_mass  log_halo_mass_bin_low log_halo_mass_bin_high              fgas_mean             fgas_sigma            fgas_median             fgas_0.05p             fgas_0.95p
            1.205000e+01           1.200000e+01           1.210000e+01           1.342994e-01           3.077927e-02           1.425000e-01           6.750000e-02           1.695000e-01
            1.215000e+01           1.210000e+01           1.220000e+01           1.261359e-01           3.295074e-02           1.365000e-01           5.850000e-02           1.635000e-01
            1.225000e+01           1.220000e+01           1.230000e+01           1.194666e-01           3.351809e-02           1.275000e-01           5.250000e-02           1.605000e-01
            1.235000e+01           1.230000e+01           1.240000e+01           1.140976e-01           3.335839e-02           1.215000e-01           4.950000e-02           1.545000e-01
            1.245000e+01           1.240000e+01           1.250000e+01           1.098437e-01           3.337165e-02           1.155000e-01           4.650000e-02           1.515000e-01
            1.255000e+01           1.250000e+01           1.260000e+01           1.083057e-01           3.171757e-02           1.155000e-01           4.650000e-02           1.485000e-01
            1.265000e+01           1.260000e+01           1.270000e+01           1.068246e-01           3.047444e-02           1.125000e-01           4.650000e-02           1.455000e-01
            1.275000e+01           1.270000e+01           1.280000e+01           1.057898e-01           2.925758e-02           1.125000e-01           4.650000e-02           1.425000e-01
            1.285000e+01           1.280000e+01           1.290000e+01           1.063482e-01           2.759237e-02           1.125000e-01           5.550000e-02           1.425000e-01
            1.295000e+01           1.290000e+01           1.300000e+01           1.092804e-01           2.494752e-02           1.155000e-01           6.150000e-02           1.395000e-01
            1.305000e+01           1.300000e+01           1.310000e+01           1.083419e-01           2.339071e-02           1.125000e-01           6.450000e-02           1.395000e-01
            1.315000e+01           1.310000e+01           1.320000e+01           1.112222e-01           2.182782e-02           1.155000e-01           6.750000e-02           1.395000e-01
            1.325000e+01           1.320000e+01           1.330000e+01           1.123897e-01           2.073709e-02           1.155000e-01           7.350000e-02           1.395000e-01
            1.335000e+01           1.330000e+01           1.340000e+01           1.133307e-01           1.902605e-02           1.185000e-01           7.950000e-02           1.395000e-01
            1.345000e+01           1.340000e+01           1.350000e+01           1.201116e-01           1.707985e-02           1.245000e-01           8.550000e-02           1.425000e-01
            1.355000e+01           1.350000e+01           1.360000e+01           1.236514e-01           1.529609e-02           1.275000e-01           9.450000e-02           1.425000e-01
            1.365000e+01           1.360000e+01           1.370000e+01           1.235439e-01           1.197528e-02           1.245000e-01           1.035000e-01           1.425000e-01
            1.375000e+01           1.370000e+01           1.380000e+01           1.256380e-01           9.417972e-03           1.245000e-01           1.095000e-01           1.425000e-01
            1.385000e+01           1.380000e+01           1.390000e+01           1.313096e-01           9.431231e-03           1.335000e-01           1.155000e-01           1.455000e-01
            1.395000e+01           1.390000e+01           1.400000e+01           1.332629e-01           7.558640e-03           1.335000e-01           1.125000e-01           1.485000e-01
            1.405000e+01           1.400000e+01           1.410000e+01           1.333576e-01           5.738733e-03           1.365000e-01           1.275000e-01           1.395000e-01
            1.415000e+01           1.410000e+01           1.420000e+01           1.350522e-01           1.757346e-03           1.365000e-01           1.335000e-01           1.365000e-01
            1.425000e+01           1.420000e+01           1.430000e+01                    nan                    nan           1.275000e-01           1.275000e-01           1.275000e-01
            1.435000e+01           1.430000e+01           1.440000e+01                    nan                    nan                    nan                    nan                    nan
            1.445000e+01           1.440000e+01           1.450000e+01                    nan                    nan           1.395000e-01           1.395000e-01           1.395000e-01
            1.455000e+01           1.450000e+01           1.460000e+01                    nan                    nan                    nan                    nan                    nan
            1.465000e+01           1.460000e+01           1.470000e+01                    nan                    nan                    nan                    nan                    nan
            1.475000e+01           1.470000e+01           1.480000e+01                    nan                    nan                    nan                    nan                    nan
            1.485000e+01           1.480000e+01           1.490000e+01                    nan                    nan                    nan                    nan                    nan
            1.495000e+01           1.490000e+01           1.500000e+01                    nan                    nan                    nan                    nan                    nan
            1.505000e+01           1.500000e+01           1.510000e+01                    nan                    nan                    nan                    nan                    nan
            1.515000e+01           1.510000e+01           1.520000e+01                    nan                    nan                    nan                    nan                    nan
            1.525000e+01           1.520000e+01           1.530000e+01                    nan                    nan                    nan                    nan                    nan
            1.535000e+01           1.530000e+01           1.540000e+01                    nan                    nan                    nan                    nan                    nan
            1.545000e+01           1.540000e+01           1.550000e+01                    nan                    nan                    nan                    nan                    nan
            1.555000e+01           1.550000e+01           1.560000e+01                    nan                    nan                    nan                    nan                    nan
            1.565000e+01           1.560000e+01           1.570000e+01                    nan                    nan                    nan                    nan                    nan
            1.575000e+01           1.570000e+01           1.580000e+01                    nan                    nan                    nan                    nan                    nan
            1.585000e+01           1.580000e+01           1.590000e+01                    nan                    nan                    nan                    nan                    nan
            1.595000e+01           1.590000e+01           1.600000e+01                    nan                    nan                    nan                    nan                    nan
