#          log_halo_mass  log_halo_mass_bin_low log_halo_mass_bin_high              fgas_mean             fgas_sigma            fgas_median             fgas_0.05p             fgas_0.95p
            1.205000e+01           1.200000e+01           1.210000e+01           6.479887e-02           3.966354e-02           5.550000e-02           1.350000e-02           1.395000e-01
            1.215000e+01           1.210000e+01           1.220000e+01           5.784004e-02           3.450098e-02           5.250000e-02           1.350000e-02           1.245000e-01
            1.225000e+01           1.220000e+01           1.230000e+01           5.258822e-02           3.101681e-02           4.650000e-02           1.050000e-02           1.125000e-01
            1.235000e+01           1.230000e+01           1.240000e+01           4.982881e-02           2.864711e-02           4.350000e-02           1.050000e-02           1.065000e-01
            1.245000e+01           1.240000e+01           1.250000e+01           4.961298e-02           2.753985e-02           4.650000e-02           1.350000e-02           1.005000e-01
            1.255000e+01           1.250000e+01           1.260000e+01           4.868191e-02           2.590443e-02           4.350000e-02           1.350000e-02           1.005000e-01
            1.265000e+01           1.260000e+01           1.270000e+01           4.897709e-02           2.478994e-02           4.650000e-02           1.350000e-02           9.450000e-02
            1.275000e+01           1.270000e+01           1.280000e+01           5.153156e-02           2.420188e-02           4.950000e-02           1.650000e-02           9.750000e-02
            1.285000e+01           1.280000e+01           1.290000e+01           5.376837e-02           2.292372e-02           5.250000e-02           1.950000e-02           9.450000e-02
            1.295000e+01           1.290000e+01           1.300000e+01           5.746038e-02           2.203139e-02           5.550000e-02           2.550000e-02           9.750000e-02
            1.305000e+01           1.300000e+01           1.310000e+01           6.133116e-02           1.966436e-02           6.150000e-02           3.150000e-02           9.450000e-02
            1.315000e+01           1.310000e+01           1.320000e+01           6.775847e-02           2.013574e-02           6.750000e-02           3.450000e-02           1.005000e-01
            1.325000e+01           1.320000e+01           1.330000e+01           7.197420e-02           1.847179e-02           7.350000e-02           4.350000e-02           1.035000e-01
            1.335000e+01           1.330000e+01           1.340000e+01           7.782482e-02           1.663719e-02           7.650000e-02           4.950000e-02           1.065000e-01
            1.345000e+01           1.340000e+01           1.350000e+01           8.585960e-02           1.605871e-02           8.550000e-02           6.150000e-02           1.125000e-01
            1.355000e+01           1.350000e+01           1.360000e+01           9.145416e-02           1.430316e-02           9.150000e-02           6.450000e-02           1.155000e-01
            1.365000e+01           1.360000e+01           1.370000e+01           1.011300e-01           1.356830e-02           1.005000e-01           7.950000e-02           1.245000e-01
            1.375000e+01           1.370000e+01           1.380000e+01           1.070519e-01           1.260140e-02           1.095000e-01           8.550000e-02           1.245000e-01
            1.385000e+01           1.380000e+01           1.390000e+01           1.139942e-01           1.038891e-02           1.155000e-01           9.750000e-02           1.305000e-01
            1.395000e+01           1.390000e+01           1.400000e+01           1.209842e-01           9.663849e-03           1.215000e-01           1.035000e-01           1.365000e-01
            1.405000e+01           1.400000e+01           1.410000e+01           1.250560e-01           8.432910e-03           1.245000e-01           1.095000e-01           1.365000e-01
            1.415000e+01           1.410000e+01           1.420000e+01           1.313527e-01           6.842217e-03           1.305000e-01           1.215000e-01           1.455000e-01
            1.425000e+01           1.420000e+01           1.430000e+01           1.336285e-01           6.461694e-03           1.335000e-01           1.215000e-01           1.425000e-01
            1.435000e+01           1.430000e+01           1.440000e+01           1.361467e-01           5.806827e-03           1.365000e-01           1.215000e-01           1.455000e-01
            1.445000e+01           1.440000e+01           1.450000e+01           1.368629e-01           6.039783e-03           1.395000e-01           1.245000e-01           1.455000e-01
            1.455000e+01           1.450000e+01           1.460000e+01           1.370616e-01           6.230371e-03           1.365000e-01           1.305000e-01           1.455000e-01
            1.465000e+01           1.460000e+01           1.470000e+01           1.405969e-01           2.883548e-03           1.425000e-01           1.395000e-01           1.425000e-01
            1.475000e+01           1.470000e+01           1.480000e+01                    nan                    nan           1.485000e-01           1.485000e-01           1.485000e-01
            1.485000e+01           1.480000e+01           1.490000e+01           1.391422e-01           2.506160e-03           1.395000e-01           1.365000e-01           1.395000e-01
            1.495000e+01           1.490000e+01           1.500000e+01                    nan                    nan                    nan                    nan                    nan
            1.505000e+01           1.500000e+01           1.510000e+01                    nan                    nan                    nan                    nan                    nan
            1.515000e+01           1.510000e+01           1.520000e+01                    nan                    nan                    nan                    nan                    nan
            1.525000e+01           1.520000e+01           1.530000e+01                    nan                    nan                    nan                    nan                    nan
            1.535000e+01           1.530000e+01           1.540000e+01                    nan                    nan                    nan                    nan                    nan
            1.545000e+01           1.540000e+01           1.550000e+01                    nan                    nan                    nan                    nan                    nan
            1.555000e+01           1.550000e+01           1.560000e+01                    nan                    nan                    nan                    nan                    nan
            1.565000e+01           1.560000e+01           1.570000e+01                    nan                    nan                    nan                    nan                    nan
            1.575000e+01           1.570000e+01           1.580000e+01                    nan                    nan                    nan                    nan                    nan
            1.585000e+01           1.580000e+01           1.590000e+01                    nan                    nan                    nan                    nan                    nan
            1.595000e+01           1.590000e+01           1.600000e+01                    nan                    nan                    nan                    nan                    nan
