#          log_halo_mass  log_halo_mass_bin_low log_halo_mass_bin_high              fgas_mean             fgas_sigma            fgas_median             fgas_0.05p             fgas_0.95p
            1.205000e+01           1.200000e+01           1.210000e+01           1.087450e-01           4.123009e-02           1.155000e-01           3.450000e-02           1.635000e-01
            1.215000e+01           1.210000e+01           1.220000e+01           1.002608e-01           4.011346e-02           1.035000e-01           3.150000e-02           1.575000e-01
            1.225000e+01           1.220000e+01           1.230000e+01           9.243307e-02           3.837529e-02           9.450000e-02           2.850000e-02           1.515000e-01
            1.235000e+01           1.230000e+01           1.240000e+01           8.654033e-02           3.659347e-02           8.850000e-02           2.850000e-02           1.425000e-01
            1.245000e+01           1.240000e+01           1.250000e+01           8.518343e-02           3.466990e-02           8.550000e-02           2.850000e-02           1.395000e-01
            1.255000e+01           1.250000e+01           1.260000e+01           8.173285e-02           3.299471e-02           8.250000e-02           2.850000e-02           1.335000e-01
            1.265000e+01           1.260000e+01           1.270000e+01           8.203955e-02           3.126020e-02           8.250000e-02           2.850000e-02           1.305000e-01
            1.275000e+01           1.270000e+01           1.280000e+01           8.430201e-02           2.924415e-02           8.550000e-02           3.450000e-02           1.305000e-01
            1.285000e+01           1.280000e+01           1.290000e+01           8.370952e-02           2.814459e-02           8.550000e-02           3.450000e-02           1.275000e-01
            1.295000e+01           1.290000e+01           1.300000e+01           8.733074e-02           2.707499e-02           8.850000e-02           4.050000e-02           1.275000e-01
            1.305000e+01           1.300000e+01           1.310000e+01           9.150927e-02           2.434440e-02           9.450000e-02           4.950000e-02           1.275000e-01
            1.315000e+01           1.310000e+01           1.320000e+01           9.470008e-02           2.188013e-02           9.750000e-02           5.550000e-02           1.275000e-01
            1.325000e+01           1.320000e+01           1.330000e+01           9.596979e-02           2.224875e-02           9.750000e-02           5.850000e-02           1.275000e-01
            1.335000e+01           1.330000e+01           1.340000e+01           1.028362e-01           2.018029e-02           1.035000e-01           6.450000e-02           1.335000e-01
            1.345000e+01           1.340000e+01           1.350000e+01           1.061908e-01           1.763677e-02           1.065000e-01           7.650000e-02           1.335000e-01
            1.355000e+01           1.350000e+01           1.360000e+01           1.110695e-01           1.524357e-02           1.125000e-01           8.550000e-02           1.305000e-01
            1.365000e+01           1.360000e+01           1.370000e+01           1.161094e-01           1.344639e-02           1.185000e-01           9.450000e-02           1.365000e-01
            1.375000e+01           1.370000e+01           1.380000e+01           1.217175e-01           1.163310e-02           1.245000e-01           1.035000e-01           1.395000e-01
            1.385000e+01           1.380000e+01           1.390000e+01           1.257669e-01           8.374087e-03           1.275000e-01           1.095000e-01           1.365000e-01
            1.395000e+01           1.390000e+01           1.400000e+01           1.298508e-01           7.817212e-03           1.305000e-01           1.155000e-01           1.395000e-01
            1.405000e+01           1.400000e+01           1.410000e+01           1.341590e-01           6.639941e-03           1.365000e-01           1.245000e-01           1.425000e-01
            1.415000e+01           1.410000e+01           1.420000e+01           1.365295e-01           7.307235e-03           1.365000e-01           1.275000e-01           1.545000e-01
            1.425000e+01           1.420000e+01           1.430000e+01           1.377058e-01           5.119318e-03           1.395000e-01           1.275000e-01           1.425000e-01
            1.435000e+01           1.430000e+01           1.440000e+01           1.401032e-01           3.593761e-03           1.395000e-01           1.365000e-01           1.455000e-01
            1.445000e+01           1.440000e+01           1.450000e+01           1.317532e-01           3.860202e-04           1.335000e-01           1.305000e-01           1.335000e-01
            1.455000e+01           1.450000e+01           1.460000e+01                    nan                    nan                    nan                    nan                    nan
            1.465000e+01           1.460000e+01           1.470000e+01                    nan                    nan                    nan                    nan                    nan
            1.475000e+01           1.470000e+01           1.480000e+01                    nan                    nan                    nan                    nan                    nan
            1.485000e+01           1.480000e+01           1.490000e+01                    nan                    nan           1.425000e-01           1.425000e-01           1.425000e-01
            1.495000e+01           1.490000e+01           1.500000e+01                    nan                    nan                    nan                    nan                    nan
            1.505000e+01           1.500000e+01           1.510000e+01                    nan                    nan                    nan                    nan                    nan
            1.515000e+01           1.510000e+01           1.520000e+01                    nan                    nan                    nan                    nan                    nan
            1.525000e+01           1.520000e+01           1.530000e+01                    nan                    nan                    nan                    nan                    nan
            1.535000e+01           1.530000e+01           1.540000e+01                    nan                    nan                    nan                    nan                    nan
            1.545000e+01           1.540000e+01           1.550000e+01                    nan                    nan                    nan                    nan                    nan
            1.555000e+01           1.550000e+01           1.560000e+01                    nan                    nan                    nan                    nan                    nan
            1.565000e+01           1.560000e+01           1.570000e+01                    nan                    nan                    nan                    nan                    nan
            1.575000e+01           1.570000e+01           1.580000e+01                    nan                    nan                    nan                    nan                    nan
            1.585000e+01           1.580000e+01           1.590000e+01                    nan                    nan                    nan                    nan                    nan
            1.595000e+01           1.590000e+01           1.600000e+01                    nan                    nan                    nan                    nan                    nan
