# [<k> (h/Mpc)]	[<P_0(k)> (Mpc/h)^3]	[ErrorBar (Mpc/h)^3]	nModes	[<P_2(k)> (Mpc/h)^3]
3.476422e-02	1.894436e+04	5.254221e+03	13.000000	0.000000e+00
5.890282e-02	7.859162e+03	1.368105e+03	33.000000	0.000000e+00
8.378087e-02	6.749784e+03	7.594101e+02	79.000000	0.000000e+00
1.087368e-01	3.598957e+03	3.327237e+02	117.000000	0.000000e+00
1.341836e-01	2.722639e+03	1.901573e+02	205.000000	0.000000e+00
1.581206e-01	2.176354e+03	1.419697e+02	235.000000	0.000000e+00
1.826843e-01	1.973709e+03	1.027472e+02	369.000000	0.000000e+00
2.073525e-01	1.637929e+03	7.871386e+01	433.000000	0.000000e+00
2.322407e-01	1.414786e+03	5.849422e+01	585.000000	0.000000e+00
2.568838e-01	1.164495e+03	4.468921e+01	679.000000	0.000000e+00
2.811185e-01	1.031685e+03	3.618276e+01	813.000000	0.000000e+00
3.057758e-01	9.008978e+02	2.870499e+01	985.000000	0.000000e+00
3.308750e-01	8.319001e+02	2.418682e+01	1183.000000	0.000000e+00
3.553459e-01	7.425484e+02	2.084462e+01	1269.000000	0.000000e+00
3.797184e-01	6.980671e+02	1.780575e+01	1537.000000	0.000000e+00
4.042043e-01	6.334510e+02	1.558033e+01	1653.000000	0.000000e+00
4.287408e-01	5.880481e+02	1.327250e+01	1963.000000	0.000000e+00
4.533372e-01	5.779785e+02	1.254993e+01	2121.000000	0.000000e+00
4.779960e-01	5.426067e+02	1.104604e+01	2413.000000	0.000000e+00
5.026630e-01	5.097493e+02	9.930390e+00	2635.000000	0.000000e+00
5.271488e-01	4.768748e+02	8.890669e+00	2877.000000	0.000000e+00
5.515428e-01	4.561632e+02	8.103247e+00	3169.000000	0.000000e+00
5.762241e-01	4.305819e+02	7.270895e+00	3507.000000	0.000000e+00
6.007286e-01	4.180237e+02	6.886241e+00	3685.000000	0.000000e+00
6.252569e-01	3.914265e+02	6.065167e+00	4165.000000	0.000000e+00
6.499966e-01	3.861262e+02	5.836345e+00	4377.000000	0.000000e+00
6.746858e-01	3.798611e+02	5.451678e+00	4855.000000	0.000000e+00
6.991271e-01	3.482917e+02	4.960937e+00	4929.000000	0.000000e+00
7.235757e-01	3.459353e+02	4.630617e+00	5581.000000	0.000000e+00
7.479714e-01	3.387241e+02	4.494797e+00	5679.000000	0.000000e+00
7.726133e-01	3.192332e+02	3.995100e+00	6385.000000	0.000000e+00
7.972413e-01	3.146285e+02	3.886673e+00	6553.000000	0.000000e+00
8.218513e-01	3.060682e+02	3.625983e+00	7125.000000	0.000000e+00
8.464491e-01	3.000634e+02	3.477142e+00	7447.000000	0.000000e+00
8.709767e-01	2.877384e+02	3.231384e+00	7929.000000	0.000000e+00
8.955547e-01	2.790410e+02	3.053140e+00	8353.000000	0.000000e+00
9.199772e-01	2.674986e+02	2.855603e+00	8775.000000	0.000000e+00
9.444963e-01	2.675519e+02	2.772447e+00	9313.000000	0.000000e+00
9.690846e-01	2.555392e+02	2.575953e+00	9841.000000	0.000000e+00
9.935517e-01	2.531948e+02	2.508109e+00	10191.000000	0.000000e+00
1.018099e+00	2.436003e+02	2.333589e+00	10897.000000	0.000000e+00
1.042679e+00	2.405350e+02	2.262663e+00	11301.000000	0.000000e+00
1.067353e+00	2.336625e+02	2.130819e+00	12025.000000	0.000000e+00
1.092004e+00	2.301483e+02	2.064879e+00	12423.000000	0.000000e+00
1.116549e+00	2.241057e+02	1.963952e+00	13021.000000	0.000000e+00
1.140967e+00	2.217927e+02	1.915640e+00	13405.000000	0.000000e+00
1.165410e+00	2.161896e+02	1.811228e+00	14247.000000	0.000000e+00
1.189942e+00	2.084168e+02	1.721747e+00	14653.000000	0.000000e+00
1.214340e+00	2.050491e+02	1.655939e+00	15333.000000	0.000000e+00
1.238824e+00	2.033758e+02	1.610396e+00	15949.000000	0.000000e+00
1.263616e+00	1.979315e+02	1.515438e+00	17059.000000	0.000000e+00
1.288278e+00	1.942225e+02	1.485387e+00	17097.000000	0.000000e+00
1.312698e+00	1.907797e+02	1.423372e+00	17965.000000	0.000000e+00
1.337129e+00	1.856288e+02	1.363628e+00	18531.000000	0.000000e+00
1.361846e+00	1.847644e+02	1.317428e+00	19669.000000	0.000000e+00
1.386459e+00	1.796429e+02	1.273679e+00	19893.000000	0.000000e+00
1.410760e+00	1.773623e+02	1.239206e+00	20485.000000	0.000000e+00
1.435294e+00	1.743983e+02	1.182504e+00	21751.000000	0.000000e+00
1.459966e+00	1.698066e+02	1.139437e+00	22209.000000	0.000000e+00
1.484553e+00	1.677291e+02	1.104988e+00	23041.000000	0.000000e+00
1.509059e+00	1.627733e+02	1.057527e+00	23691.000000	0.000000e+00
1.533565e+00	1.599820e+02	1.022986e+00	24457.000000	0.000000e+00
1.558284e+00	1.566931e+02	9.755854e-01	25797.000000	0.000000e+00
1.582818e+00	1.537114e+02	9.601901e-01	25627.000000	0.000000e+00
1.607259e+00	1.504738e+02	9.120965e-01	27217.000000	0.000000e+00
1.631809e+00	1.494618e+02	9.004869e-01	27549.000000	0.000000e+00
1.656366e+00	1.479364e+02	8.715268e-01	28813.000000	0.000000e+00
1.680925e+00	1.429664e+02	8.344355e-01	29355.000000	0.000000e+00
1.705257e+00	1.416801e+02	8.191243e-01	29917.000000	0.000000e+00
1.729806e+00	1.381788e+02	7.766652e-01	31653.000000	0.000000e+00
1.754462e+00	1.355021e+02	7.580606e-01	31951.000000	0.000000e+00
1.778992e+00	1.329438e+02	7.311563e-01	33061.000000	0.000000e+00
1.803411e+00	1.316764e+02	7.183856e-01	33597.000000	0.000000e+00
1.827963e+00	1.286623e+02	6.858017e-01	35197.000000	0.000000e+00
1.852647e+00	1.267545e+02	6.697034e-01	35823.000000	0.000000e+00
1.877249e+00	1.246650e+02	6.485498e-01	36949.000000	0.000000e+00
1.901733e+00	1.224277e+02	6.338302e-01	37309.000000	0.000000e+00
1.926241e+00	1.215481e+02	6.148920e-01	39075.000000	0.000000e+00
1.950830e+00	1.189993e+02	5.997152e-01	39373.000000	0.000000e+00
1.975308e+00	1.188864e+02	5.883373e-01	40833.000000	0.000000e+00
1.999729e+00	1.145184e+02	5.641710e-01	41203.000000	0.000000e+00
2.024419e+00	1.113142e+02	5.325552e-01	43689.000000	0.000000e+00
2.049126e+00	1.111635e+02	5.329084e-01	43513.000000	0.000000e+00
2.073508e+00	1.098139e+02	5.209367e-01	44437.000000	0.000000e+00
2.097846e+00	1.073292e+02	5.023344e-01	45651.000000	0.000000e+00
2.122473e+00	1.057594e+02	4.853342e-01	47485.000000	0.000000e+00
2.147106e+00	1.026475e+02	4.687100e-01	47961.000000	0.000000e+00
2.171601e+00	1.024551e+02	4.621523e-01	49147.000000	0.000000e+00
2.196158e+00	1.009968e+02	4.502105e-01	50325.000000	0.000000e+00
2.220735e+00	9.957967e+01	4.381671e-01	51649.000000	0.000000e+00
2.245251e+00	9.812886e+01	4.296919e-01	52153.000000	0.000000e+00
2.269729e+00	9.609089e+01	4.137278e-01	53943.000000	0.000000e+00
2.294271e+00	9.453732e+01	4.042235e-01	54697.000000	0.000000e+00
2.318928e+00	9.257741e+01	3.886344e-01	56745.000000	0.000000e+00
2.343538e+00	9.138870e+01	3.827616e-01	57007.000000	0.000000e+00
2.368026e+00	9.005341e+01	3.724492e-01	58461.000000	0.000000e+00
2.392423e+00	8.835604e+01	3.636298e-01	59041.000000	0.000000e+00
2.416863e+00	8.730062e+01	3.534264e-01	61015.000000	0.000000e+00
2.441509e+00	8.576120e+01	3.426694e-01	62637.000000	0.000000e+00
2.466080e+00	8.484068e+01	3.375609e-01	63169.000000	0.000000e+00
2.490575e+00	8.363357e+01	3.290392e-01	64605.000000	0.000000e+00
2.515186e+00	8.205022e+01	3.182082e-01	66487.000000	0.000000e+00
2.539777e+00	8.105825e+01	3.130782e-01	67033.000000	0.000000e+00
2.564215e+00	8.034698e+01	3.075720e-01	68241.000000	0.000000e+00
2.588707e+00	7.846189e+01	2.965771e-01	69991.000000	0.000000e+00
2.613337e+00	7.775739e+01	2.907860e-01	71505.000000	0.000000e+00
2.637925e+00	7.631891e+01	2.830337e-01	72709.000000	0.000000e+00
2.662420e+00	7.531185e+01	2.778430e-01	73473.000000	0.000000e+00
2.686963e+00	7.407931e+01	2.691339e-01	75763.000000	0.000000e+00
2.711515e+00	7.329267e+01	2.654051e-01	76261.000000	0.000000e+00
2.735982e+00	7.212503e+01	2.582739e-01	77985.000000	0.000000e+00
2.760573e+00	7.060578e+01	2.496120e-01	80011.000000	0.000000e+00
2.785237e+00	6.949872e+01	2.441801e-01	81009.000000	0.000000e+00
2.809671e+00	6.895440e+01	2.413872e-01	81601.000000	0.000000e+00
2.834151e+00	6.790943e+01	2.341969e-01	84081.000000	0.000000e+00
2.858722e+00	6.722676e+01	2.303705e-01	85159.000000	0.000000e+00
2.883250e+00	6.587497e+01	2.237683e-01	86665.000000	0.000000e+00
2.907819e+00	6.511635e+01	2.190831e-01	88341.000000	0.000000e+00
2.932335e+00	6.450646e+01	2.156466e-01	89479.000000	0.000000e+00
2.956914e+00	6.331605e+01	2.092924e-01	91521.000000	0.000000e+00
2.981449e+00	6.278007e+01	2.065033e-01	92425.000000	0.000000e+00
3.005876e+00	6.170186e+01	2.017015e-01	93579.000000	0.000000e+00
3.030403e+00	6.037208e+01	1.945453e-01	96301.000000	0.000000e+00
3.055041e+00	5.998925e+01	1.919649e-01	97657.000000	0.000000e+00
3.079692e+00	5.905185e+01	1.873077e-01	99393.000000	0.000000e+00
3.104241e+00	5.826711e+01	1.840774e-01	100195.000000	0.000000e+00
3.128710e+00	5.775454e+01	1.810950e-01	101709.000000	0.000000e+00
3.153123e+00	5.668433e+01	1.766039e-01	103021.000000	0.000000e+00
3.177619e+00	5.615081e+01	1.727865e-01	105607.000000	0.000000e+00
3.202185e+00	5.523011e+01	1.689943e-01	106809.000000	0.000000e+00
3.226708e+00	5.426708e+01	1.646628e-01	108613.000000	0.000000e+00
3.251321e+00	5.353230e+01	1.608360e-01	110781.000000	0.000000e+00
3.275882e+00	5.299479e+01	1.586052e-01	111643.000000	0.000000e+00
3.300393e+00	5.265079e+01	1.561706e-01	113661.000000	0.000000e+00
3.324955e+00	5.197857e+01	1.531028e-01	115261.000000	0.000000e+00
3.349528e+00	5.104791e+01	1.489379e-01	117475.000000	0.000000e+00
3.374087e+00	5.095512e+01	1.480922e-01	118389.000000	0.000000e+00
3.398541e+00	4.978691e+01	1.437147e-01	120013.000000	0.000000e+00
3.423011e+00	4.918088e+01	1.408628e-01	121899.000000	0.000000e+00
3.447546e+00	4.879887e+01	1.385141e-01	124117.000000	0.000000e+00
3.472176e+00	4.796682e+01	1.347739e-01	126669.000000	0.000000e+00
3.496772e+00	4.764715e+01	1.337217e-01	126961.000000	0.000000e+00
3.521302e+00	4.684805e+01	1.299856e-01	129895.000000	0.000000e+00
3.545845e+00	4.655108e+01	1.288812e-01	130461.000000	0.000000e+00
3.570351e+00	4.579849e+01	1.254301e-01	133321.000000	0.000000e+00
3.594817e+00	4.530189e+01	1.239298e-01	133623.000000	0.000000e+00
3.619340e+00	4.491525e+01	1.211658e-01	137413.000000	0.000000e+00
3.643921e+00	4.445942e+01	1.195764e-01	138241.000000	0.000000e+00
3.668501e+00	4.371638e+01	1.164380e-01	140961.000000	0.000000e+00
3.693083e+00	4.328341e+01	1.147592e-01	142255.000000	0.000000e+00
3.717636e+00	4.278640e+01	1.126875e-01	144165.000000	0.000000e+00
3.742123e+00	4.250662e+01	1.114861e-01	145369.000000	0.000000e+00
3.766623e+00	4.200303e+01	1.091113e-01	148191.000000	0.000000e+00
3.791211e+00	4.150248e+01	1.070901e-01	150193.000000	0.000000e+00
3.815740e+00	4.075724e+01	1.047204e-01	151477.000000	0.000000e+00
3.840250e+00	4.055949e+01	1.034361e-01	153759.000000	0.000000e+00
3.864816e+00	3.989236e+01	1.009623e-01	156121.000000	0.000000e+00
3.889416e+00	3.949455e+01	9.928741e-02	158229.000000	0.000000e+00
3.913984e+00	3.928679e+01	9.833598e-02	159613.000000	0.000000e+00
3.938439e+00	3.862921e+01	9.631722e-02	160851.000000	0.000000e+00
3.962856e+00	3.821965e+01	9.468056e-02	162949.000000	0.000000e+00
3.987408e+00	3.795435e+01	9.291464e-02	166861.000000	0.000000e+00
4.011951e+00	3.740802e+01	9.155361e-02	166947.000000	0.000000e+00
4.036502e+00	3.692110e+01	8.933452e-02	170809.000000	0.000000e+00
4.061101e+00	3.665389e+01	8.836985e-02	172041.000000	0.000000e+00
4.085632e+00	3.623429e+01	8.691279e-02	173809.000000	0.000000e+00
4.110226e+00	3.575004e+01	8.488487e-02	177375.000000	0.000000e+00
4.134760e+00	3.537594e+01	8.409102e-02	176977.000000	0.000000e+00
4.159247e+00	3.502705e+01	8.237009e-02	180829.000000	0.000000e+00
4.183807e+00	3.467732e+01	8.115501e-02	182583.000000	0.000000e+00
4.208321e+00	3.422246e+01	7.975878e-02	184105.000000	0.000000e+00
4.232839e+00	3.407663e+01	7.874008e-02	187293.000000	0.000000e+00
4.257376e+00	3.367401e+01	7.759544e-02	188329.000000	0.000000e+00
4.281944e+00	3.326763e+01	7.583363e-02	192451.000000	0.000000e+00
4.306505e+00	3.299259e+01	7.518049e-02	192585.000000	0.000000e+00
4.331033e+00	3.259757e+01	7.360843e-02	196117.000000	0.000000e+00
4.355617e+00	3.231476e+01	7.258409e-02	198207.000000	0.000000e+00
4.380161e+00	3.203641e+01	7.170786e-02	199597.000000	0.000000e+00
4.404676e+00	3.164688e+01	7.031649e-02	202557.000000	0.000000e+00
4.429249e+00	3.125487e+01	6.905624e-02	204847.000000	0.000000e+00
4.453772e+00	3.097846e+01	6.819727e-02	206341.000000	0.000000e+00
4.478282e+00	3.062879e+01	6.696246e-02	209217.000000	0.000000e+00
4.502777e+00	3.030637e+01	6.605455e-02	210505.000000	0.000000e+00
4.527289e+00	3.015564e+01	6.514160e-02	214299.000000	0.000000e+00
4.551889e+00	2.982668e+01	6.409303e-02	216565.000000	0.000000e+00
4.576426e+00	2.950800e+01	6.322515e-02	217821.000000	0.000000e+00
4.600893e+00	2.927884e+01	6.240356e-02	220135.000000	0.000000e+00
4.625467e+00	2.881336e+01	6.083792e-02	224305.000000	0.000000e+00
4.650035e+00	2.858228e+01	6.026839e-02	224913.000000	0.000000e+00
4.674541e+00	2.827358e+01	5.924667e-02	227737.000000	0.000000e+00
4.699104e+00	2.813416e+01	5.855759e-02	230835.000000	0.000000e+00
4.723670e+00	2.775308e+01	5.752295e-02	232777.000000	0.000000e+00
4.748182e+00	2.755265e+01	5.691177e-02	234381.000000	0.000000e+00
4.772682e+00	2.719382e+01	5.578235e-02	237655.000000	0.000000e+00
4.797203e+00	2.700140e+01	5.519498e-02	239317.000000	0.000000e+00
4.821755e+00	2.677574e+01	5.425741e-02	243537.000000	0.000000e+00
4.846361e+00	2.645408e+01	5.342057e-02	245227.000000	0.000000e+00
4.870915e+00	2.615804e+01	5.260420e-02	247269.000000	0.000000e+00
4.895426e+00	2.597557e+01	5.199014e-02	249625.000000	0.000000e+00
4.919952e+00	2.565485e+01	5.107155e-02	252337.000000	0.000000e+00
4.944496e+00	2.561448e+01	5.069054e-02	255339.000000	0.000000e+00
4.969013e+00	2.520904e+01	4.977855e-02	256465.000000	0.000000e+00
4.993562e+00	2.499214e+01	4.889406e-02	261273.000000	0.000000e+00
5.018138e+00	2.481947e+01	4.846417e-02	262267.000000	0.000000e+00
5.042642e+00	2.453030e+01	4.768056e-02	264681.000000	0.000000e+00
5.067215e+00	2.440729e+01	4.705130e-02	269089.000000	0.000000e+00
5.091775e+00	2.416060e+01	4.655290e-02	269353.000000	0.000000e+00
5.116309e+00	2.394532e+01	4.574227e-02	274035.000000	0.000000e+00
5.140838e+00	2.366372e+01	4.518471e-02	274273.000000	0.000000e+00
5.165333e+00	2.348397e+01	4.449854e-02	278517.000000	0.000000e+00
5.189818e+00	2.330690e+01	4.409010e-02	279439.000000	0.000000e+00
5.214351e+00	2.308606e+01	4.326260e-02	284757.000000	0.000000e+00
5.238947e+00	2.279272e+01	4.258982e-02	286405.000000	0.000000e+00
5.263479e+00	2.274702e+01	4.234814e-02	288523.000000	0.000000e+00
5.288002e+00	2.243653e+01	4.154507e-02	291657.000000	0.000000e+00
5.312546e+00	2.227807e+01	4.106091e-02	294373.000000	0.000000e+00
5.337121e+00	2.201333e+01	4.033715e-02	297825.000000	0.000000e+00
5.361672e+00	2.186616e+01	3.996389e-02	299371.000000	0.000000e+00
5.386196e+00	2.168951e+01	3.942810e-02	302613.000000	0.000000e+00
5.410715e+00	2.152168e+01	3.899309e-02	304633.000000	0.000000e+00
5.435244e+00	2.127502e+01	3.830218e-02	308527.000000	0.000000e+00
5.459823e+00	2.109429e+01	3.780356e-02	311361.000000	0.000000e+00
5.484389e+00	2.095997e+01	3.739865e-02	314101.000000	0.000000e+00
5.508889e+00	2.082647e+01	3.712171e-02	314757.000000	0.000000e+00
5.533464e+00	2.065361e+01	3.638958e-02	322135.000000	0.000000e+00
5.558036e+00	2.039115e+01	3.603976e-02	320125.000000	0.000000e+00
5.582484e+00	2.027139e+01	3.557714e-02	324657.000000	0.000000e+00
5.606956e+00	2.010178e+01	3.518349e-02	326431.000000	0.000000e+00
5.631560e+00	1.991446e+01	3.447860e-02	333609.000000	0.000000e+00
5.656168e+00	1.974147e+01	3.421029e-02	333001.000000	0.000000e+00
5.680698e+00	1.959545e+01	3.376996e-02	336705.000000	0.000000e+00
5.705204e+00	1.940335e+01	3.335292e-02	338443.000000	0.000000e+00
5.729704e+00	1.928215e+01	3.296306e-02	342181.000000	0.000000e+00
5.754232e+00	1.910353e+01	3.251680e-02	345153.000000	0.000000e+00
5.778772e+00	1.899042e+01	3.216318e-02	348619.000000	0.000000e+00
5.803342e+00	1.880681e+01	3.172462e-02	351429.000000	0.000000e+00
5.827902e+00	1.870184e+01	3.140134e-02	354709.000000	0.000000e+00
5.852409e+00	1.850753e+01	3.102675e-02	355815.000000	0.000000e+00
5.876957e+00	1.837974e+01	3.056012e-02	361717.000000	0.000000e+00
5.901534e+00	1.816636e+01	3.015833e-02	362845.000000	0.000000e+00
5.926030e+00	1.804591e+01	2.986239e-02	365181.000000	0.000000e+00
5.950548e+00	1.797755e+01	2.956103e-02	369847.000000	0.000000e+00
5.975137e+00	1.777449e+01	2.909706e-02	373161.000000	0.000000e+00
5.999657e+00	1.764289e+01	2.885365e-02	373885.000000	0.000000e+00
6.024161e+00	1.749144e+01	2.841277e-02	378987.000000	0.000000e+00
6.048714e+00	1.732400e+01	2.805613e-02	381277.000000	0.000000e+00
6.073267e+00	1.720205e+01	2.770645e-02	385477.000000	0.000000e+00
6.097868e+00	1.704670e+01	2.733707e-02	388845.000000	0.000000e+00
6.122369e+00	1.694675e+01	2.718483e-02	388615.000000	0.000000e+00
6.146867e+00	1.681372e+01	2.674968e-02	395085.000000	0.000000e+00
6.171452e+00	1.670891e+01	2.650602e-02	397381.000000	0.000000e+00
6.195974e+00	1.658766e+01	2.623162e-02	399871.000000	0.000000e+00
6.220444e+00	1.640806e+01	2.589514e-02	401493.000000	0.000000e+00
6.244986e+00	1.628964e+01	2.547318e-02	408937.000000	0.000000e+00
6.269588e+00	1.618173e+01	2.527806e-02	409791.000000	0.000000e+00
6.294124e+00	1.605861e+01	2.498757e-02	413017.000000	0.000000e+00
6.318633e+00	1.591473e+01	2.468184e-02	415761.000000	0.000000e+00
6.343202e+00	1.585779e+01	2.444394e-02	420865.000000	0.000000e+00
6.367770e+00	1.571033e+01	2.416211e-02	422767.000000	0.000000e+00
6.392288e+00	1.563439e+01	2.397019e-02	425421.000000	0.000000e+00
6.416837e+00	1.545751e+01	2.355810e-02	430525.000000	0.000000e+00
6.441383e+00	1.536472e+01	2.338374e-02	431739.000000	0.000000e+00
6.465913e+00	1.527892e+01	2.312534e-02	436525.000000	0.000000e+00
6.490433e+00	1.513165e+01	2.285452e-02	438357.000000	0.000000e+00
6.514946e+00	1.503413e+01	2.260373e-02	442381.000000	0.000000e+00
6.539518e+00	1.494157e+01	2.233424e-02	447559.000000	0.000000e+00
6.564059e+00	1.480311e+01	2.212278e-02	447741.000000	0.000000e+00
6.588587e+00	1.470090e+01	2.182158e-02	453853.000000	0.000000e+00
6.613110e+00	1.456008e+01	2.159881e-02	454431.000000	0.000000e+00
6.637622e+00	1.448035e+01	2.135101e-02	459961.000000	0.000000e+00
6.662172e+00	1.436208e+01	2.111229e-02	462769.000000	0.000000e+00
6.686693e+00	1.426238e+01	2.089831e-02	465759.000000	0.000000e+00
6.711227e+00	1.419097e+01	2.070061e-02	469957.000000	0.000000e+00
6.735777e+00	1.408590e+01	2.047073e-02	473481.000000	0.000000e+00
6.760323e+00	1.398357e+01	2.026295e-02	476245.000000	0.000000e+00
6.784855e+00	1.390600e+01	2.006524e-02	480303.000000	0.000000e+00
6.809427e+00	1.380867e+01	1.983683e-02	484573.000000	0.000000e+00
6.833979e+00	1.368147e+01	1.961527e-02	486493.000000	0.000000e+00
6.858503e+00	1.356959e+01	1.937305e-02	490611.000000	0.000000e+00
6.883055e+00	1.347641e+01	1.916870e-02	494269.000000	0.000000e+00
6.907584e+00	1.342585e+01	1.903893e-02	497277.000000	0.000000e+00
6.932134e+00	1.328826e+01	1.876086e-02	501685.000000	0.000000e+00
6.956669e+00	1.322974e+01	1.863280e-02	504135.000000	0.000000e+00
6.981221e+00	1.311015e+01	1.837322e-02	509149.000000	0.000000e+00
7.005753e+00	1.302014e+01	1.822068e-02	510625.000000	0.000000e+00
7.030233e+00	1.291512e+01	1.800652e-02	514443.000000	0.000000e+00
7.054782e+00	1.285692e+01	1.782877e-02	520033.000000	0.000000e+00
7.079343e+00	1.274967e+01	1.763339e-02	522789.000000	0.000000e+00
7.103883e+00	1.266761e+01	1.746619e-02	526009.000000	0.000000e+00
7.128424e+00	1.260372e+01	1.730479e-02	530475.000000	0.000000e+00
7.152965e+00	1.251898e+01	1.714779e-02	532993.000000	0.000000e+00
7.177501e+00	1.245137e+01	1.698307e-02	537529.000000	0.000000e+00
7.202013e+00	1.234349e+01	1.680217e-02	539691.000000	0.000000e+00
7.226577e+00	1.227115e+01	1.659724e-02	546637.000000	0.000000e+00
7.251125e+00	1.219387e+01	1.648789e-02	546957.000000	0.000000e+00
7.275651e+00	1.211115e+01	1.629140e-02	552655.000000	0.000000e+00
7.300226e+00	1.204317e+01	1.614126e-02	556681.000000	0.000000e+00
7.324759e+00	1.195799e+01	1.600097e-02	558501.000000	0.000000e+00
7.349299e+00	1.183556e+01	1.575705e-02	564193.000000	0.000000e+00
7.373825e+00	1.178672e+01	1.567318e-02	565551.000000	0.000000e+00
7.398312e+00	1.171869e+01	1.552406e-02	569833.000000	0.000000e+00
7.422892e+00	1.165533e+01	1.533877e-02	577389.000000	0.000000e+00
7.447442e+00	1.158517e+01	1.526042e-02	576331.000000	0.000000e+00
7.471956e+00	1.149736e+01	1.505978e-02	582853.000000	0.000000e+00
7.496499e+00	1.141348e+01	1.491102e-02	585897.000000	0.000000e+00
7.521014e+00	1.133788e+01	1.477774e-02	588637.000000	0.000000e+00
7.545557e+00	1.128784e+01	1.463055e-02	595251.000000	0.000000e+00
7.570086e+00	1.119830e+01	1.450721e-02	595849.000000	0.000000e+00
7.594613e+00	1.112959e+01	1.434134e-02	602253.000000	0.000000e+00
7.619172e+00	1.107813e+01	1.423244e-02	605863.000000	0.000000e+00
7.643756e+00	1.099189e+01	1.406362e-02	610873.000000	0.000000e+00
7.668263e+00	1.091045e+01	1.396537e-02	610353.000000	0.000000e+00
7.692777e+00	1.084702e+01	1.379123e-02	618607.000000	0.000000e+00
7.717371e+00	1.076994e+01	1.365380e-02	622185.000000	0.000000e+00
7.741929e+00	1.072696e+01	1.356607e-02	625237.000000	0.000000e+00
7.766457e+00	1.064094e+01	1.342734e-02	628029.000000	0.000000e+00
7.790953e+00	1.057970e+01	1.330833e-02	631975.000000	0.000000e+00
7.815489e+00	1.051084e+01	1.316403e-02	637525.000000	0.000000e+00
7.840050e+00	1.043492e+01	1.302529e-02	641805.000000	0.000000e+00
7.864588e+00	1.037983e+01	1.293119e-02	644323.000000	0.000000e+00
7.889126e+00	1.030838e+01	1.279198e-02	649389.000000	0.000000e+00
7.913643e+00	1.025576e+01	1.270401e-02	651709.000000	0.000000e+00
7.938181e+00	1.019592e+01	1.256642e-02	658309.000000	0.000000e+00
7.962760e+00	1.013175e+01	1.244677e-02	662607.000000	0.000000e+00
7.987311e+00	1.006527e+01	1.234991e-02	664237.000000	0.000000e+00
8.011811e+00	9.996531e+00	1.222943e-02	668169.000000	0.000000e+00
8.036325e+00	9.940347e+00	1.211144e-02	673615.000000	0.000000e+00
8.060868e+00	9.885611e+00	1.200884e-02	677649.000000	0.000000e+00
8.085446e+00	9.836330e+00	1.189430e-02	683893.000000	0.000000e+00
8.109989e+00	9.759771e+00	1.180162e-02	683905.000000	0.000000e+00
8.134471e+00	9.715360e+00	1.170567e-02	688851.000000	0.000000e+00
8.159038e+00	9.635313e+00	1.153959e-02	697189.000000	0.000000e+00
8.183598e+00	9.587860e+00	1.149051e-02	696249.000000	0.000000e+00
8.208073e+00	9.531406e+00	1.138087e-02	701395.000000	0.000000e+00
8.232590e+00	9.484354e+00	1.128373e-02	706497.000000	0.000000e+00
8.257144e+00	9.431386e+00	1.117503e-02	712285.000000	0.000000e+00
8.281710e+00	9.372897e+00	1.107948e-02	715663.000000	0.000000e+00
8.306271e+00	9.299280e+00	1.095887e-02	720057.000000	0.000000e+00
8.330826e+00	9.270703e+00	1.089101e-02	724585.000000	0.000000e+00
8.355374e+00	9.205839e+00	1.079492e-02	727257.000000	0.000000e+00
8.379901e+00	9.145911e+00	1.068472e-02	732703.000000	0.000000e+00
8.404418e+00	9.076974e+00	1.058883e-02	734829.000000	0.000000e+00
8.428928e+00	9.048812e+00	1.051414e-02	740689.000000	0.000000e+00
8.453504e+00	8.993331e+00	1.039862e-02	747979.000000	0.000000e+00
8.478051e+00	8.927976e+00	1.033001e-02	746973.000000	0.000000e+00
8.502580e+00	8.890921e+00	1.022317e-02	756349.000000	0.000000e+00
8.527138e+00	8.824593e+00	1.014500e-02	756633.000000	0.000000e+00
8.551634e+00	8.803850e+00	1.008810e-02	761599.000000	0.000000e+00
8.576156e+00	8.729805e+00	9.966849e-03	767173.000000	0.000000e+00
8.600697e+00	8.688978e+00	9.893912e-03	771261.000000	0.000000e+00
8.625259e+00	8.637547e+00	9.795587e-03	777535.000000	0.000000e+00
8.649836e+00	8.594860e+00	9.727816e-03	780633.000000	0.000000e+00
8.674376e+00	8.538927e+00	9.639254e-03	784729.000000	0.000000e+00
8.698927e+00	8.502337e+00	9.567408e-03	789747.000000	0.000000e+00
8.723450e+00	8.456307e+00	9.502711e-03	791893.000000	0.000000e+00
8.747957e+00	8.416106e+00	9.423184e-03	797677.000000	0.000000e+00
8.772521e+00	8.345957e+00	9.305341e-03	804429.000000	0.000000e+00
8.797047e+00	8.314064e+00	9.269171e-03	804535.000000	0.000000e+00
8.821541e+00	8.254998e+00	9.167350e-03	810861.000000	0.000000e+00
8.846076e+00	8.225853e+00	9.104359e-03	816325.000000	0.000000e+00
8.870641e+00	8.176317e+00	9.016052e-03	822399.000000	0.000000e+00
8.895170e+00	8.137446e+00	8.972611e-03	822505.000000	0.000000e+00
8.919713e+00	8.072385e+00	8.846445e-03	832657.000000	0.000000e+00
8.944263e+00	8.024940e+00	8.798658e-03	831861.000000	0.000000e+00
8.968772e+00	7.996928e+00	8.728820e-03	839335.000000	0.000000e+00
8.993334e+00	7.960334e+00	8.661235e-03	844701.000000	0.000000e+00
9.017895e+00	7.926795e+00	8.608229e-03	847945.000000	0.000000e+00
9.042430e+00	7.874137e+00	8.526093e-03	852915.000000	0.000000e+00
9.066970e+00	7.842025e+00	8.472104e-03	856789.000000	0.000000e+00
9.091538e+00	7.793159e+00	8.379736e-03	864901.000000	0.000000e+00
9.116063e+00	7.749884e+00	8.345012e-03	862455.000000	0.000000e+00
9.140573e+00	7.707423e+00	8.246743e-03	873481.000000	0.000000e+00
9.165140e+00	7.660094e+00	8.185052e-03	875841.000000	0.000000e+00
9.189653e+00	7.614322e+00	8.122670e-03	878749.000000	0.000000e+00
9.214176e+00	7.599270e+00	8.071064e-03	886507.000000	0.000000e+00
9.238722e+00	7.571856e+00	8.030046e-03	889137.000000	0.000000e+00
9.263252e+00	7.517150e+00	7.944929e-03	895213.000000	0.000000e+00
9.287810e+00	7.470744e+00	7.871956e-03	900663.000000	0.000000e+00
9.312363e+00	7.444282e+00	7.828452e-03	904261.000000	0.000000e+00
9.336898e+00	7.417791e+00	7.779733e-03	909117.000000	0.000000e+00
9.361428e+00	7.381063e+00	7.725001e-03	912937.000000	0.000000e+00
9.385969e+00	7.343967e+00	7.656570e-03	920011.000000	0.000000e+00
9.410496e+00	7.296976e+00	7.602465e-03	921249.000000	0.000000e+00
9.435027e+00	7.259641e+00	7.527796e-03	930025.000000	0.000000e+00
9.459577e+00	7.208220e+00	7.465323e-03	932307.000000	0.000000e+00
9.484080e+00	7.189178e+00	7.431275e-03	935905.000000	0.000000e+00
9.508599e+00	7.148147e+00	7.357625e-03	943869.000000	0.000000e+00
9.533177e+00	7.106818e+00	7.293495e-03	949465.000000	0.000000e+00
9.557740e+00	7.083667e+00	7.256884e-03	952831.000000	0.000000e+00
9.582283e+00	7.045291e+00	7.199316e-03	957669.000000	0.000000e+00
9.606825e+00	7.001339e+00	7.136704e-03	962425.000000	0.000000e+00
9.631356e+00	6.970449e+00	7.088348e-03	967011.000000	0.000000e+00
9.655881e+00	6.947603e+00	7.049395e-03	971329.000000	0.000000e+00
9.680426e+00	6.910411e+00	6.985000e-03	978757.000000	0.000000e+00
9.704942e+00	6.879863e+00	6.953561e-03	978915.000000	0.000000e+00
9.729497e+00	6.844875e+00	6.873899e-03	991573.000000	0.000000e+00
9.754046e+00	6.810417e+00	6.848100e-03	989025.000000	0.000000e+00
9.778535e+00	6.774985e+00	6.789636e-03	995689.000000	0.000000e+00
9.803103e+00	6.752138e+00	6.730611e-03	1006407.000000	0.000000e+00
9.827649e+00	6.707471e+00	6.696441e-03	1003297.000000	0.000000e+00
9.852180e+00	6.679707e+00	6.628295e-03	1015573.000000	0.000000e+00
9.876731e+00	6.639388e+00	6.589643e-03	1015155.000000	0.000000e+00
9.901284e+00	6.617118e+00	6.535525e-03	1025125.000000	0.000000e+00
9.925835e+00	6.573845e+00	6.489305e-03	1026225.000000	0.000000e+00
9.950350e+00	6.559875e+00	6.459283e-03	1031389.000000	0.000000e+00
9.974902e+00	6.514969e+00	6.388284e-03	1040055.000000	0.000000e+00
9.999429e+00	6.489051e+00	6.366146e-03	1038985.000000	0.000000e+00
1.002392e+01	6.468443e+00	6.319560e-03	1047673.000000	0.000000e+00
1.004849e+01	6.453640e+00	6.281788e-03	1055463.000000	0.000000e+00
1.007303e+01	6.407913e+00	6.235193e-03	1056169.000000	0.000000e+00
1.009756e+01	6.374593e+00	6.178471e-03	1064493.000000	0.000000e+00
1.012209e+01	6.352625e+00	6.151087e-03	1066603.000000	0.000000e+00
1.014664e+01	6.322774e+00	6.094640e-03	1076265.000000	0.000000e+00
1.017120e+01	6.290010e+00	6.057106e-03	1078381.000000	0.000000e+00
1.019572e+01	6.277976e+00	6.034215e-03	1082425.000000	0.000000e+00
1.022025e+01	6.242920e+00	5.978386e-03	1090455.000000	0.000000e+00
1.024479e+01	6.206396e+00	5.935255e-03	1093453.000000	0.000000e+00
1.026933e+01	6.188943e+00	5.900022e-03	1100337.000000	0.000000e+00
1.029386e+01	6.155911e+00	5.858133e-03	1104247.000000	0.000000e+00
1.031842e+01	6.143835e+00	5.825833e-03	1112149.000000	0.000000e+00
1.034296e+01	6.109795e+00	5.786514e-03	1114857.000000	0.000000e+00
1.036749e+01	6.090977e+00	5.755348e-03	1120033.000000	0.000000e+00
1.039203e+01	6.061694e+00	5.708319e-03	1127643.000000	0.000000e+00
1.041655e+01	6.035382e+00	5.681792e-03	1128337.000000	0.000000e+00
1.044111e+01	6.004370e+00	5.619594e-03	1141629.000000	0.000000e+00
1.046570e+01	5.994350e+00	5.608954e-03	1142143.000000	0.000000e+00
1.049021e+01	5.958472e+00	5.568731e-03	1144873.000000	0.000000e+00
1.051473e+01	5.937349e+00	5.526598e-03	1154169.000000	0.000000e+00
1.053925e+01	5.912363e+00	5.501315e-03	1155019.000000	0.000000e+00
1.056380e+01	5.882661e+00	5.442829e-03	1168149.000000	0.000000e+00
1.058835e+01	5.858722e+00	5.424182e-03	1166641.000000	0.000000e+00
1.061283e+01	5.840434e+00	5.397663e-03	1170789.000000	0.000000e+00
1.063739e+01	5.823512e+00	5.348015e-03	1185727.000000	0.000000e+00
1.066197e+01	5.805143e+00	5.334886e-03	1184065.000000	0.000000e+00
1.068650e+01	5.774227e+00	5.289970e-03	1191465.000000	0.000000e+00
1.071103e+01	5.759934e+00	5.270170e-03	1194499.000000	0.000000e+00
1.073555e+01	5.726850e+00	5.223678e-03	1201929.000000	0.000000e+00
1.076011e+01	5.717335e+00	5.198615e-03	1209517.000000	0.000000e+00
1.078466e+01	5.681857e+00	5.160148e-03	1212429.000000	0.000000e+00
1.080918e+01	5.675571e+00	5.144980e-03	1216891.000000	0.000000e+00
1.083370e+01	5.656069e+00	5.115096e-03	1222705.000000	0.000000e+00
1.085823e+01	5.634287e+00	5.078885e-03	1230669.000000	0.000000e+00
1.088282e+01	5.618640e+00	5.047342e-03	1239187.000000	0.000000e+00
1.090737e+01	5.600069e+00	5.033654e-03	1237713.000000	0.000000e+00
1.093189e+01	5.570745e+00	4.989110e-03	1246753.000000	0.000000e+00
1.095642e+01	5.560426e+00	4.972908e-03	1250245.000000	0.000000e+00
1.098096e+01	5.534761e+00	4.930539e-03	1260111.000000	0.000000e+00
1.100552e+01	5.510833e+00	4.905656e-03	1261945.000000	0.000000e+00
1.103005e+01	5.495639e+00	4.879164e-03	1268661.000000	0.000000e+00
1.105458e+01	5.483028e+00	4.857599e-03	1274083.000000	0.000000e+00
1.107911e+01	5.466057e+00	4.832465e-03	1279413.000000	0.000000e+00
1.110366e+01	5.433320e+00	4.788538e-03	1287433.000000	0.000000e+00
1.112821e+01	5.425880e+00	4.775121e-03	1291135.000000	0.000000e+00
1.115273e+01	5.410609e+00	4.753578e-03	1295541.000000	0.000000e+00
1.117726e+01	5.379738e+00	4.713021e-03	1302937.000000	0.000000e+00
1.120181e+01	5.365344e+00	4.688365e-03	1309641.000000	0.000000e+00
1.122634e+01	5.360283e+00	4.679019e-03	1312399.000000	0.000000e+00
1.125085e+01	5.346973e+00	4.656043e-03	1318809.000000	0.000000e+00
1.127541e+01	5.324992e+00	4.618068e-03	1329589.000000	0.000000e+00
1.129999e+01	5.314894e+00	4.605622e-03	1331719.000000	0.000000e+00
1.132451e+01	5.299394e+00	4.586158e-03	1335225.000000	0.000000e+00
1.134903e+01	5.282968e+00	4.557520e-03	1343689.000000	0.000000e+00
1.137357e+01	5.263944e+00	4.533551e-03	1348173.000000	0.000000e+00
1.139811e+01	5.253615e+00	4.511167e-03	1356247.000000	0.000000e+00
1.142265e+01	5.237451e+00	4.492913e-03	1358889.000000	0.000000e+00
1.144718e+01	5.229241e+00	4.472180e-03	1367221.000000	0.000000e+00
1.147174e+01	5.211630e+00	4.446041e-03	1374043.000000	0.000000e+00
1.149628e+01	5.196894e+00	4.428268e-03	1377273.000000	0.000000e+00
1.152079e+01	5.184873e+00	4.411412e-03	1381405.000000	0.000000e+00
1.154533e+01	5.170743e+00	4.381006e-03	1393023.000000	0.000000e+00
1.156988e+01	5.155660e+00	4.366857e-03	1393897.000000	0.000000e+00
1.159441e+01	5.147996e+00	4.346319e-03	1402921.000000	0.000000e+00
1.161895e+01	5.132960e+00	4.326255e-03	1407705.000000	0.000000e+00
1.164349e+01	5.122054e+00	4.307164e-03	1414183.000000	0.000000e+00
1.166804e+01	5.107387e+00	4.286343e-03	1419789.000000	0.000000e+00
1.169259e+01	5.090986e+00	4.261260e-03	1427341.000000	0.000000e+00
1.171712e+01	5.090890e+00	4.258886e-03	1428879.000000	0.000000e+00
1.174164e+01	5.078020e+00	4.234258e-03	1438249.000000	0.000000e+00
1.176619e+01	5.069026e+00	4.216341e-03	1445365.000000	0.000000e+00
1.179072e+01	5.058092e+00	4.205420e-03	1446621.000000	0.000000e+00
1.181525e+01	5.052274e+00	4.184958e-03	1457443.000000	0.000000e+00
1.183979e+01	5.038690e+00	4.168541e-03	1461057.000000	0.000000e+00
1.186435e+01	5.038313e+00	4.155461e-03	1470049.000000	0.000000e+00
1.188889e+01	5.035029e+00	4.148012e-03	1473411.000000	0.000000e+00
1.191343e+01	5.018352e+00	4.125181e-03	1479913.000000	0.000000e+00
1.193797e+01	5.007381e+00	4.106634e-03	1486789.000000	0.000000e+00
1.196251e+01	5.001030e+00	4.094686e-03	1491687.000000	0.000000e+00
1.198703e+01	4.994665e+00	4.082030e-03	1497133.000000	0.000000e+00
1.201156e+01	4.985150e+00	4.063509e-03	1505061.000000	0.000000e+00
1.203612e+01	4.978574e+00	4.049515e-03	1511485.000000	0.000000e+00
1.206065e+01	4.967954e+00	4.035592e-03	1515447.000000	0.000000e+00
1.208515e+01	4.959687e+00	4.023069e-03	1519825.000000	0.000000e+00
1.210971e+01	4.964108e+00	4.005787e-03	1535701.000000	0.000000e+00
1.213428e+01	4.954774e+00	4.003010e-03	1532055.000000	0.000000e+00
1.215881e+01	4.946296e+00	3.979305e-03	1545061.000000	0.000000e+00
1.218336e+01	4.944191e+00	3.976907e-03	1545609.000000	0.000000e+00
1.220787e+01	4.943512e+00	3.967602e-03	1552441.000000	0.000000e+00
1.223242e+01	4.938972e+00	3.949461e-03	1563859.000000	0.000000e+00
1.225696e+01	4.926559e+00	3.939895e-03	1563573.000000	0.000000e+00
1.228148e+01	4.926738e+00	3.927438e-03	1573621.000000	0.000000e+00
1.230602e+01	4.925392e+00	3.920061e-03	1578687.000000	0.000000e+00
1.233056e+01	4.922897e+00	3.909499e-03	1585621.000000	0.000000e+00
1.235512e+01	4.917733e+00	3.893619e-03	1595229.000000	0.000000e+00
1.237965e+01	4.922303e+00	3.899551e-03	1593337.000000	0.000000e+00
1.240419e+01	4.913296e+00	3.872524e-03	1609747.000000	0.000000e+00
1.242874e+01	4.912930e+00	3.875383e-03	1607133.000000	0.000000e+00
1.245325e+01	4.904677e+00	3.857895e-03	1616293.000000	0.000000e+00
1.247780e+01	4.910644e+00	3.849135e-03	1627611.000000	0.000000e+00
1.250235e+01	4.913693e+00	3.852905e-03	1626445.000000	0.000000e+00
1.252688e+01	4.913667e+00	3.838024e-03	1639065.000000	0.000000e+00
1.255143e+01	4.914889e+00	3.835977e-03	1641631.000000	0.000000e+00
1.257596e+01	4.902882e+00	3.822558e-03	1645109.500000	0.000000e+00
1.260049e+01	4.892452e+00	3.817740e-03	1642254.000000	0.000000e+00
1.262503e+01	4.875149e+00	3.807860e-03	1639132.000000	0.000000e+00
1.264958e+01	4.867703e+00	3.804618e-03	1636914.000000	0.000000e+00
1.267411e+01	4.853187e+00	3.800512e-03	1630684.000000	0.000000e+00
1.269864e+01	4.835641e+00	3.789052e-03	1628722.000000	0.000000e+00
1.272316e+01	4.820304e+00	3.782030e-03	1624422.000000	0.000000e+00
1.274773e+01	4.799498e+00	3.762409e-03	1627270.000000	0.000000e+00
1.277225e+01	4.780617e+00	3.765152e-03	1612140.000000	0.000000e+00
1.279677e+01	4.775697e+00	3.752631e-03	1619578.000000	0.000000e+00
1.282133e+01	4.760141e+00	3.751505e-03	1610010.000000	0.000000e+00
1.284587e+01	4.748676e+00	3.741663e-03	1610704.000000	0.000000e+00
1.287043e+01	4.735974e+00	3.737975e-03	1605262.000000	0.000000e+00
1.289495e+01	4.709580e+00	3.723995e-03	1599360.000000	0.000000e+00
1.291951e+01	4.699013e+00	3.712655e-03	1601932.000000	0.000000e+00
1.294403e+01	4.687243e+00	3.718881e-03	1588584.000000	0.000000e+00
1.296853e+01	4.675806e+00	3.706228e-03	1591654.000000	0.000000e+00
1.299309e+01	4.665050e+00	3.700757e-03	1589028.000000	0.000000e+00
1.301763e+01	4.645807e+00	3.694509e-03	1581280.000000	0.000000e+00
1.304217e+01	4.631713e+00	3.683574e-03	1581046.000000	0.000000e+00
1.306670e+01	4.610308e+00	3.673637e-03	1574952.000000	0.000000e+00
1.309123e+01	4.600961e+00	3.670263e-03	1571458.000000	0.000000e+00
1.311579e+01	4.591589e+00	3.663085e-03	1571202.000000	0.000000e+00
1.314034e+01	4.581415e+00	3.662798e-03	1564492.000000	0.000000e+00
1.316488e+01	4.568447e+00	3.656961e-03	1560618.000000	0.000000e+00
1.318940e+01	4.554462e+00	3.651247e-03	1555936.000000	0.000000e+00
1.321393e+01	4.546782e+00	3.649378e-03	1552282.000000	0.000000e+00
1.323848e+01	4.523402e+00	3.631157e-03	1551816.000000	0.000000e+00
1.326302e+01	4.517319e+00	3.636831e-03	1542820.000000	0.000000e+00
1.328757e+01	4.501435e+00	3.622132e-03	1544448.000000	0.000000e+00
1.331210e+01	4.488664e+00	3.623334e-03	1534678.000000	0.000000e+00
1.333662e+01	4.477556e+00	3.616016e-03	1533280.000000	0.000000e+00
1.336117e+01	4.461885e+00	3.605948e-03	1531080.000000	0.000000e+00
1.338570e+01	4.448815e+00	3.604780e-03	1523110.000000	0.000000e+00
1.341022e+01	4.443611e+00	3.602775e-03	1521240.000000	0.000000e+00
1.343476e+01	4.432057e+00	3.598573e-03	1516876.000000	0.000000e+00
1.345932e+01	4.410430e+00	3.582513e-03	1515606.000000	0.000000e+00
1.348389e+01	4.409385e+00	3.587017e-03	1511086.000000	0.000000e+00
1.350843e+01	4.403686e+00	3.592416e-03	1502656.000000	0.000000e+00
1.353293e+01	4.380656e+00	3.578301e-03	1498734.000000	0.000000e+00
1.355748e+01	4.376124e+00	3.574852e-03	1498522.000000	0.000000e+00
1.358203e+01	4.358549e+00	3.568617e-03	1491708.000000	0.000000e+00
1.360658e+01	4.351256e+00	3.565188e-03	1489582.000000	0.000000e+00
1.363111e+01	4.340607e+00	3.567080e-03	1480728.000000	0.000000e+00
1.365563e+01	4.325143e+00	3.554554e-03	1480576.000000	0.000000e+00
1.368019e+01	4.320247e+00	3.556191e-03	1475866.000000	0.000000e+00
1.370473e+01	4.300325e+00	3.547398e-03	1469544.000000	0.000000e+00
1.372924e+01	4.296523e+00	3.551151e-03	1463848.000000	0.000000e+00
1.375380e+01	4.286483e+00	3.538893e-03	1467126.000000	0.000000e+00
1.377836e+01	4.278490e+00	3.547512e-03	1454566.000000	0.000000e+00
1.380287e+01	4.259939e+00	3.535724e-03	1451610.000000	0.000000e+00
1.382737e+01	4.259481e+00	3.542419e-03	1445818.000000	0.000000e+00
1.385191e+01	4.245096e+00	3.530214e-03	1446016.000000	0.000000e+00
1.387648e+01	4.236832e+00	3.530289e-03	1440330.000000	0.000000e+00
1.390103e+01	4.230886e+00	3.530348e-03	1436242.000000	0.000000e+00
1.392557e+01	4.212170e+00	3.524889e-03	1427976.000000	0.000000e+00
1.395012e+01	4.198057e+00	3.511930e-03	1428910.000000	0.000000e+00
1.397464e+01	4.196104e+00	3.526990e-03	1415416.000000	0.000000e+00
1.399917e+01	4.181542e+00	3.508299e-03	1420626.000000	0.000000e+00
1.402372e+01	4.170446e+00	3.514037e-03	1408486.000000	0.000000e+00
1.404824e+01	4.161356e+00	3.508184e-03	1407036.000000	0.000000e+00
1.407278e+01	4.154667e+00	3.508296e-03	1402426.000000	0.000000e+00
1.409731e+01	4.143988e+00	3.508112e-03	1395372.000000	0.000000e+00
1.412183e+01	4.135525e+00	3.504509e-03	1392538.000000	0.000000e+00
1.414639e+01	4.129196e+00	3.501923e-03	1390330.000000	0.000000e+00
1.417094e+01	4.116907e+00	3.503897e-03	1380510.000000	0.000000e+00
1.419546e+01	4.106442e+00	3.496657e-03	1379194.000000	0.000000e+00
1.422001e+01	4.098887e+00	3.498855e-03	1372398.000000	0.000000e+00
1.424455e+01	4.096836e+00	3.501242e-03	1369156.000000	0.000000e+00
1.426908e+01	4.089743e+00	3.505833e-03	1360848.000000	0.000000e+00
1.429362e+01	4.073381e+00	3.491709e-03	1360924.000000	0.000000e+00
1.431818e+01	4.065035e+00	3.495421e-03	1352476.000000	0.000000e+00
1.434273e+01	4.065954e+00	3.499852e-03	1349664.000000	0.000000e+00
1.436724e+01	4.051917e+00	3.501905e-03	1338790.000000	0.000000e+00
1.439177e+01	4.048310e+00	3.494441e-03	1342122.000000	0.000000e+00
1.441633e+01	4.038505e+00	3.500242e-03	1331206.000000	0.000000e+00
1.444087e+01	4.037795e+00	3.502498e-03	1329024.000000	0.000000e+00
1.446541e+01	4.031711e+00	3.506655e-03	1321882.000000	0.000000e+00
1.448996e+01	4.023764e+00	3.503115e-03	1319338.000000	0.000000e+00
1.451448e+01	4.015424e+00	3.509766e-03	1308900.000000	0.000000e+00
1.453902e+01	4.005315e+00	3.499297e-03	1310122.000000	0.000000e+00
1.456356e+01	4.000833e+00	3.509122e-03	1299882.000000	0.000000e+00
1.458809e+01	3.990797e+00	3.505123e-03	1296322.000000	0.000000e+00
1.461262e+01	3.984567e+00	3.505309e-03	1292140.000000	0.000000e+00
1.463716e+01	3.975591e+00	3.507925e-03	1284408.000000	0.000000e+00
1.466171e+01	3.971402e+00	3.505926e-03	1283164.000000	0.000000e+00
1.468625e+01	3.959368e+00	3.508474e-03	1273548.000000	0.000000e+00
1.471078e+01	3.952949e+00	3.507865e-03	1269862.000000	0.000000e+00
1.473534e+01	3.950246e+00	3.509355e-03	1267050.000000	0.000000e+00
1.475987e+01	3.944263e+00	3.520249e-03	1255408.000000	0.000000e+00
1.478439e+01	3.938361e+00	3.514906e-03	1255462.000000	0.000000e+00
1.480894e+01	3.933566e+00	3.522801e-03	1246800.000000	0.000000e+00
1.483348e+01	3.928854e+00	3.522111e-03	1244302.000000	0.000000e+00
1.485802e+01	3.915063e+00	3.522763e-03	1235124.000000	0.000000e+00
1.488256e+01	3.910411e+00	3.521567e-03	1233028.000000	0.000000e+00
1.490708e+01	3.910301e+00	3.536295e-03	1222710.000000	0.000000e+00
1.493162e+01	3.908394e+00	3.535588e-03	1222006.000000	0.000000e+00
1.495618e+01	3.888325e+00	3.526458e-03	1215760.000000	0.000000e+00
1.498071e+01	3.894515e+00	3.545092e-03	1206846.000000	0.000000e+00
1.500525e+01	3.890459e+00	3.544911e-03	1204456.000000	0.000000e+00
1.502980e+01	3.880272e+00	3.545664e-03	1197648.000000	0.000000e+00
1.505434e+01	3.874582e+00	3.550916e-03	1190608.000000	0.000000e+00
1.507886e+01	3.877741e+00	3.560562e-03	1186098.000000	0.000000e+00
1.510342e+01	3.865793e+00	3.556933e-03	1181206.000000	0.000000e+00
1.512796e+01	3.863886e+00	3.568043e-03	1172704.000000	0.000000e+00
1.515246e+01	3.865288e+00	3.577406e-03	1167420.000000	0.000000e+00
1.517700e+01	3.857138e+00	3.576278e-03	1163236.000000	0.000000e+00
1.520157e+01	3.853073e+00	3.578750e-03	1159182.000000	0.000000e+00
1.522611e+01	3.849175e+00	3.593144e-03	1147588.000000	0.000000e+00
1.525063e+01	3.843253e+00	3.589700e-03	1146256.000000	0.000000e+00
1.527518e+01	3.839530e+00	3.599233e-03	1137984.000000	0.000000e+00
1.529972e+01	3.829003e+00	3.597210e-03	1133026.000000	0.000000e+00
1.532424e+01	3.831464e+00	3.611674e-03	1125414.000000	0.000000e+00
1.534877e+01	3.836334e+00	3.623336e-03	1121026.000000	0.000000e+00
1.537332e+01	3.829591e+00	3.626155e-03	1115352.000000	0.000000e+00
1.539786e+01	3.829438e+00	3.638405e-03	1107766.000000	0.000000e+00
1.542240e+01	3.824902e+00	3.640924e-03	1103614.000000	0.000000e+00
1.544694e+01	3.819797e+00	3.649809e-03	1095318.000000	0.000000e+00
1.547149e+01	3.813732e+00	3.651204e-03	1091008.000000	0.000000e+00
1.549603e+01	3.817971e+00	3.666934e-03	1084074.000000	0.000000e+00
1.552054e+01	3.815007e+00	3.680958e-03	1074160.000000	0.000000e+00
1.554506e+01	3.810462e+00	3.678142e-03	1073244.000000	0.000000e+00
1.556963e+01	3.802362e+00	3.681809e-03	1066558.000000	0.000000e+00
1.559418e+01	3.810587e+00	3.704798e-03	1057924.000000	0.000000e+00
1.561873e+01	3.804569e+00	3.705739e-03	1054050.000000	0.000000e+00
1.564327e+01	3.809990e+00	3.728328e-03	1044286.000000	0.000000e+00
1.566780e+01	3.803893e+00	3.727147e-03	1041606.000000	0.000000e+00
1.569233e+01	3.795016e+00	3.737893e-03	1030798.000000	0.000000e+00
1.571685e+01	3.803985e+00	3.752640e-03	1027552.000000	0.000000e+00
1.574141e+01	3.803552e+00	3.763610e-03	1021338.000000	0.000000e+00
1.576595e+01	3.796164e+00	3.771098e-03	1013338.000000	0.000000e+00
1.579049e+01	3.795365e+00	3.779925e-03	1008186.000000	0.000000e+00
1.581502e+01	3.803669e+00	3.804822e-03	999394.000000	0.000000e+00
1.583955e+01	3.799525e+00	3.809638e-03	994698.000000	0.000000e+00
1.586407e+01	3.792513e+00	3.817284e-03	987064.000000	0.000000e+00
1.588861e+01	3.797342e+00	3.833849e-03	981046.000000	0.000000e+00
1.591315e+01	3.789965e+00	3.837503e-03	975378.000000	0.000000e+00
1.593770e+01	3.791630e+00	3.853705e-03	968044.000000	0.000000e+00
1.596225e+01	3.798024e+00	3.873341e-03	961488.000000	0.000000e+00
1.598677e+01	3.797611e+00	3.889538e-03	953290.000000	0.000000e+00
1.601131e+01	3.797382e+00	3.897944e-03	949068.000000	0.000000e+00
1.603586e+01	3.802926e+00	3.920404e-03	940966.000000	0.000000e+00
1.606040e+01	3.789442e+00	3.920969e-03	934036.000000	0.000000e+00
1.608493e+01	3.806130e+00	3.951799e-03	927636.000000	0.000000e+00
1.610947e+01	3.804115e+00	3.966486e-03	919804.000000	0.000000e+00
1.613400e+01	3.802365e+00	3.977260e-03	913986.000000	0.000000e+00
1.615854e+01	3.812115e+00	4.001542e-03	907564.000000	0.000000e+00
1.618310e+01	3.807274e+00	4.012150e-03	900480.000000	0.000000e+00
1.620765e+01	3.803408e+00	4.023903e-03	893410.000000	0.000000e+00
1.623216e+01	3.809285e+00	4.052926e-03	883384.000000	0.000000e+00
1.625669e+01	3.814336e+00	4.063834e-03	880980.000000	0.000000e+00
1.628123e+01	3.810166e+00	4.082019e-03	871240.000000	0.000000e+00
1.630580e+01	3.815972e+00	4.097231e-03	867420.000000	0.000000e+00
1.633036e+01	3.816625e+00	4.121525e-03	857518.000000	0.000000e+00
1.635486e+01	3.828988e+00	4.156466e-03	848632.000000	0.000000e+00
1.637939e+01	3.822494e+00	4.156825e-03	845610.000000	0.000000e+00
1.640395e+01	3.822056e+00	4.179355e-03	836326.000000	0.000000e+00
1.642848e+01	3.842066e+00	4.218989e-03	829302.000000	0.000000e+00
1.645298e+01	3.833600e+00	4.232265e-03	820480.000000	0.000000e+00
1.647753e+01	3.838462e+00	4.246596e-03	817020.000000	0.000000e+00
1.650209e+01	3.845549e+00	4.277133e-03	808372.000000	0.000000e+00
1.652660e+01	3.846138e+00	4.304743e-03	798280.000000	0.000000e+00
1.655114e+01	3.856498e+00	4.323488e-03	795642.000000	0.000000e+00
1.657571e+01	3.853030e+00	4.345290e-03	786262.000000	0.000000e+00
1.660025e+01	3.849483e+00	4.364628e-03	777876.000000	0.000000e+00
1.662478e+01	3.863687e+00	4.396178e-03	772420.000000	0.000000e+00
1.664931e+01	3.865748e+00	4.427257e-03	762426.000000	0.000000e+00
1.667386e+01	3.867100e+00	4.439181e-03	758866.000000	0.000000e+00
1.669842e+01	3.870583e+00	4.474492e-03	748282.000000	0.000000e+00
1.672293e+01	3.870728e+00	4.497066e-03	740844.000000	0.000000e+00
1.674748e+01	3.884030e+00	4.527531e-03	735940.000000	0.000000e+00
1.677204e+01	3.891155e+00	4.567234e-03	725856.000000	0.000000e+00
1.679655e+01	3.890260e+00	4.589046e-03	718642.000000	0.000000e+00
1.682107e+01	3.908266e+00	4.633100e-03	711582.000000	0.000000e+00
1.684563e+01	3.901560e+00	4.647449e-03	704770.000000	0.000000e+00
1.687018e+01	3.898381e+00	4.669875e-03	696880.000000	0.000000e+00
1.689472e+01	3.912643e+00	4.717473e-03	687894.000000	0.000000e+00
1.691924e+01	3.926591e+00	4.755477e-03	681778.000000	0.000000e+00
1.694378e+01	3.919914e+00	4.779992e-03	672510.000000	0.000000e+00
1.696830e+01	3.934784e+00	4.822046e-03	665854.000000	0.000000e+00
1.699283e+01	3.939937e+00	4.858510e-03	657616.000000	0.000000e+00
1.701740e+01	3.929423e+00	4.867190e-03	651780.000000	0.000000e+00
1.704195e+01	3.942670e+00	4.920525e-03	642034.000000	0.000000e+00
1.706646e+01	3.948673e+00	4.962916e-03	633036.000000	0.000000e+00
1.709097e+01	3.960414e+00	4.998690e-03	627724.000000	0.000000e+00
1.711553e+01	3.956527e+00	5.027893e-03	619236.000000	0.000000e+00
1.714008e+01	3.960910e+00	5.068062e-03	610810.000000	0.000000e+00
1.716463e+01	3.972196e+00	5.107854e-03	604762.000000	0.000000e+00
1.718918e+01	3.970554e+00	5.152854e-03	593754.000000	0.000000e+00
1.721369e+01	3.990734e+00	5.205420e-03	587752.000000	0.000000e+00
1.723823e+01	3.980089e+00	5.231546e-03	578796.000000	0.000000e+00
1.726278e+01	3.995107e+00	5.282713e-03	571930.000000	0.000000e+00
1.728731e+01	3.979688e+00	5.304101e-03	562956.000000	0.000000e+00
1.731188e+01	3.992520e+00	5.353664e-03	556150.000000	0.000000e+00
1.733641e+01	3.995682e+00	5.405823e-03	546334.000000	0.000000e+00
1.736091e+01	4.003668e+00	5.460481e-03	537594.000000	0.000000e+00
1.738543e+01	4.006645e+00	5.491338e-03	532360.000000	0.000000e+00
1.741000e+01	4.013472e+00	5.555075e-03	521988.000000	0.000000e+00
1.743456e+01	4.016752e+00	5.592345e-03	515896.000000	0.000000e+00
1.745909e+01	4.006862e+00	5.636685e-03	505314.000000	0.000000e+00
1.748363e+01	4.004881e+00	5.671373e-03	498658.000000	0.000000e+00
1.750818e+01	4.011473e+00	5.730290e-03	490066.000000	0.000000e+00
1.753269e+01	4.008433e+00	5.785855e-03	479970.000000	0.000000e+00
1.755722e+01	4.014515e+00	5.828332e-03	474436.000000	0.000000e+00
1.758176e+01	3.986600e+00	5.852656e-03	463980.000000	0.000000e+00
1.760629e+01	4.008179e+00	5.930504e-03	456784.000000	0.000000e+00
1.763083e+01	3.998148e+00	5.970938e-03	448366.000000	0.000000e+00
1.765539e+01	4.003496e+00	6.036169e-03	439902.000000	0.000000e+00
1.767993e+01	3.986552e+00	6.071265e-03	431158.000000	0.000000e+00
1.770446e+01	3.974074e+00	6.111949e-03	422778.000000	0.000000e+00
1.772897e+01	3.955488e+00	6.150610e-03	413584.000000	0.000000e+00
1.775351e+01	3.946672e+00	6.190235e-03	406488.000000	0.000000e+00
1.777808e+01	3.938527e+00	6.244911e-03	397754.500000	0.000000e+00
1.780261e+01	3.929455e+00	6.299040e-03	389149.000000	0.000000e+00
1.782713e+01	3.917774e+00	6.337175e-03	382197.000000	0.000000e+00
1.785169e+01	3.921946e+00	6.399155e-03	375628.000000	0.000000e+00
1.787623e+01	3.907823e+00	6.444028e-03	367752.000000	0.000000e+00
1.790076e+01	3.914018e+00	6.506055e-03	361918.000000	0.000000e+00
1.792530e+01	3.898320e+00	6.541561e-03	355134.000000	0.000000e+00
1.794985e+01	3.896028e+00	6.598067e-03	348667.000000	0.000000e+00
1.797440e+01	3.901035e+00	6.661334e-03	342955.000000	0.000000e+00
1.799891e+01	3.902806e+00	6.735746e-03	335724.000000	0.000000e+00
1.802344e+01	3.884265e+00	6.751048e-03	331036.000000	0.000000e+00
1.804802e+01	3.885317e+00	6.810814e-03	325428.000000	0.000000e+00
1.807255e+01	3.896032e+00	6.906155e-03	318253.000000	0.000000e+00
1.809707e+01	3.900065e+00	6.959554e-03	314037.000000	0.000000e+00
1.812164e+01	3.883711e+00	6.996269e-03	308149.000000	0.000000e+00
1.814617e+01	3.886083e+00	7.068445e-03	302257.000000	0.000000e+00
1.817068e+01	3.881286e+00	7.120523e-03	297117.000000	0.000000e+00
1.819523e+01	3.881855e+00	7.175774e-03	292645.000000	0.000000e+00
1.821979e+01	3.888020e+00	7.256927e-03	287046.000000	0.000000e+00
1.824431e+01	3.874392e+00	7.304598e-03	281329.000000	0.000000e+00
1.826883e+01	3.879679e+00	7.367432e-03	277306.000000	0.000000e+00
1.829337e+01	3.883641e+00	7.443778e-03	272202.000000	0.000000e+00
1.831793e+01	3.882174e+00	7.503022e-03	267718.000000	0.000000e+00
1.834250e+01	3.882729e+00	7.571435e-03	262977.000000	0.000000e+00
1.836701e+01	3.895053e+00	7.682222e-03	257071.000000	0.000000e+00
1.839152e+01	3.867687e+00	7.678064e-03	253746.000000	0.000000e+00
1.841609e+01	3.884230e+00	7.780140e-03	249250.000000	0.000000e+00
1.844064e+01	3.882691e+00	7.857477e-03	244174.000000	0.000000e+00
1.846515e+01	3.893780e+00	7.946654e-03	240090.000000	0.000000e+00
1.848971e+01	3.872230e+00	7.970875e-03	235999.000000	0.000000e+00
1.851428e+01	3.895849e+00	8.092049e-03	231786.000000	0.000000e+00
1.853881e+01	3.885144e+00	8.153382e-03	227059.000000	0.000000e+00
1.856328e+01	3.885093e+00	8.238640e-03	222378.000000	0.000000e+00
1.858784e+01	3.893177e+00	8.296605e-03	220195.000000	0.000000e+00
1.861244e+01	3.906456e+00	8.424840e-03	215002.000000	0.000000e+00
1.863693e+01	3.914280e+00	8.530760e-03	210537.000000	0.000000e+00
1.866143e+01	3.914685e+00	8.598595e-03	207271.000000	0.000000e+00
1.868601e+01	3.926191e+00	8.695482e-03	203871.000000	0.000000e+00
1.871055e+01	3.923124e+00	8.788690e-03	199258.000000	0.000000e+00
1.873503e+01	3.924906e+00	8.880629e-03	195331.000000	0.000000e+00
1.875958e+01	3.922724e+00	8.930540e-03	192939.000000	0.000000e+00
1.878417e+01	3.947311e+00	9.094246e-03	188395.000000	0.000000e+00
1.880870e+01	3.948542e+00	9.180595e-03	184983.000000	0.000000e+00
1.883322e+01	3.955876e+00	9.292676e-03	181219.000000	0.000000e+00
1.885775e+01	3.958931e+00	9.386756e-03	177879.000000	0.000000e+00
1.888231e+01	3.988608e+00	9.544664e-03	174631.000000	0.000000e+00
1.890684e+01	3.993865e+00	9.661034e-03	170899.000000	0.000000e+00
1.893134e+01	3.959003e+00	9.674799e-03	167451.000000	0.000000e+00
1.895590e+01	3.995613e+00	9.840248e-03	164875.000000	0.000000e+00
1.898046e+01	4.006043e+00	9.988208e-03	160863.000000	0.000000e+00
1.900495e+01	4.012277e+00	1.010678e-02	157600.000000	0.000000e+00
1.902946e+01	4.027700e+00	1.023529e-02	154851.000000	0.000000e+00
1.905406e+01	4.025340e+00	1.032074e-02	152119.000000	0.000000e+00
1.907863e+01	4.018334e+00	1.043069e-02	148411.000000	0.000000e+00
1.910311e+01	4.044305e+00	1.062299e-02	144942.000000	0.000000e+00
1.912765e+01	4.043682e+00	1.069237e-02	143023.000000	0.000000e+00
1.915226e+01	4.073412e+00	1.089994e-02	139659.000000	0.000000e+00
1.917678e+01	4.060079e+00	1.099973e-02	136240.000000	0.000000e+00
1.920124e+01	4.068286e+00	1.113788e-02	133419.000000	0.000000e+00
1.922581e+01	4.091566e+00	1.128756e-02	131395.000000	0.000000e+00
1.925040e+01	4.082106e+00	1.141322e-02	127924.000000	0.000000e+00
1.927489e+01	4.097616e+00	1.158893e-02	125019.000000	0.000000e+00
1.929941e+01	4.099676e+00	1.170133e-02	122752.000000	0.000000e+00
1.932402e+01	4.131523e+00	1.191046e-02	120327.000000	0.000000e+00
1.934855e+01	4.108581e+00	1.202862e-02	116668.000000	0.000000e+00
1.937298e+01	4.140996e+00	1.225259e-02	114223.000000	0.000000e+00
1.939755e+01	4.135325e+00	1.231324e-02	112791.000000	0.000000e+00
1.942217e+01	4.155027e+00	1.256724e-02	109312.000000	0.000000e+00
1.944667e+01	4.181192e+00	1.278706e-02	106920.000000	0.000000e+00
1.947113e+01	4.169029e+00	1.292730e-02	104005.000000	0.000000e+00
1.949570e+01	4.200566e+00	1.310095e-02	102804.000000	0.000000e+00
1.952032e+01	4.223531e+00	1.338069e-02	99631.000000	0.000000e+00
1.954482e+01	4.239195e+00	1.360366e-02	97108.000000	0.000000e+00
1.956930e+01	4.274800e+00	1.387403e-02	94935.000000	0.000000e+00
1.959391e+01	4.266526e+00	1.397937e-02	93148.000000	0.000000e+00
1.961850e+01	4.287141e+00	1.426292e-02	90348.000000	0.000000e+00
1.964294e+01	4.335204e+00	1.463869e-02	87703.000000	0.000000e+00
1.966740e+01	4.322044e+00	1.473154e-02	86076.000000	0.000000e+00
1.969204e+01	4.352656e+00	1.498246e-02	84400.000000	0.000000e+00
1.971660e+01	4.357001e+00	1.527776e-02	81331.000000	0.000000e+00
1.974103e+01	4.395782e+00	1.559494e-02	79452.000000	0.000000e+00
1.976563e+01	4.396625e+00	1.572632e-02	78160.000000	0.000000e+00
1.979032e+01	4.401872e+00	1.599359e-02	75750.000000	0.000000e+00
1.981482e+01	4.462439e+00	1.649962e-02	73147.000000	0.000000e+00
1.983914e+01	4.461149e+00	1.676460e-02	70812.000000	0.000000e+00
1.986374e+01	4.499870e+00	1.693117e-02	70636.000000	0.000000e+00
1.988844e+01	4.562042e+00	1.754943e-02	67576.000000	0.000000e+00
1.991292e+01	4.541695e+00	1.771520e-02	65727.000000	0.000000e+00
1.993736e+01	4.528266e+00	1.793658e-02	63736.000000	0.000000e+00
1.996197e+01	4.604620e+00	1.839084e-02	62688.000000	0.000000e+00
1.998658e+01	4.612828e+00	1.879362e-02	60244.000000	0.000000e+00
2.001095e+01	4.656732e+00	1.932404e-02	58072.000000	0.000000e+00
2.003547e+01	4.660095e+00	1.944290e-02	57447.000000	0.000000e+00
2.006019e+01	4.719366e+00	2.005247e-02	55390.000000	0.000000e+00
2.008472e+01	4.746137e+00	2.054547e-02	53364.000000	0.000000e+00
2.010903e+01	4.790668e+00	2.115792e-02	51268.000000	0.000000e+00
2.013363e+01	4.778090e+00	2.112793e-02	51144.000000	0.000000e+00
2.015842e+01	4.884730e+00	2.211848e-02	48772.000000	0.000000e+00
2.018288e+01	4.849424e+00	2.240977e-02	46828.000000	0.000000e+00
2.020721e+01	4.905936e+00	2.303180e-02	45372.000000	0.000000e+00
2.023181e+01	4.929970e+00	2.336006e-02	44539.000000	0.000000e+00
2.025650e+01	4.932613e+00	2.386500e-02	42720.000000	0.000000e+00
2.028095e+01	4.999287e+00	2.470901e-02	40936.000000	0.000000e+00
2.030542e+01	5.034864e+00	2.518125e-02	39978.000000	0.000000e+00
2.033011e+01	5.007391e+00	2.548431e-02	38608.000000	0.000000e+00
2.035466e+01	5.073699e+00	2.641549e-02	36892.000000	0.000000e+00
2.037892e+01	5.118822e+00	2.728031e-02	35208.000000	0.000000e+00
2.040348e+01	5.146216e+00	2.749983e-02	35020.000000	0.000000e+00
2.042837e+01	5.153043e+00	2.820802e-02	33372.000000	0.000000e+00
2.045281e+01	5.248784e+00	2.961118e-02	31420.000000	0.000000e+00
2.047697e+01	5.220166e+00	2.996535e-02	30348.000000	0.000000e+00
2.050165e+01	5.269895e+00	3.040549e-02	30040.000000	0.000000e+00
2.052659e+01	5.350605e+00	3.167869e-02	28528.000000	0.000000e+00
2.055100e+01	5.448534e+00	3.339330e-02	26622.000000	0.000000e+00
2.057510e+01	5.438708e+00	3.387305e-02	25780.000000	0.000000e+00
2.059985e+01	5.506170e+00	3.451347e-02	25452.000000	0.000000e+00
2.062477e+01	5.519400e+00	3.564243e-02	23980.000000	0.000000e+00
2.064904e+01	5.563801e+00	3.733843e-02	22204.000000	0.000000e+00
2.067328e+01	5.621501e+00	3.796578e-02	21924.000000	0.000000e+00
2.069813e+01	5.695175e+00	3.925187e-02	21052.000000	0.000000e+00
2.072282e+01	5.684452e+00	4.047129e-02	19728.000000	0.000000e+00
2.074689e+01	5.758777e+00	4.255151e-02	18316.000000	0.000000e+00
2.077148e+01	5.789790e+00	4.254209e-02	18522.000000	0.000000e+00
2.079650e+01	5.868475e+00	4.493520e-02	17056.000000	0.000000e+00
2.082086e+01	5.992999e+00	4.752608e-02	15901.000000	0.000000e+00
2.084494e+01	5.964420e+00	4.848642e-02	15132.000000	0.000000e+00
2.086988e+01	5.958798e+00	4.862746e-02	15016.000000	0.000000e+00
2.089484e+01	6.099069e+00	5.237617e-02	13560.000000	0.000000e+00
2.091874e+01	6.076087e+00	5.448583e-02	12436.000000	0.000000e+00
2.094286e+01	6.086701e+00	5.485519e-02	12312.000000	0.000000e+00
2.096835e+01	6.225014e+00	5.678850e-02	12016.000000	0.000000e+00
2.099333e+01	6.310786e+00	6.184074e-02	10414.000000	0.000000e+00
2.101635e+01	6.334562e+00	6.577127e-02	9276.000000	0.000000e+00
2.104066e+01	6.306590e+00	6.318924e-02	9961.000000	0.000000e+00
2.106684e+01	6.384499e+00	6.646195e-02	9228.000000	0.000000e+00
2.109169e+01	6.517384e+00	7.411864e-02	7732.000000	0.000000e+00
2.111385e+01	6.513780e+00	7.924799e-02	6756.000000	0.000000e+00
2.113864e+01	6.624124e+00	7.521588e-02	7756.000000	0.000000e+00
2.116547e+01	6.728084e+00	8.147028e-02	6820.000000	0.000000e+00
2.118998e+01	6.838210e+00	9.342026e-02	5358.000000	0.000000e+00
2.121167e+01	6.965212e+00	9.857200e-02	4993.000000	0.000000e+00
2.123701e+01	6.929145e+00	9.326315e-02	5520.000000	0.000000e+00
2.126409e+01	7.009090e+00	1.012519e-01	4792.000000	0.000000e+00
2.128812e+01	6.954755e+00	1.186466e-01	3436.000000	0.000000e+00
2.130920e+01	7.271838e+00	1.232692e-01	3480.000000	0.000000e+00
2.133536e+01	7.229911e+00	1.185231e-01	3721.000000	0.000000e+00
2.136298e+01	7.285952e+00	1.301893e-01	3132.000000	0.000000e+00
2.138535e+01	7.513287e+00	1.783829e-01	1774.000000	0.000000e+00
2.140616e+01	7.657759e+00	1.559240e-01	2412.000000	0.000000e+00
2.143360e+01	7.731640e+00	1.643914e-01	2212.000000	0.000000e+00
2.146162e+01	7.789943e+00	1.817522e-01	1837.000000	0.000000e+00
2.148292e+01	8.084499e+00	2.830141e-01	816.000000	0.000000e+00
2.150387e+01	7.651166e+00	2.065621e-01	1372.000000	0.000000e+00
2.153200e+01	8.131875e+00	2.460817e-01	1092.000000	0.000000e+00
2.156014e+01	8.199107e+00	2.822249e-01	844.000000	0.000000e+00
2.158178e+01	8.213209e+00	4.460803e-01	339.000000	0.000000e+00
2.160234e+01	8.073004e+00	3.500091e-01	532.000000	0.000000e+00
2.163046e+01	8.254716e+00	4.326647e-01	364.000000	0.000000e+00
2.165853e+01	8.979658e+00	5.946924e-01	228.000000	0.000000e+00
2.168066e+01	1.023738e+01	1.198194e+00	73.000000	0.000000e+00
2.170037e+01	7.713500e+00	8.416119e-01	84.000000	0.000000e+00
2.172766e+01	6.163229e+00	1.164741e+00	28.000000	0.000000e+00
2.175143e+01	1.745388e+01	1.007700e+01	3.000000	0.000000e+00
