# [<k> (h/Mpc)]	[<P_0(k)> (Mpc/h)^3]	[ErrorBar (Mpc/h)^3]	nModes	[<P_2(k)> (Mpc/h)^3]
3.476422e-02	2.462256e+04	6.829069e+03	13.000000	0.000000e+00
5.890282e-02	1.016739e+04	1.769916e+03	33.000000	0.000000e+00
8.378087e-02	8.838839e+03	9.944471e+02	79.000000	0.000000e+00
1.087368e-01	4.766854e+03	4.406959e+02	117.000000	0.000000e+00
1.341836e-01	3.547193e+03	2.477467e+02	205.000000	0.000000e+00
1.581206e-01	2.887572e+03	1.883644e+02	235.000000	0.000000e+00
1.826843e-01	2.640875e+03	1.374785e+02	369.000000	0.000000e+00
2.073525e-01	2.186892e+03	1.050953e+02	433.000000	0.000000e+00
2.322407e-01	1.938050e+03	8.012850e+01	585.000000	0.000000e+00
2.568838e-01	1.617347e+03	6.206808e+01	679.000000	0.000000e+00
2.811185e-01	1.432009e+03	5.022276e+01	813.000000	0.000000e+00
3.057758e-01	1.259432e+03	4.012884e+01	985.000000	0.000000e+00
3.308750e-01	1.185890e+03	3.447879e+01	1183.000000	0.000000e+00
3.553459e-01	1.041959e+03	2.924961e+01	1269.000000	0.000000e+00
3.797184e-01	9.989374e+02	2.548011e+01	1537.000000	0.000000e+00
4.042043e-01	9.075293e+02	2.232154e+01	1653.000000	0.000000e+00
4.287408e-01	8.350309e+02	1.884701e+01	1963.000000	0.000000e+00
4.533372e-01	8.227876e+02	1.786559e+01	2121.000000	0.000000e+00
4.779960e-01	7.804220e+02	1.588733e+01	2413.000000	0.000000e+00
5.026630e-01	7.462365e+02	1.453738e+01	2635.000000	0.000000e+00
5.271488e-01	7.021791e+02	1.309115e+01	2877.000000	0.000000e+00
5.515428e-01	6.698095e+02	1.189845e+01	3169.000000	0.000000e+00
5.762241e-01	6.265933e+02	1.058078e+01	3507.000000	0.000000e+00
6.007286e-01	6.237278e+02	1.027487e+01	3685.000000	0.000000e+00
6.252569e-01	5.858574e+02	9.077880e+00	4165.000000	0.000000e+00
6.499966e-01	5.681382e+02	8.587479e+00	4377.000000	0.000000e+00
6.746858e-01	5.728815e+02	8.221862e+00	4855.000000	0.000000e+00
6.991271e-01	5.329609e+02	7.591296e+00	4929.000000	0.000000e+00
7.235757e-01	5.151858e+02	6.896168e+00	5581.000000	0.000000e+00
7.479714e-01	5.162183e+02	6.850108e+00	5679.000000	0.000000e+00
7.726133e-01	4.917898e+02	6.154589e+00	6385.000000	0.000000e+00
7.972413e-01	4.796939e+02	5.925761e+00	6553.000000	0.000000e+00
8.218513e-01	4.638751e+02	5.495518e+00	7125.000000	0.000000e+00
8.464491e-01	4.652094e+02	5.390856e+00	7447.000000	0.000000e+00
8.709767e-01	4.467973e+02	5.017661e+00	7929.000000	0.000000e+00
8.955547e-01	4.367371e+02	4.778580e+00	8353.000000	0.000000e+00
9.199772e-01	4.153435e+02	4.433879e+00	8775.000000	0.000000e+00
9.444963e-01	4.077159e+02	4.224865e+00	9313.000000	0.000000e+00
9.690846e-01	3.903241e+02	3.934647e+00	9841.000000	0.000000e+00
9.935517e-01	3.900834e+02	3.864107e+00	10191.000000	0.000000e+00
1.018099e+00	3.748853e+02	3.591244e+00	10897.000000	0.000000e+00
1.042679e+00	3.717140e+02	3.496636e+00	11301.000000	0.000000e+00
1.067353e+00	3.594925e+02	3.278289e+00	12025.000000	0.000000e+00
1.092004e+00	3.495996e+02	3.136589e+00	12423.000000	0.000000e+00
1.116549e+00	3.464836e+02	3.036411e+00	13021.000000	0.000000e+00
1.140967e+00	3.363901e+02	2.905426e+00	13405.000000	0.000000e+00
1.165410e+00	3.310544e+02	2.773561e+00	14247.000000	0.000000e+00
1.189942e+00	3.224922e+02	2.664133e+00	14653.000000	0.000000e+00
1.214340e+00	3.147527e+02	2.541885e+00	15333.000000	0.000000e+00
1.238824e+00	3.087979e+02	2.445162e+00	15949.000000	0.000000e+00
1.263616e+00	3.056844e+02	2.340435e+00	17059.000000	0.000000e+00
1.288278e+00	2.985614e+02	2.283356e+00	17097.000000	0.000000e+00
1.312698e+00	2.916503e+02	2.175950e+00	17965.000000	0.000000e+00
1.337129e+00	2.795393e+02	2.053494e+00	18531.000000	0.000000e+00
1.361846e+00	2.815324e+02	2.007415e+00	19669.000000	0.000000e+00
1.386459e+00	2.704408e+02	1.917442e+00	19893.000000	0.000000e+00
1.410760e+00	2.691152e+02	1.880270e+00	20485.000000	0.000000e+00
1.435294e+00	2.650699e+02	1.797301e+00	21751.000000	0.000000e+00
1.459966e+00	2.568217e+02	1.723325e+00	22209.000000	0.000000e+00
1.484553e+00	2.529242e+02	1.666248e+00	23041.000000	0.000000e+00
1.509059e+00	2.502754e+02	1.626022e+00	23691.000000	0.000000e+00
1.533565e+00	2.451516e+02	1.567592e+00	24457.000000	0.000000e+00
1.558284e+00	2.382963e+02	1.483654e+00	25797.000000	0.000000e+00
1.582818e+00	2.366951e+02	1.478565e+00	25627.000000	0.000000e+00
1.607259e+00	2.319967e+02	1.406247e+00	27217.000000	0.000000e+00
1.631809e+00	2.266750e+02	1.365686e+00	27549.000000	0.000000e+00
1.656366e+00	2.212474e+02	1.303419e+00	28813.000000	0.000000e+00
1.680925e+00	2.219224e+02	1.295269e+00	29355.000000	0.000000e+00
1.705257e+00	2.127841e+02	1.230213e+00	29917.000000	0.000000e+00
1.729806e+00	2.121192e+02	1.192264e+00	31653.000000	0.000000e+00
1.754462e+00	2.089914e+02	1.169193e+00	31951.000000	0.000000e+00
1.778992e+00	2.017646e+02	1.109652e+00	33061.000000	0.000000e+00
1.803411e+00	1.996935e+02	1.089466e+00	33597.000000	0.000000e+00
1.827963e+00	1.945585e+02	1.037044e+00	35197.000000	0.000000e+00
1.852647e+00	1.927603e+02	1.018443e+00	35823.000000	0.000000e+00
1.877249e+00	1.890872e+02	9.836958e-01	36949.000000	0.000000e+00
1.901733e+00	1.843321e+02	9.543204e-01	37309.000000	0.000000e+00
1.926241e+00	1.822772e+02	9.221104e-01	39075.000000	0.000000e+00
1.950830e+00	1.790198e+02	9.021977e-01	39373.000000	0.000000e+00
1.975308e+00	1.765099e+02	8.735011e-01	40833.000000	0.000000e+00
1.999729e+00	1.743667e+02	8.590116e-01	41203.000000	0.000000e+00
2.024419e+00	1.690554e+02	8.088034e-01	43689.000000	0.000000e+00
2.049126e+00	1.677559e+02	8.042080e-01	43513.000000	0.000000e+00
2.073508e+00	1.646944e+02	7.812794e-01	44437.000000	0.000000e+00
2.097846e+00	1.618212e+02	7.573738e-01	45651.000000	0.000000e+00
2.122473e+00	1.587483e+02	7.285020e-01	47485.000000	0.000000e+00
2.147106e+00	1.561916e+02	7.132037e-01	47961.000000	0.000000e+00
2.171601e+00	1.537333e+02	6.934568e-01	49147.000000	0.000000e+00
2.196158e+00	1.518034e+02	6.766896e-01	50325.000000	0.000000e+00
2.220735e+00	1.491798e+02	6.564157e-01	51649.000000	0.000000e+00
2.245251e+00	1.477246e+02	6.468643e-01	52153.000000	0.000000e+00
2.269729e+00	1.450414e+02	6.244885e-01	53943.000000	0.000000e+00
2.294271e+00	1.414668e+02	6.048849e-01	54697.000000	0.000000e+00
2.318928e+00	1.400131e+02	5.877666e-01	56745.000000	0.000000e+00
2.343538e+00	1.379278e+02	5.776805e-01	57007.000000	0.000000e+00
2.368026e+00	1.346548e+02	5.569147e-01	58461.000000	0.000000e+00
2.392423e+00	1.336811e+02	5.501653e-01	59041.000000	0.000000e+00
2.416863e+00	1.315129e+02	5.324148e-01	61015.000000	0.000000e+00
2.441509e+00	1.293682e+02	5.169065e-01	62637.000000	0.000000e+00
2.466080e+00	1.279927e+02	5.092526e-01	63169.000000	0.000000e+00
2.490575e+00	1.255608e+02	4.939933e-01	64605.000000	0.000000e+00
2.515186e+00	1.230471e+02	4.772029e-01	66487.000000	0.000000e+00
2.539777e+00	1.210551e+02	4.675616e-01	67033.000000	0.000000e+00
2.564215e+00	1.200280e+02	4.594729e-01	68241.000000	0.000000e+00
2.588707e+00	1.172861e+02	4.433283e-01	69991.000000	0.000000e+00
2.613337e+00	1.159325e+02	4.335479e-01	71505.000000	0.000000e+00
2.637925e+00	1.140980e+02	4.231399e-01	72709.000000	0.000000e+00
2.662420e+00	1.123601e+02	4.145226e-01	73473.000000	0.000000e+00
2.686963e+00	1.117685e+02	4.060606e-01	75763.000000	0.000000e+00
2.711515e+00	1.089770e+02	3.946242e-01	76261.000000	0.000000e+00
2.735982e+00	1.076354e+02	3.854335e-01	77985.000000	0.000000e+00
2.760573e+00	1.062474e+02	3.756155e-01	80011.000000	0.000000e+00
2.785237e+00	1.042066e+02	3.661242e-01	81009.000000	0.000000e+00
2.809671e+00	1.029029e+02	3.602300e-01	81601.000000	0.000000e+00
2.834151e+00	1.016102e+02	3.504197e-01	84081.000000	0.000000e+00
2.858722e+00	1.008062e+02	3.454395e-01	85159.000000	0.000000e+00
2.883250e+00	9.849344e+01	3.345688e-01	86665.000000	0.000000e+00
2.907819e+00	9.718450e+01	3.269760e-01	88341.000000	0.000000e+00
2.932335e+00	9.593997e+01	3.207296e-01	89479.000000	0.000000e+00
2.956914e+00	9.461090e+01	3.127381e-01	91521.000000	0.000000e+00
2.981449e+00	9.381707e+01	3.085938e-01	92425.000000	0.000000e+00
3.005876e+00	9.253090e+01	3.024806e-01	93579.000000	0.000000e+00
3.030403e+00	9.140234e+01	2.945384e-01	96301.000000	0.000000e+00
3.055041e+00	9.028616e+01	2.889146e-01	97657.000000	0.000000e+00
3.079692e+00	8.906473e+01	2.825061e-01	99393.000000	0.000000e+00
3.104241e+00	8.806240e+01	2.782066e-01	100195.000000	0.000000e+00
3.128710e+00	8.694714e+01	2.726312e-01	101709.000000	0.000000e+00
3.153123e+00	8.557994e+01	2.666301e-01	103021.000000	0.000000e+00
3.177619e+00	8.468729e+01	2.605985e-01	105607.000000	0.000000e+00
3.202185e+00	8.287989e+01	2.535976e-01	106809.000000	0.000000e+00
3.226708e+00	8.300585e+01	2.518650e-01	108613.000000	0.000000e+00
3.251321e+00	8.154653e+01	2.450038e-01	110781.000000	0.000000e+00
3.275882e+00	8.013754e+01	2.398392e-01	111643.000000	0.000000e+00
3.300393e+00	7.944069e+01	2.356336e-01	113661.000000	0.000000e+00
3.324955e+00	7.852624e+01	2.312989e-01	115261.000000	0.000000e+00
3.349528e+00	7.743435e+01	2.259233e-01	117475.000000	0.000000e+00
3.374087e+00	7.647524e+01	2.222620e-01	118389.000000	0.000000e+00
3.398541e+00	7.581383e+01	2.188438e-01	120013.000000	0.000000e+00
3.423011e+00	7.491521e+01	2.145705e-01	121899.000000	0.000000e+00
3.447546e+00	7.338591e+01	2.083037e-01	124117.000000	0.000000e+00
3.472176e+00	7.311071e+01	2.054215e-01	126669.000000	0.000000e+00
3.496772e+00	7.224210e+01	2.027474e-01	126961.000000	0.000000e+00
3.521302e+00	7.105453e+01	1.971494e-01	129895.000000	0.000000e+00
3.545845e+00	7.065532e+01	1.956161e-01	130461.000000	0.000000e+00
3.570351e+00	6.935660e+01	1.899497e-01	133321.000000	0.000000e+00
3.594817e+00	6.914299e+01	1.891505e-01	133623.000000	0.000000e+00
3.619340e+00	6.807036e+01	1.836302e-01	137413.000000	0.000000e+00
3.643921e+00	6.719310e+01	1.807200e-01	138241.000000	0.000000e+00
3.668501e+00	6.641044e+01	1.768833e-01	140961.000000	0.000000e+00
3.693083e+00	6.565966e+01	1.740864e-01	142255.000000	0.000000e+00
3.717636e+00	6.519862e+01	1.717151e-01	144165.000000	0.000000e+00
3.742123e+00	6.391852e+01	1.676451e-01	145369.000000	0.000000e+00
3.766623e+00	6.340586e+01	1.647094e-01	148191.000000	0.000000e+00
3.791211e+00	6.311261e+01	1.628513e-01	150193.000000	0.000000e+00
3.815740e+00	6.252790e+01	1.606573e-01	151477.000000	0.000000e+00
3.840250e+00	6.159462e+01	1.570806e-01	153759.000000	0.000000e+00
3.864816e+00	6.057566e+01	1.533089e-01	156121.000000	0.000000e+00
3.889416e+00	6.031758e+01	1.516355e-01	158229.000000	0.000000e+00
3.913984e+00	5.935369e+01	1.485640e-01	159613.000000	0.000000e+00
3.938439e+00	5.864701e+01	1.462292e-01	160851.000000	0.000000e+00
3.962856e+00	5.828462e+01	1.443870e-01	162949.000000	0.000000e+00
3.987408e+00	5.758914e+01	1.409818e-01	166861.000000	0.000000e+00
4.011951e+00	5.694795e+01	1.393763e-01	166947.000000	0.000000e+00
4.036502e+00	5.637149e+01	1.363968e-01	170809.000000	0.000000e+00
4.061101e+00	5.553099e+01	1.338812e-01	172041.000000	0.000000e+00
4.085632e+00	5.519809e+01	1.324000e-01	173809.000000	0.000000e+00
4.110226e+00	5.445548e+01	1.292991e-01	177375.000000	0.000000e+00
4.134760e+00	5.420328e+01	1.288449e-01	176977.000000	0.000000e+00
4.159247e+00	5.360822e+01	1.260658e-01	180829.000000	0.000000e+00
4.183807e+00	5.298285e+01	1.239953e-01	182583.000000	0.000000e+00
4.208321e+00	5.241114e+01	1.221493e-01	184105.000000	0.000000e+00
4.232839e+00	5.203639e+01	1.202393e-01	187293.000000	0.000000e+00
4.257376e+00	5.151024e+01	1.186957e-01	188329.000000	0.000000e+00
4.281944e+00	5.086522e+01	1.159473e-01	192451.000000	0.000000e+00
4.306505e+00	5.049213e+01	1.150568e-01	192585.000000	0.000000e+00
4.331033e+00	4.983191e+01	1.125252e-01	196117.000000	0.000000e+00
4.355617e+00	4.937340e+01	1.109005e-01	198207.000000	0.000000e+00
4.380161e+00	4.895561e+01	1.095785e-01	199597.000000	0.000000e+00
4.404676e+00	4.857345e+01	1.079258e-01	202557.000000	0.000000e+00
4.429249e+00	4.805690e+01	1.061796e-01	204847.000000	0.000000e+00
4.453772e+00	4.766901e+01	1.049406e-01	206341.000000	0.000000e+00
4.478282e+00	4.696709e+01	1.026822e-01	209217.000000	0.000000e+00
4.502777e+00	4.663065e+01	1.016343e-01	210505.000000	0.000000e+00
4.527289e+00	4.614290e+01	9.967698e-02	214299.000000	0.000000e+00
4.551889e+00	4.583956e+01	9.850227e-02	216565.000000	0.000000e+00
4.576426e+00	4.534332e+01	9.715461e-02	217821.000000	0.000000e+00
4.600893e+00	4.470221e+01	9.527620e-02	220135.000000	0.000000e+00
4.625467e+00	4.444761e+01	9.384884e-02	224305.000000	0.000000e+00
4.650035e+00	4.405137e+01	9.288640e-02	224913.000000	0.000000e+00
4.674541e+00	4.340002e+01	9.094381e-02	227737.000000	0.000000e+00
4.699104e+00	4.307321e+01	8.965127e-02	230835.000000	0.000000e+00
4.723670e+00	4.275346e+01	8.861378e-02	232777.000000	0.000000e+00
4.748182e+00	4.256553e+01	8.792186e-02	234381.000000	0.000000e+00
4.772682e+00	4.191484e+01	8.597939e-02	237655.000000	0.000000e+00
4.797203e+00	4.162539e+01	8.508863e-02	239317.000000	0.000000e+00
4.821755e+00	4.118984e+01	8.346563e-02	243537.000000	0.000000e+00
4.846361e+00	4.076436e+01	8.231833e-02	245227.000000	0.000000e+00
4.870915e+00	4.046415e+01	8.137399e-02	247269.000000	0.000000e+00
4.895426e+00	4.009965e+01	8.025952e-02	249625.000000	0.000000e+00
4.919952e+00	3.961740e+01	7.886703e-02	252337.000000	0.000000e+00
4.944496e+00	3.953286e+01	7.823475e-02	255339.000000	0.000000e+00
4.969013e+00	3.919768e+01	7.740095e-02	256465.000000	0.000000e+00
4.993562e+00	3.882570e+01	7.595774e-02	261273.000000	0.000000e+00
5.018138e+00	3.839509e+01	7.497282e-02	262267.000000	0.000000e+00
5.042642e+00	3.816205e+01	7.417718e-02	264681.000000	0.000000e+00
5.067215e+00	3.766060e+01	7.260043e-02	269089.000000	0.000000e+00
5.091775e+00	3.731551e+01	7.189992e-02	269353.000000	0.000000e+00
5.116309e+00	3.688198e+01	7.045490e-02	274035.000000	0.000000e+00
5.140838e+00	3.679482e+01	7.025790e-02	274273.000000	0.000000e+00
5.165333e+00	3.630554e+01	6.879345e-02	278517.000000	0.000000e+00
5.189818e+00	3.598980e+01	6.808256e-02	279439.000000	0.000000e+00
5.214351e+00	3.567236e+01	6.684896e-02	284757.000000	0.000000e+00
5.238947e+00	3.527833e+01	6.592007e-02	286405.000000	0.000000e+00
5.263479e+00	3.516548e+01	6.546759e-02	288523.000000	0.000000e+00
5.288002e+00	3.491676e+01	6.465434e-02	291657.000000	0.000000e+00
5.312546e+00	3.463582e+01	6.383760e-02	294373.000000	0.000000e+00
5.337121e+00	3.421014e+01	6.268654e-02	297825.000000	0.000000e+00
5.361672e+00	3.398201e+01	6.210752e-02	299371.000000	0.000000e+00
5.386196e+00	3.368053e+01	6.122589e-02	302613.000000	0.000000e+00
5.410715e+00	3.347237e+01	6.064543e-02	304633.000000	0.000000e+00
5.435244e+00	3.308307e+01	5.956063e-02	308527.000000	0.000000e+00
5.459823e+00	3.290009e+01	5.896101e-02	311361.000000	0.000000e+00
5.484389e+00	3.241749e+01	5.784219e-02	314101.000000	0.000000e+00
5.508889e+00	3.226741e+01	5.751438e-02	314757.000000	0.000000e+00
5.533464e+00	3.194795e+01	5.628907e-02	322135.000000	0.000000e+00
5.558036e+00	3.171649e+01	5.605642e-02	320125.000000	0.000000e+00
5.582484e+00	3.146105e+01	5.521547e-02	324657.000000	0.000000e+00
5.606956e+00	3.117200e+01	5.455932e-02	326431.000000	0.000000e+00
5.631560e+00	3.094102e+01	5.356927e-02	333609.000000	0.000000e+00
5.656168e+00	3.076875e+01	5.331962e-02	333001.000000	0.000000e+00
5.680698e+00	3.041327e+01	5.241292e-02	336705.000000	0.000000e+00
5.705204e+00	3.025457e+01	5.200538e-02	338443.000000	0.000000e+00
5.729704e+00	3.003307e+01	5.134188e-02	342181.000000	0.000000e+00
5.754232e+00	2.980554e+01	5.073306e-02	345153.000000	0.000000e+00
5.778772e+00	2.945212e+01	4.988167e-02	348619.000000	0.000000e+00
5.803342e+00	2.925489e+01	4.934914e-02	351429.000000	0.000000e+00
5.827902e+00	2.908568e+01	4.883633e-02	354709.000000	0.000000e+00
5.852409e+00	2.882561e+01	4.832439e-02	355815.000000	0.000000e+00
5.876957e+00	2.853844e+01	4.745104e-02	361717.000000	0.000000e+00
5.901534e+00	2.837591e+01	4.710741e-02	362845.000000	0.000000e+00
5.926030e+00	2.816402e+01	4.660586e-02	365181.000000	0.000000e+00
5.950548e+00	2.794899e+01	4.595737e-02	369847.000000	0.000000e+00
5.975137e+00	2.769878e+01	4.534323e-02	373161.000000	0.000000e+00
5.999657e+00	2.744977e+01	4.489207e-02	373885.000000	0.000000e+00
6.024161e+00	2.733481e+01	4.440214e-02	378987.000000	0.000000e+00
6.048714e+00	2.710453e+01	4.389566e-02	381277.000000	0.000000e+00
6.073267e+00	2.677225e+01	4.312069e-02	385477.000000	0.000000e+00
6.097868e+00	2.683665e+01	4.303681e-02	388845.000000	0.000000e+00
6.122369e+00	2.652506e+01	4.254971e-02	388615.000000	0.000000e+00
6.146867e+00	2.627893e+01	4.180829e-02	395085.000000	0.000000e+00
6.171452e+00	2.613354e+01	4.145670e-02	397381.000000	0.000000e+00
6.195974e+00	2.583332e+01	4.085265e-02	399871.000000	0.000000e+00
6.220444e+00	2.571170e+01	4.057811e-02	401493.000000	0.000000e+00
6.244986e+00	2.552521e+01	3.991546e-02	408937.000000	0.000000e+00
6.269588e+00	2.533766e+01	3.958086e-02	409791.000000	0.000000e+00
6.294124e+00	2.506773e+01	3.900596e-02	413017.000000	0.000000e+00
6.318633e+00	2.489720e+01	3.861256e-02	415761.000000	0.000000e+00
6.343202e+00	2.472938e+01	3.811902e-02	420865.000000	0.000000e+00
6.367770e+00	2.453576e+01	3.773540e-02	422767.000000	0.000000e+00
6.392288e+00	2.436925e+01	3.736222e-02	425421.000000	0.000000e+00
6.416837e+00	2.423264e+01	3.693189e-02	430525.000000	0.000000e+00
6.441383e+00	2.399322e+01	3.651556e-02	431739.000000	0.000000e+00
6.465913e+00	2.385127e+01	3.609998e-02	436525.000000	0.000000e+00
6.490433e+00	2.365890e+01	3.573392e-02	438357.000000	0.000000e+00
6.514946e+00	2.351284e+01	3.535142e-02	442381.000000	0.000000e+00
6.539518e+00	2.337619e+01	3.494207e-02	447559.000000	0.000000e+00
6.564059e+00	2.321169e+01	3.468912e-02	447741.000000	0.000000e+00
6.588587e+00	2.296945e+01	3.409517e-02	453853.000000	0.000000e+00
6.613110e+00	2.284702e+01	3.389187e-02	454431.000000	0.000000e+00
6.637622e+00	2.265387e+01	3.340273e-02	459961.000000	0.000000e+00
6.662172e+00	2.258935e+01	3.320639e-02	462769.000000	0.000000e+00
6.686693e+00	2.244611e+01	3.288974e-02	465759.000000	0.000000e+00
6.711227e+00	2.222015e+01	3.241291e-02	469957.000000	0.000000e+00
6.735777e+00	2.213126e+01	3.216288e-02	473481.000000	0.000000e+00
6.760323e+00	2.197972e+01	3.184982e-02	476245.000000	0.000000e+00
6.784855e+00	2.182784e+01	3.149584e-02	480303.000000	0.000000e+00
6.809427e+00	2.162305e+01	3.106257e-02	484573.000000	0.000000e+00
6.833979e+00	2.149632e+01	3.081952e-02	486493.000000	0.000000e+00
6.858503e+00	2.135143e+01	3.048305e-02	490611.000000	0.000000e+00
6.883055e+00	2.113343e+01	3.005995e-02	494269.000000	0.000000e+00
6.907584e+00	2.106882e+01	2.987728e-02	497277.000000	0.000000e+00
6.932134e+00	2.093711e+01	2.955978e-02	501685.000000	0.000000e+00
6.956669e+00	2.074645e+01	2.921934e-02	504135.000000	0.000000e+00
6.981221e+00	2.058988e+01	2.885569e-02	509149.000000	0.000000e+00
7.005753e+00	2.043838e+01	2.860193e-02	510625.000000	0.000000e+00
7.030233e+00	2.036724e+01	2.839642e-02	514443.000000	0.000000e+00
7.054782e+00	2.023398e+01	2.805858e-02	520033.000000	0.000000e+00
7.079343e+00	2.007783e+01	2.776858e-02	522789.000000	0.000000e+00
7.103883e+00	1.990951e+01	2.745137e-02	526009.000000	0.000000e+00
7.128424e+00	1.979902e+01	2.718387e-02	530475.000000	0.000000e+00
7.152965e+00	1.960429e+01	2.685285e-02	532993.000000	0.000000e+00
7.177501e+00	1.956134e+01	2.668072e-02	537529.000000	0.000000e+00
7.202013e+00	1.945004e+01	2.647573e-02	539691.000000	0.000000e+00
7.226577e+00	1.926698e+01	2.605939e-02	546637.000000	0.000000e+00
7.251125e+00	1.915949e+01	2.590641e-02	546957.000000	0.000000e+00
7.275651e+00	1.902659e+01	2.559374e-02	552655.000000	0.000000e+00
7.300226e+00	1.893409e+01	2.537706e-02	556681.000000	0.000000e+00
7.324759e+00	1.876339e+01	2.510726e-02	558501.000000	0.000000e+00
7.349299e+00	1.871716e+01	2.491874e-02	564193.000000	0.000000e+00
7.373825e+00	1.859238e+01	2.472288e-02	565551.000000	0.000000e+00
7.398312e+00	1.846081e+01	2.445553e-02	569833.000000	0.000000e+00
7.422892e+00	1.834567e+01	2.414345e-02	577389.000000	0.000000e+00
7.447442e+00	1.818617e+01	2.395550e-02	576331.000000	0.000000e+00
7.471956e+00	1.806608e+01	2.366380e-02	582853.000000	0.000000e+00
7.496499e+00	1.800602e+01	2.352378e-02	585897.000000	0.000000e+00
7.521014e+00	1.786900e+01	2.329038e-02	588637.000000	0.000000e+00
7.545557e+00	1.770460e+01	2.294754e-02	595251.000000	0.000000e+00
7.570086e+00	1.761851e+01	2.282449e-02	595849.000000	0.000000e+00
7.594613e+00	1.754050e+01	2.260229e-02	602253.000000	0.000000e+00
7.619172e+00	1.741640e+01	2.237542e-02	605863.000000	0.000000e+00
7.643756e+00	1.726888e+01	2.209473e-02	610873.000000	0.000000e+00
7.668263e+00	1.716527e+01	2.197152e-02	610353.000000	0.000000e+00
7.692777e+00	1.708038e+01	2.171651e-02	618607.000000	0.000000e+00
7.717371e+00	1.697524e+01	2.152069e-02	622185.000000	0.000000e+00
7.741929e+00	1.686796e+01	2.133242e-02	625237.000000	0.000000e+00
7.766457e+00	1.677747e+01	2.117077e-02	628029.000000	0.000000e+00
7.790953e+00	1.667323e+01	2.097345e-02	631975.000000	0.000000e+00
7.815489e+00	1.655431e+01	2.073301e-02	637525.000000	0.000000e+00
7.840050e+00	1.651769e+01	2.061806e-02	641805.000000	0.000000e+00
7.864588e+00	1.639054e+01	2.041933e-02	644323.000000	0.000000e+00
7.889126e+00	1.629326e+01	2.021881e-02	649389.000000	0.000000e+00
7.913643e+00	1.619375e+01	2.005952e-02	651709.000000	0.000000e+00
7.938181e+00	1.609359e+01	1.983527e-02	658309.000000	0.000000e+00
7.962760e+00	1.597823e+01	1.962911e-02	662607.000000	0.000000e+00
7.987311e+00	1.590315e+01	1.951289e-02	664237.000000	0.000000e+00
8.011811e+00	1.579100e+01	1.931819e-02	668169.000000	0.000000e+00
8.036325e+00	1.567552e+01	1.909924e-02	673615.000000	0.000000e+00
8.060868e+00	1.557954e+01	1.892572e-02	677649.000000	0.000000e+00
8.085446e+00	1.549051e+01	1.873146e-02	683893.000000	0.000000e+00
8.109989e+00	1.543127e+01	1.865967e-02	683905.000000	0.000000e+00
8.134471e+00	1.529466e+01	1.842796e-02	688851.000000	0.000000e+00
8.159038e+00	1.521406e+01	1.822090e-02	697189.000000	0.000000e+00
8.183598e+00	1.516525e+01	1.817470e-02	696249.000000	0.000000e+00
8.208073e+00	1.505217e+01	1.797289e-02	701395.000000	0.000000e+00
8.232590e+00	1.497727e+01	1.781876e-02	706497.000000	0.000000e+00
8.257144e+00	1.489840e+01	1.765276e-02	712285.000000	0.000000e+00
8.281710e+00	1.479573e+01	1.748969e-02	715663.000000	0.000000e+00
8.306271e+00	1.472174e+01	1.734905e-02	720057.000000	0.000000e+00
8.330826e+00	1.461179e+01	1.716560e-02	724585.000000	0.000000e+00
8.355374e+00	1.451936e+01	1.702565e-02	727257.000000	0.000000e+00
8.379901e+00	1.446962e+01	1.690415e-02	732703.000000	0.000000e+00
8.404418e+00	1.437022e+01	1.676371e-02	734829.000000	0.000000e+00
8.428928e+00	1.430239e+01	1.661846e-02	740689.000000	0.000000e+00
8.453504e+00	1.422864e+01	1.645200e-02	747979.000000	0.000000e+00
8.478051e+00	1.414729e+01	1.636895e-02	746973.000000	0.000000e+00
8.502580e+00	1.405173e+01	1.615729e-02	756349.000000	0.000000e+00
8.527138e+00	1.401416e+01	1.611107e-02	756633.000000	0.000000e+00
8.551634e+00	1.387463e+01	1.589858e-02	761599.000000	0.000000e+00
8.576156e+00	1.380190e+01	1.575768e-02	767173.000000	0.000000e+00
8.600697e+00	1.374113e+01	1.564666e-02	771261.000000	0.000000e+00
8.625259e+00	1.367311e+01	1.550627e-02	777535.000000	0.000000e+00
8.649836e+00	1.357197e+01	1.536099e-02	780633.000000	0.000000e+00
8.674376e+00	1.350111e+01	1.524087e-02	784729.000000	0.000000e+00
8.698927e+00	1.344386e+01	1.512794e-02	789747.000000	0.000000e+00
8.723450e+00	1.338974e+01	1.504662e-02	791893.000000	0.000000e+00
8.747957e+00	1.330220e+01	1.489396e-02	797677.000000	0.000000e+00
8.772521e+00	1.323527e+01	1.475669e-02	804429.000000	0.000000e+00
8.797047e+00	1.316287e+01	1.467500e-02	804535.000000	0.000000e+00
8.821541e+00	1.309246e+01	1.453945e-02	810861.000000	0.000000e+00
8.846076e+00	1.302955e+01	1.442108e-02	816325.000000	0.000000e+00
8.870641e+00	1.293459e+01	1.426301e-02	822399.000000	0.000000e+00
8.895170e+00	1.289416e+01	1.421752e-02	822505.000000	0.000000e+00
8.919713e+00	1.278306e+01	1.400883e-02	832657.000000	0.000000e+00
8.944263e+00	1.275057e+01	1.397990e-02	831861.000000	0.000000e+00
8.968772e+00	1.269522e+01	1.385711e-02	839335.000000	0.000000e+00
8.993334e+00	1.259960e+01	1.370899e-02	844701.000000	0.000000e+00
9.017895e+00	1.251707e+01	1.359311e-02	847945.000000	0.000000e+00
9.042430e+00	1.246278e+01	1.349466e-02	852915.000000	0.000000e+00
9.066970e+00	1.239168e+01	1.338731e-02	856789.000000	0.000000e+00
9.091538e+00	1.233069e+01	1.325880e-02	864901.000000	0.000000e+00
9.116063e+00	1.226750e+01	1.320954e-02	862455.000000	0.000000e+00
9.140573e+00	1.219863e+01	1.305222e-02	873481.000000	0.000000e+00
9.165140e+00	1.213149e+01	1.296288e-02	875841.000000	0.000000e+00
9.189653e+00	1.206573e+01	1.287126e-02	878749.000000	0.000000e+00
9.214176e+00	1.202388e+01	1.277037e-02	886507.000000	0.000000e+00
9.238722e+00	1.196593e+01	1.269001e-02	889137.000000	0.000000e+00
9.263252e+00	1.189929e+01	1.257645e-02	895213.000000	0.000000e+00
9.287810e+00	1.184940e+01	1.248576e-02	900663.000000	0.000000e+00
9.312363e+00	1.178170e+01	1.238970e-02	904261.000000	0.000000e+00
9.336898e+00	1.171659e+01	1.228829e-02	909117.000000	0.000000e+00
9.361428e+00	1.164461e+01	1.218722e-02	912937.000000	0.000000e+00
9.385969e+00	1.158904e+01	1.208234e-02	920011.000000	0.000000e+00
9.410496e+00	1.152838e+01	1.201101e-02	921249.000000	0.000000e+00
9.435027e+00	1.147063e+01	1.189433e-02	930025.000000	0.000000e+00
9.459577e+00	1.143113e+01	1.183885e-02	932307.000000	0.000000e+00
9.484080e+00	1.135399e+01	1.173634e-02	935905.000000	0.000000e+00
9.508599e+00	1.132060e+01	1.165235e-02	943869.000000	0.000000e+00
9.533177e+00	1.126010e+01	1.155587e-02	949465.000000	0.000000e+00
9.557740e+00	1.117702e+01	1.145033e-02	952831.000000	0.000000e+00
9.582283e+00	1.113287e+01	1.137625e-02	957669.000000	0.000000e+00
9.606825e+00	1.107288e+01	1.128696e-02	962425.000000	0.000000e+00
9.631356e+00	1.102000e+01	1.120639e-02	967011.000000	0.000000e+00
9.655881e+00	1.099852e+01	1.115967e-02	971329.000000	0.000000e+00
9.680426e+00	1.090518e+01	1.102289e-02	978757.000000	0.000000e+00
9.704942e+00	1.087300e+01	1.098948e-02	978915.000000	0.000000e+00
9.729497e+00	1.078690e+01	1.083264e-02	991573.000000	0.000000e+00
9.754046e+00	1.076620e+01	1.082577e-02	989025.000000	0.000000e+00
9.778535e+00	1.072693e+01	1.075012e-02	995689.000000	0.000000e+00
9.803103e+00	1.066929e+01	1.063527e-02	1006407.000000	0.000000e+00
9.827649e+00	1.062126e+01	1.060379e-02	1003297.000000	0.000000e+00
9.852180e+00	1.056435e+01	1.048304e-02	1015573.000000	0.000000e+00
9.876731e+00	1.051590e+01	1.043711e-02	1015155.000000	0.000000e+00
9.901284e+00	1.049644e+01	1.036701e-02	1025125.000000	0.000000e+00
9.925835e+00	1.042124e+01	1.028723e-02	1026225.000000	0.000000e+00
9.950350e+00	1.037736e+01	1.021823e-02	1031389.000000	0.000000e+00
9.974902e+00	1.032986e+01	1.012900e-02	1040055.000000	0.000000e+00
9.999429e+00	1.026592e+01	1.007148e-02	1038985.000000	0.000000e+00
1.002392e+01	1.022640e+01	9.991026e-03	1047673.000000	0.000000e+00
1.004849e+01	1.020904e+01	9.937181e-03	1055463.000000	0.000000e+00
1.007303e+01	1.015430e+01	9.880596e-03	1056169.000000	0.000000e+00
1.009756e+01	1.011150e+01	9.800407e-03	1064493.000000	0.000000e+00
1.012209e+01	1.006035e+01	9.741181e-03	1066603.000000	0.000000e+00
1.014664e+01	1.000718e+01	9.646107e-03	1076265.000000	0.000000e+00
1.017120e+01	9.990646e+00	9.620717e-03	1078381.000000	0.000000e+00
1.019572e+01	9.928546e+00	9.543040e-03	1082425.000000	0.000000e+00
1.022025e+01	9.886141e+00	9.467230e-03	1090455.000000	0.000000e+00
1.024479e+01	9.868831e+00	9.437689e-03	1093453.000000	0.000000e+00
1.026933e+01	9.810930e+00	9.352922e-03	1100337.000000	0.000000e+00
1.029386e+01	9.779042e+00	9.306003e-03	1104247.000000	0.000000e+00
1.031842e+01	9.735260e+00	9.231368e-03	1112149.000000	0.000000e+00
1.034296e+01	9.692527e+00	9.179678e-03	1114857.000000	0.000000e+00
1.036749e+01	9.638550e+00	9.107439e-03	1120033.000000	0.000000e+00
1.039203e+01	9.625937e+00	9.064778e-03	1127643.000000	0.000000e+00
1.041655e+01	9.573874e+00	9.012978e-03	1128337.000000	0.000000e+00
1.044111e+01	9.531978e+00	8.921144e-03	1141629.000000	0.000000e+00
1.046570e+01	9.506675e+00	8.895460e-03	1142143.000000	0.000000e+00
1.049021e+01	9.460759e+00	8.841935e-03	1144873.000000	0.000000e+00
1.051473e+01	9.418117e+00	8.766564e-03	1154169.000000	0.000000e+00
1.053925e+01	9.374513e+00	8.722765e-03	1155019.000000	0.000000e+00
1.056380e+01	9.346435e+00	8.647626e-03	1168149.000000	0.000000e+00
1.058835e+01	9.298791e+00	8.609102e-03	1166641.000000	0.000000e+00
1.061283e+01	9.255687e+00	8.554002e-03	1170789.000000	0.000000e+00
1.063739e+01	9.233745e+00	8.479798e-03	1185727.000000	0.000000e+00
1.066197e+01	9.183242e+00	8.439335e-03	1184065.000000	0.000000e+00
1.068650e+01	9.164161e+00	8.395606e-03	1191465.000000	0.000000e+00
1.071103e+01	9.132320e+00	8.355804e-03	1194499.000000	0.000000e+00
1.073555e+01	9.094000e+00	8.294983e-03	1201929.000000	0.000000e+00
1.076011e+01	9.062916e+00	8.240659e-03	1209517.000000	0.000000e+00
1.078466e+01	9.038255e+00	8.208361e-03	1212429.000000	0.000000e+00
1.080918e+01	8.980818e+00	8.141230e-03	1216891.000000	0.000000e+00
1.083370e+01	8.978293e+00	8.119568e-03	1222705.000000	0.000000e+00
1.085823e+01	8.935614e+00	8.054781e-03	1230669.000000	0.000000e+00
1.088282e+01	8.913115e+00	8.006839e-03	1239187.000000	0.000000e+00
1.090737e+01	8.864534e+00	7.967938e-03	1237713.000000	0.000000e+00
1.093189e+01	8.830206e+00	7.908254e-03	1246753.000000	0.000000e+00
1.095642e+01	8.810285e+00	7.879386e-03	1250245.000000	0.000000e+00
1.098096e+01	8.793084e+00	7.833157e-03	1260111.000000	0.000000e+00
1.100552e+01	8.750691e+00	7.789726e-03	1261945.000000	0.000000e+00
1.103005e+01	8.721406e+00	7.743080e-03	1268661.000000	0.000000e+00
1.105458e+01	8.690271e+00	7.699003e-03	1274083.000000	0.000000e+00
1.107911e+01	8.665147e+00	7.660737e-03	1279413.000000	0.000000e+00
1.110366e+01	8.628796e+00	7.604801e-03	1287433.000000	0.000000e+00
1.112821e+01	8.607121e+00	7.574816e-03	1291135.000000	0.000000e+00
1.115273e+01	8.593050e+00	7.549562e-03	1295541.000000	0.000000e+00
1.117726e+01	8.559179e+00	7.498431e-03	1302937.000000	0.000000e+00
1.120181e+01	8.519943e+00	7.444929e-03	1309641.000000	0.000000e+00
1.122634e+01	8.512189e+00	7.430334e-03	1312399.000000	0.000000e+00
1.125085e+01	8.465102e+00	7.371252e-03	1318809.000000	0.000000e+00
1.127541e+01	8.453780e+00	7.331490e-03	1329589.000000	0.000000e+00
1.129999e+01	8.420700e+00	7.296959e-03	1331719.000000	0.000000e+00
1.132451e+01	8.412035e+00	7.279874e-03	1335225.000000	0.000000e+00
1.134903e+01	8.384130e+00	7.232836e-03	1343689.000000	0.000000e+00
1.137357e+01	8.360581e+00	7.200517e-03	1348173.000000	0.000000e+00
1.139811e+01	8.329985e+00	7.152779e-03	1356247.000000	0.000000e+00
1.142265e+01	8.302319e+00	7.122089e-03	1358889.000000	0.000000e+00
1.144718e+01	8.289150e+00	7.089093e-03	1367221.000000	0.000000e+00
1.147174e+01	8.289864e+00	7.072081e-03	1374043.000000	0.000000e+00
1.149628e+01	8.247296e+00	7.027512e-03	1377273.000000	0.000000e+00
1.152079e+01	8.231181e+00	7.003282e-03	1381405.000000	0.000000e+00
1.154533e+01	8.214458e+00	6.959849e-03	1393023.000000	0.000000e+00
1.156988e+01	8.203614e+00	6.948481e-03	1393897.000000	0.000000e+00
1.159441e+01	8.176377e+00	6.903102e-03	1402921.000000	0.000000e+00
1.161895e+01	8.143864e+00	6.863959e-03	1407705.000000	0.000000e+00
1.164349e+01	8.135929e+00	6.841548e-03	1414183.000000	0.000000e+00
1.166804e+01	8.118755e+00	6.813614e-03	1419789.000000	0.000000e+00
1.169259e+01	8.099430e+00	6.779389e-03	1427341.000000	0.000000e+00
1.171712e+01	8.085333e+00	6.763947e-03	1428879.000000	0.000000e+00
1.174164e+01	8.076344e+00	6.734382e-03	1438249.000000	0.000000e+00
1.176619e+01	8.056018e+00	6.700877e-03	1445365.000000	0.000000e+00
1.179072e+01	8.037309e+00	6.682413e-03	1446621.000000	0.000000e+00
1.181525e+01	8.010127e+00	6.635041e-03	1457443.000000	0.000000e+00
1.183979e+01	7.997824e+00	6.616651e-03	1461057.000000	0.000000e+00
1.186435e+01	7.996943e+00	6.595658e-03	1470049.000000	0.000000e+00
1.188889e+01	7.989675e+00	6.582141e-03	1473411.000000	0.000000e+00
1.191343e+01	7.970923e+00	6.552251e-03	1479913.000000	0.000000e+00
1.193797e+01	7.944391e+00	6.515323e-03	1486789.000000	0.000000e+00
1.196251e+01	7.947343e+00	6.507034e-03	1491687.000000	0.000000e+00
1.198703e+01	7.931418e+00	6.482173e-03	1497133.000000	0.000000e+00
1.201156e+01	7.922278e+00	6.457628e-03	1505061.000000	0.000000e+00
1.203612e+01	7.901364e+00	6.426880e-03	1511485.000000	0.000000e+00
1.206065e+01	7.892272e+00	6.411087e-03	1515447.000000	0.000000e+00
1.208515e+01	7.890285e+00	6.400235e-03	1519825.000000	0.000000e+00
1.210971e+01	7.879190e+00	6.358113e-03	1535701.000000	0.000000e+00
1.213428e+01	7.867742e+00	6.356425e-03	1532055.000000	0.000000e+00
1.215881e+01	7.850849e+00	6.316024e-03	1545061.000000	0.000000e+00
1.218336e+01	7.851648e+00	6.315548e-03	1545609.000000	0.000000e+00
1.220787e+01	7.850143e+00	6.300428e-03	1552441.000000	0.000000e+00
1.223242e+01	7.842428e+00	6.271216e-03	1563859.000000	0.000000e+00
1.225696e+01	7.831556e+00	6.263095e-03	1563573.000000	0.000000e+00
1.228148e+01	7.830687e+00	6.242374e-03	1573621.000000	0.000000e+00
1.230602e+01	7.829755e+00	6.231608e-03	1578687.000000	0.000000e+00
1.233056e+01	7.811435e+00	6.203419e-03	1585621.000000	0.000000e+00
1.235512e+01	7.804967e+00	6.179589e-03	1595229.000000	0.000000e+00
1.237965e+01	7.809954e+00	6.187207e-03	1593337.000000	0.000000e+00
1.240419e+01	7.814708e+00	6.159337e-03	1609747.000000	0.000000e+00
1.242874e+01	7.792519e+00	6.146841e-03	1607133.000000	0.000000e+00
1.245325e+01	7.810345e+00	6.143420e-03	1616293.000000	0.000000e+00
1.247780e+01	7.798023e+00	6.112364e-03	1627611.000000	0.000000e+00
1.250235e+01	7.796996e+00	6.113750e-03	1626445.000000	0.000000e+00
1.252688e+01	7.798357e+00	6.091231e-03	1639065.000000	0.000000e+00
1.255143e+01	7.815831e+00	6.100106e-03	1641631.000000	0.000000e+00
1.257596e+01	7.781142e+00	6.066608e-03	1645109.500000	0.000000e+00
1.260049e+01	7.779661e+00	6.070724e-03	1642254.000000	0.000000e+00
1.262503e+01	7.744130e+00	6.048750e-03	1639132.000000	0.000000e+00
1.264958e+01	7.728315e+00	6.040486e-03	1636914.000000	0.000000e+00
1.267411e+01	7.697582e+00	6.027947e-03	1630684.000000	0.000000e+00
1.269864e+01	7.672072e+00	6.011588e-03	1628722.000000	0.000000e+00
1.272316e+01	7.650798e+00	6.002847e-03	1624422.000000	0.000000e+00
1.274773e+01	7.619101e+00	5.972744e-03	1627270.000000	0.000000e+00
1.277225e+01	7.606327e+00	5.990645e-03	1612140.000000	0.000000e+00
1.279677e+01	7.587568e+00	5.962133e-03	1619578.000000	0.000000e+00
1.282133e+01	7.571982e+00	5.967540e-03	1610010.000000	0.000000e+00
1.284587e+01	7.546521e+00	5.946192e-03	1610704.000000	0.000000e+00
1.287043e+01	7.522180e+00	5.937051e-03	1605262.000000	0.000000e+00
1.289495e+01	7.500088e+00	5.930526e-03	1599360.000000	0.000000e+00
1.291951e+01	7.475644e+00	5.906451e-03	1601932.000000	0.000000e+00
1.294403e+01	7.461513e+00	5.920001e-03	1588584.000000	0.000000e+00
1.296853e+01	7.436239e+00	5.894257e-03	1591654.000000	0.000000e+00
1.299309e+01	7.418942e+00	5.885403e-03	1589028.000000	0.000000e+00
1.301763e+01	7.388159e+00	5.875325e-03	1581280.000000	0.000000e+00
1.304217e+01	7.376574e+00	5.866546e-03	1581046.000000	0.000000e+00
1.306670e+01	7.348550e+00	5.855554e-03	1574952.000000	0.000000e+00
1.309123e+01	7.335603e+00	5.851732e-03	1571458.000000	0.000000e+00
1.311579e+01	7.319674e+00	5.839501e-03	1571202.000000	0.000000e+00
1.314034e+01	7.294291e+00	5.831716e-03	1564492.000000	0.000000e+00
1.316488e+01	7.278388e+00	5.826221e-03	1560618.000000	0.000000e+00
1.318940e+01	7.252096e+00	5.813902e-03	1555936.000000	0.000000e+00
1.321393e+01	7.239504e+00	5.810634e-03	1552282.000000	0.000000e+00
1.323848e+01	7.215402e+00	5.792158e-03	1551816.000000	0.000000e+00
1.326302e+01	7.179795e+00	5.780354e-03	1542820.000000	0.000000e+00
1.328757e+01	7.176270e+00	5.774470e-03	1544448.000000	0.000000e+00
1.331210e+01	7.162756e+00	5.781913e-03	1534678.000000	0.000000e+00
1.333662e+01	7.140189e+00	5.766323e-03	1533280.000000	0.000000e+00
1.336117e+01	7.118752e+00	5.753140e-03	1531080.000000	0.000000e+00
1.338570e+01	7.092105e+00	5.746580e-03	1523110.000000	0.000000e+00
1.341022e+01	7.083405e+00	5.743058e-03	1521240.000000	0.000000e+00
1.343476e+01	7.064079e+00	5.735622e-03	1516876.000000	0.000000e+00
1.345932e+01	7.049919e+00	5.726523e-03	1515606.000000	0.000000e+00
1.348389e+01	7.031733e+00	5.720287e-03	1511086.000000	0.000000e+00
1.350843e+01	7.017115e+00	5.724385e-03	1502656.000000	0.000000e+00
1.353293e+01	6.990838e+00	5.710406e-03	1498734.000000	0.000000e+00
1.355748e+01	6.976396e+00	5.699012e-03	1498522.000000	0.000000e+00
1.358203e+01	6.961190e+00	5.699563e-03	1491708.000000	0.000000e+00
1.360658e+01	6.952761e+00	5.696723e-03	1489582.000000	0.000000e+00
1.363111e+01	6.916473e+00	5.683908e-03	1480728.000000	0.000000e+00
1.365563e+01	6.905641e+00	5.675298e-03	1480576.000000	0.000000e+00
1.368019e+01	6.901523e+00	5.680956e-03	1475866.000000	0.000000e+00
1.370473e+01	6.870197e+00	5.667322e-03	1469544.000000	0.000000e+00
1.372924e+01	6.855467e+00	5.666163e-03	1463848.000000	0.000000e+00
1.375380e+01	6.833857e+00	5.641989e-03	1467126.000000	0.000000e+00
1.377836e+01	6.821466e+00	5.656021e-03	1454566.000000	0.000000e+00
1.380287e+01	6.809660e+00	5.651978e-03	1451610.000000	0.000000e+00
1.382737e+01	6.791023e+00	5.647788e-03	1445818.000000	0.000000e+00
1.385191e+01	6.780346e+00	5.638522e-03	1446016.000000	0.000000e+00
1.387648e+01	6.761673e+00	5.634082e-03	1440330.000000	0.000000e+00
1.390103e+01	6.750134e+00	5.632466e-03	1436242.000000	0.000000e+00
1.392557e+01	6.738463e+00	5.638978e-03	1427976.000000	0.000000e+00
1.395012e+01	6.723038e+00	5.624231e-03	1428910.000000	0.000000e+00
1.397464e+01	6.705399e+00	5.636151e-03	1415416.000000	0.000000e+00
1.399917e+01	6.691652e+00	5.614272e-03	1420626.000000	0.000000e+00
1.402372e+01	6.684228e+00	5.632160e-03	1408486.000000	0.000000e+00
1.404824e+01	6.665297e+00	5.619102e-03	1407036.000000	0.000000e+00
1.407278e+01	6.660256e+00	5.624073e-03	1402426.000000	0.000000e+00
1.409731e+01	6.652283e+00	5.631521e-03	1395372.000000	0.000000e+00
1.412183e+01	6.626912e+00	5.615749e-03	1392538.000000	0.000000e+00
1.414639e+01	6.622104e+00	5.616129e-03	1390330.000000	0.000000e+00
1.417094e+01	6.596735e+00	5.614477e-03	1380510.000000	0.000000e+00
1.419546e+01	6.592082e+00	5.613192e-03	1379194.000000	0.000000e+00
1.422001e+01	6.578682e+00	5.615635e-03	1372398.000000	0.000000e+00
1.424455e+01	6.564264e+00	5.609958e-03	1369156.000000	0.000000e+00
1.426908e+01	6.547223e+00	5.612448e-03	1360848.000000	0.000000e+00
1.429362e+01	6.534240e+00	5.601162e-03	1360924.000000	0.000000e+00
1.431818e+01	6.533967e+00	5.618394e-03	1352476.000000	0.000000e+00
1.434273e+01	6.518983e+00	5.611345e-03	1349664.000000	0.000000e+00
1.436724e+01	6.495808e+00	5.614058e-03	1338790.000000	0.000000e+00
1.439177e+01	6.484622e+00	5.597430e-03	1342122.000000	0.000000e+00
1.441633e+01	6.481841e+00	5.617922e-03	1331206.000000	0.000000e+00
1.444087e+01	6.468161e+00	5.610666e-03	1329024.000000	0.000000e+00
1.446541e+01	6.453833e+00	5.613340e-03	1321882.000000	0.000000e+00
1.448996e+01	6.445433e+00	5.611436e-03	1319338.000000	0.000000e+00
1.451448e+01	6.423900e+00	5.614945e-03	1308900.000000	0.000000e+00
1.453902e+01	6.416144e+00	5.605550e-03	1310122.000000	0.000000e+00
1.456356e+01	6.409954e+00	5.622157e-03	1299882.000000	0.000000e+00
1.458809e+01	6.410172e+00	5.630062e-03	1296322.000000	0.000000e+00
1.461262e+01	6.390081e+00	5.621492e-03	1292140.000000	0.000000e+00
1.463716e+01	6.381285e+00	5.630626e-03	1284408.000000	0.000000e+00
1.466171e+01	6.365575e+00	5.619485e-03	1283164.000000	0.000000e+00
1.468625e+01	6.359329e+00	5.635126e-03	1273548.000000	0.000000e+00
1.471078e+01	6.343536e+00	5.629284e-03	1269862.000000	0.000000e+00
1.473534e+01	6.322589e+00	5.616918e-03	1267050.000000	0.000000e+00
1.475987e+01	6.331420e+00	5.650784e-03	1255408.000000	0.000000e+00
1.478439e+01	6.326205e+00	5.646008e-03	1255462.000000	0.000000e+00
1.480894e+01	6.310230e+00	5.651280e-03	1246800.000000	0.000000e+00
1.483348e+01	6.304119e+00	5.651471e-03	1244302.000000	0.000000e+00
1.485802e+01	6.283345e+00	5.653737e-03	1235124.000000	0.000000e+00
1.488256e+01	6.288774e+00	5.663430e-03	1233028.000000	0.000000e+00
1.490708e+01	6.285038e+00	5.683897e-03	1222710.000000	0.000000e+00
1.493162e+01	6.278424e+00	5.679550e-03	1222006.000000	0.000000e+00
1.495618e+01	6.269412e+00	5.685948e-03	1215760.000000	0.000000e+00
1.498071e+01	6.265889e+00	5.703701e-03	1206846.000000	0.000000e+00
1.500525e+01	6.254462e+00	5.698945e-03	1204456.000000	0.000000e+00
1.502980e+01	6.235162e+00	5.697485e-03	1197648.000000	0.000000e+00
1.505434e+01	6.239245e+00	5.718046e-03	1190608.000000	0.000000e+00
1.507886e+01	6.232349e+00	5.722574e-03	1186098.000000	0.000000e+00
1.510342e+01	6.214867e+00	5.718327e-03	1181206.000000	0.000000e+00
1.512796e+01	6.210500e+00	5.734986e-03	1172704.000000	0.000000e+00
1.515246e+01	6.214660e+00	5.751800e-03	1167420.000000	0.000000e+00
1.517700e+01	6.191447e+00	5.740613e-03	1163236.000000	0.000000e+00
1.520157e+01	6.201223e+00	5.759722e-03	1159182.000000	0.000000e+00
1.522611e+01	6.188834e+00	5.777179e-03	1147588.000000	0.000000e+00
1.525063e+01	6.191187e+00	5.782732e-03	1146256.000000	0.000000e+00
1.527518e+01	6.180642e+00	5.793827e-03	1137984.000000	0.000000e+00
1.529972e+01	6.178460e+00	5.804440e-03	1133026.000000	0.000000e+00
1.532424e+01	6.180098e+00	5.825581e-03	1125414.000000	0.000000e+00
1.534877e+01	6.165144e+00	5.822847e-03	1121026.000000	0.000000e+00
1.537332e+01	6.167009e+00	5.839406e-03	1115352.000000	0.000000e+00
1.539786e+01	6.165036e+00	5.857490e-03	1107766.000000	0.000000e+00
1.542240e+01	6.150039e+00	5.854223e-03	1103614.000000	0.000000e+00
1.544694e+01	6.158025e+00	5.883982e-03	1095318.000000	0.000000e+00
1.547149e+01	6.147826e+00	5.885828e-03	1091008.000000	0.000000e+00
1.549603e+01	6.148821e+00	5.905578e-03	1084074.000000	0.000000e+00
1.552054e+01	6.143318e+00	5.927458e-03	1074160.000000	0.000000e+00
1.554506e+01	6.141825e+00	5.928547e-03	1073244.000000	0.000000e+00
1.556963e+01	6.134406e+00	5.939915e-03	1066558.000000	0.000000e+00
1.559418e+01	6.138532e+00	5.968116e-03	1057924.000000	0.000000e+00
1.561873e+01	6.136694e+00	5.977283e-03	1054050.000000	0.000000e+00
1.564327e+01	6.140669e+00	6.009052e-03	1044286.000000	0.000000e+00
1.566780e+01	6.135536e+00	6.011748e-03	1041606.000000	0.000000e+00
1.569233e+01	6.138018e+00	6.045627e-03	1030798.000000	0.000000e+00
1.571685e+01	6.135204e+00	6.052393e-03	1027552.000000	0.000000e+00
1.574141e+01	6.127898e+00	6.063548e-03	1021338.000000	0.000000e+00
1.576595e+01	6.127647e+00	6.087186e-03	1013338.000000	0.000000e+00
1.579049e+01	6.131358e+00	6.106416e-03	1008186.000000	0.000000e+00
1.581502e+01	6.127767e+00	6.129625e-03	999394.000000	0.000000e+00
1.583955e+01	6.130281e+00	6.146598e-03	994698.000000	0.000000e+00
1.586407e+01	6.115806e+00	6.155751e-03	987064.000000	0.000000e+00
1.588861e+01	6.120776e+00	6.179621e-03	981046.000000	0.000000e+00
1.591315e+01	6.132198e+00	6.209114e-03	975378.000000	0.000000e+00
1.593770e+01	6.127164e+00	6.227475e-03	968044.000000	0.000000e+00
1.596225e+01	6.137431e+00	6.259140e-03	961488.000000	0.000000e+00
1.598677e+01	6.138327e+00	6.286913e-03	953290.000000	0.000000e+00
1.601131e+01	6.125164e+00	6.287371e-03	949068.000000	0.000000e+00
1.603586e+01	6.136500e+00	6.326066e-03	940966.000000	0.000000e+00
1.606040e+01	6.136677e+00	6.349674e-03	934036.000000	0.000000e+00
1.608493e+01	6.135657e+00	6.370482e-03	927636.000000	0.000000e+00
1.610947e+01	6.128208e+00	6.389779e-03	919804.000000	0.000000e+00
1.613400e+01	6.134469e+00	6.416633e-03	913986.000000	0.000000e+00
1.615854e+01	6.138676e+00	6.443711e-03	907564.000000	0.000000e+00
1.618310e+01	6.134218e+00	6.464310e-03	900480.000000	0.000000e+00
1.620765e+01	6.144456e+00	6.500669e-03	893410.000000	0.000000e+00
1.623216e+01	6.149547e+00	6.542871e-03	883384.000000	0.000000e+00
1.625669e+01	6.147771e+00	6.549900e-03	880980.000000	0.000000e+00
1.628123e+01	6.158822e+00	6.598249e-03	871240.000000	0.000000e+00
1.630580e+01	6.173503e+00	6.628526e-03	867420.000000	0.000000e+00
1.633036e+01	6.171542e+00	6.664569e-03	857518.000000	0.000000e+00
1.635486e+01	6.170744e+00	6.698504e-03	848632.000000	0.000000e+00
1.637939e+01	6.179457e+00	6.719938e-03	845610.000000	0.000000e+00
1.640395e+01	6.177434e+00	6.754922e-03	836326.000000	0.000000e+00
1.642848e+01	6.190887e+00	6.798241e-03	829302.000000	0.000000e+00
1.645298e+01	6.192459e+00	6.836426e-03	820480.000000	0.000000e+00
1.647753e+01	6.198192e+00	6.857229e-03	817020.000000	0.000000e+00
1.650209e+01	6.213044e+00	6.910331e-03	808372.000000	0.000000e+00
1.652660e+01	6.230494e+00	6.973405e-03	798280.000000	0.000000e+00
1.655114e+01	6.228313e+00	6.982510e-03	795642.000000	0.000000e+00
1.657571e+01	6.226175e+00	7.021625e-03	786262.000000	0.000000e+00
1.660025e+01	6.238766e+00	7.073649e-03	777876.000000	0.000000e+00
1.662478e+01	6.256067e+00	7.118273e-03	772420.000000	0.000000e+00
1.664931e+01	6.243386e+00	7.150251e-03	762426.000000	0.000000e+00
1.667386e+01	6.258530e+00	7.184389e-03	758866.000000	0.000000e+00
1.669842e+01	6.273780e+00	7.252649e-03	748282.000000	0.000000e+00
1.672293e+01	6.282332e+00	7.298902e-03	740844.000000	0.000000e+00
1.674748e+01	6.270486e+00	7.309371e-03	735940.000000	0.000000e+00
1.677204e+01	6.304118e+00	7.399445e-03	725856.000000	0.000000e+00
1.679655e+01	6.302822e+00	7.434962e-03	718642.000000	0.000000e+00
1.682107e+01	6.301680e+00	7.470400e-03	711582.000000	0.000000e+00
1.684563e+01	6.300034e+00	7.504455e-03	704770.000000	0.000000e+00
1.687018e+01	6.333577e+00	7.587000e-03	696880.000000	0.000000e+00
1.689472e+01	6.329826e+00	7.631870e-03	687894.000000	0.000000e+00
1.691924e+01	6.325266e+00	7.660503e-03	681778.000000	0.000000e+00
1.694378e+01	6.355353e+00	7.749797e-03	672510.000000	0.000000e+00
1.696830e+01	6.373186e+00	7.810289e-03	665854.000000	0.000000e+00
1.699283e+01	6.368696e+00	7.853519e-03	657616.000000	0.000000e+00
1.701740e+01	6.378853e+00	7.901183e-03	651780.000000	0.000000e+00
1.704195e+01	6.387602e+00	7.971845e-03	642034.000000	0.000000e+00
1.706646e+01	6.386876e+00	8.027388e-03	633036.000000	0.000000e+00
1.709097e+01	6.412911e+00	8.094142e-03	627724.000000	0.000000e+00
1.711553e+01	6.414633e+00	8.151616e-03	619236.000000	0.000000e+00
1.714008e+01	6.424215e+00	8.219909e-03	610810.000000	0.000000e+00
1.716463e+01	6.415332e+00	8.249486e-03	604762.000000	0.000000e+00
1.718918e+01	6.445916e+00	8.365297e-03	593754.000000	0.000000e+00
1.721369e+01	6.444731e+00	8.406355e-03	587752.000000	0.000000e+00
1.723823e+01	6.450967e+00	8.479340e-03	578796.000000	0.000000e+00
1.726278e+01	6.474935e+00	8.561778e-03	571930.000000	0.000000e+00
1.728731e+01	6.461272e+00	8.611539e-03	562956.000000	0.000000e+00
1.731188e+01	6.464173e+00	8.667962e-03	556150.000000	0.000000e+00
1.733641e+01	6.481339e+00	8.768708e-03	546334.000000	0.000000e+00
1.736091e+01	6.476313e+00	8.832845e-03	537594.000000	0.000000e+00
1.738543e+01	6.483143e+00	8.885521e-03	532360.000000	0.000000e+00
1.741000e+01	6.473289e+00	8.959726e-03	521988.000000	0.000000e+00
1.743456e+01	6.500018e+00	9.049685e-03	515896.000000	0.000000e+00
1.745909e+01	6.459696e+00	9.087227e-03	505314.000000	0.000000e+00
1.748363e+01	6.469127e+00	9.161029e-03	498658.000000	0.000000e+00
1.750818e+01	6.512421e+00	9.302832e-03	490066.000000	0.000000e+00
1.753269e+01	6.478581e+00	9.351319e-03	479970.000000	0.000000e+00
1.755722e+01	6.485900e+00	9.416325e-03	474436.000000	0.000000e+00
1.758176e+01	6.471118e+00	9.500133e-03	463980.000000	0.000000e+00
1.760629e+01	6.481254e+00	9.589669e-03	456784.000000	0.000000e+00
1.763083e+01	6.481432e+00	9.679538e-03	448366.000000	0.000000e+00
1.765539e+01	6.450111e+00	9.724991e-03	439902.000000	0.000000e+00
1.767993e+01	6.459095e+00	9.836790e-03	431158.000000	0.000000e+00
1.770446e+01	6.427704e+00	9.885523e-03	422778.000000	0.000000e+00
1.772897e+01	6.405410e+00	9.960131e-03	413584.000000	0.000000e+00
1.775351e+01	6.399838e+00	1.003795e-02	406488.000000	0.000000e+00
1.777808e+01	6.374798e+00	1.010785e-02	397754.500000	0.000000e+00
1.780261e+01	6.365720e+00	1.020445e-02	389149.000000	0.000000e+00
1.782713e+01	6.350422e+00	1.027209e-02	382197.000000	0.000000e+00
1.785169e+01	6.340292e+00	1.034500e-02	375628.000000	0.000000e+00
1.787623e+01	6.334247e+00	1.044522e-02	367752.000000	0.000000e+00
1.790076e+01	6.328204e+00	1.051902e-02	361918.000000	0.000000e+00
1.792530e+01	6.333049e+00	1.062715e-02	355134.000000	0.000000e+00
1.794985e+01	6.308646e+00	1.068392e-02	348667.000000	0.000000e+00
1.797440e+01	6.322371e+00	1.079596e-02	342955.000000	0.000000e+00
1.799891e+01	6.276854e+00	1.083305e-02	335724.000000	0.000000e+00
1.802344e+01	6.291258e+00	1.093452e-02	331036.000000	0.000000e+00
1.804802e+01	6.306575e+00	1.105519e-02	325428.000000	0.000000e+00
1.807255e+01	6.303914e+00	1.117440e-02	318253.000000	0.000000e+00
1.809707e+01	6.277962e+00	1.120284e-02	314037.000000	0.000000e+00
1.812164e+01	6.289540e+00	1.133022e-02	308149.000000	0.000000e+00
1.814617e+01	6.298382e+00	1.145621e-02	302257.000000	0.000000e+00
1.817068e+01	6.272243e+00	1.150692e-02	297117.000000	0.000000e+00
1.819523e+01	6.265281e+00	1.158164e-02	292645.000000	0.000000e+00
1.821979e+01	6.278551e+00	1.171881e-02	287046.000000	0.000000e+00
1.824431e+01	6.293662e+00	1.186578e-02	281329.000000	0.000000e+00
1.826883e+01	6.310442e+00	1.198340e-02	277306.000000	0.000000e+00
1.829337e+01	6.301973e+00	1.207900e-02	272202.000000	0.000000e+00
1.831793e+01	6.290603e+00	1.215776e-02	267718.000000	0.000000e+00
1.834250e+01	6.303970e+00	1.229293e-02	262977.000000	0.000000e+00
1.836701e+01	6.305792e+00	1.243693e-02	257071.000000	0.000000e+00
1.839152e+01	6.323874e+00	1.255404e-02	253746.000000	0.000000e+00
1.841609e+01	6.324962e+00	1.266894e-02	249250.000000	0.000000e+00
1.844064e+01	6.303702e+00	1.275692e-02	244174.000000	0.000000e+00
1.846515e+01	6.321242e+00	1.290076e-02	240090.000000	0.000000e+00
1.848971e+01	6.319122e+00	1.300773e-02	235999.000000	0.000000e+00
1.851428e+01	6.350981e+00	1.319159e-02	231786.000000	0.000000e+00
1.853881e+01	6.322939e+00	1.326935e-02	227059.000000	0.000000e+00
1.856328e+01	6.360309e+00	1.348753e-02	222378.000000	0.000000e+00
1.858784e+01	6.366694e+00	1.356782e-02	220195.000000	0.000000e+00
1.861244e+01	6.385102e+00	1.377040e-02	215002.000000	0.000000e+00
1.863693e+01	6.381550e+00	1.390791e-02	210537.000000	0.000000e+00
1.866143e+01	6.387224e+00	1.402952e-02	207271.000000	0.000000e+00
1.868601e+01	6.384853e+00	1.414077e-02	203871.000000	0.000000e+00
1.871055e+01	6.395777e+00	1.432799e-02	199258.000000	0.000000e+00
1.873503e+01	6.417048e+00	1.451943e-02	195331.000000	0.000000e+00
1.875958e+01	6.401457e+00	1.457367e-02	192939.000000	0.000000e+00
1.878417e+01	6.436113e+00	1.482822e-02	188395.000000	0.000000e+00
1.880870e+01	6.464853e+00	1.503117e-02	184983.000000	0.000000e+00
1.883322e+01	6.440606e+00	1.512951e-02	181219.000000	0.000000e+00
1.885775e+01	6.462709e+00	1.532330e-02	177879.000000	0.000000e+00
1.888231e+01	6.474770e+00	1.549400e-02	174631.000000	0.000000e+00
1.890684e+01	6.493684e+00	1.570802e-02	170899.000000	0.000000e+00
1.893134e+01	6.529214e+00	1.595574e-02	167451.000000	0.000000e+00
1.895590e+01	6.544259e+00	1.611696e-02	164875.000000	0.000000e+00
1.898046e+01	6.528019e+00	1.627621e-02	160863.000000	0.000000e+00
1.900495e+01	6.562601e+00	1.653095e-02	157600.000000	0.000000e+00
1.902946e+01	6.583358e+00	1.672979e-02	154851.000000	0.000000e+00
1.905406e+01	6.592746e+00	1.690342e-02	152119.000000	0.000000e+00
1.907863e+01	6.648328e+00	1.725756e-02	148411.000000	0.000000e+00
1.910311e+01	6.623371e+00	1.739730e-02	144942.000000	0.000000e+00
1.912765e+01	6.614398e+00	1.748990e-02	143023.000000	0.000000e+00
1.915226e+01	6.698552e+00	1.792448e-02	139659.000000	0.000000e+00
1.917678e+01	6.688449e+00	1.812062e-02	136240.000000	0.000000e+00
1.920124e+01	6.710832e+00	1.837247e-02	133419.000000	0.000000e+00
1.922581e+01	6.732999e+00	1.857459e-02	131395.000000	0.000000e+00
1.925040e+01	6.749007e+00	1.886965e-02	127924.000000	0.000000e+00
1.927489e+01	6.812147e+00	1.926620e-02	125019.000000	0.000000e+00
1.929941e+01	6.816561e+00	1.945589e-02	122752.000000	0.000000e+00
1.932402e+01	6.824169e+00	1.967289e-02	120327.000000	0.000000e+00
1.934855e+01	6.870897e+00	2.011581e-02	116668.000000	0.000000e+00
1.937298e+01	6.886761e+00	2.037691e-02	114223.000000	0.000000e+00
1.939755e+01	6.854655e+00	2.041025e-02	112791.000000	0.000000e+00
1.942217e+01	6.889304e+00	2.083730e-02	109312.000000	0.000000e+00
1.944667e+01	6.949294e+00	2.125256e-02	106920.000000	0.000000e+00
1.947113e+01	6.973916e+00	2.162468e-02	104005.000000	0.000000e+00
1.949570e+01	6.979346e+00	2.176756e-02	102804.000000	0.000000e+00
1.952032e+01	6.988229e+00	2.213961e-02	99631.000000	0.000000e+00
1.954482e+01	7.103643e+00	2.279574e-02	97108.000000	0.000000e+00
1.956930e+01	7.105368e+00	2.306075e-02	94935.000000	0.000000e+00
1.959391e+01	7.101018e+00	2.326665e-02	93148.000000	0.000000e+00
1.961850e+01	7.154074e+00	2.380094e-02	90348.000000	0.000000e+00
1.964294e+01	7.189604e+00	2.427715e-02	87703.000000	0.000000e+00
1.966740e+01	7.247884e+00	2.470417e-02	86076.000000	0.000000e+00
1.969204e+01	7.269611e+00	2.502303e-02	84400.000000	0.000000e+00
1.971660e+01	7.218502e+00	2.531157e-02	81331.000000	0.000000e+00
1.974103e+01	7.360074e+00	2.611137e-02	79452.000000	0.000000e+00
1.976563e+01	7.372908e+00	2.637221e-02	78160.000000	0.000000e+00
1.979032e+01	7.383538e+00	2.682707e-02	75750.000000	0.000000e+00
1.981482e+01	7.436394e+00	2.749566e-02	73147.000000	0.000000e+00
1.983914e+01	7.462868e+00	2.804480e-02	70812.000000	0.000000e+00
1.986374e+01	7.560734e+00	2.844794e-02	70636.000000	0.000000e+00
1.988844e+01	7.503432e+00	2.886448e-02	67576.000000	0.000000e+00
1.991292e+01	7.582875e+00	2.957753e-02	65727.000000	0.000000e+00
1.993736e+01	7.616646e+00	3.016973e-02	63736.000000	0.000000e+00
1.996197e+01	7.643450e+00	3.052792e-02	62688.000000	0.000000e+00
1.998658e+01	7.634645e+00	3.110513e-02	60244.000000	0.000000e+00
2.001095e+01	7.703008e+00	3.196517e-02	58072.000000	0.000000e+00
2.003547e+01	7.670416e+00	3.200260e-02	57447.000000	0.000000e+00
2.006019e+01	7.814076e+00	3.320183e-02	55390.000000	0.000000e+00
2.008472e+01	7.771965e+00	3.364393e-02	53364.000000	0.000000e+00
2.010903e+01	7.911349e+00	3.494036e-02	51268.000000	0.000000e+00
2.013363e+01	7.874965e+00	3.482180e-02	51144.000000	0.000000e+00
2.015842e+01	8.003907e+00	3.624238e-02	48772.000000	0.000000e+00
2.018288e+01	7.974473e+00	3.685099e-02	46828.000000	0.000000e+00
2.020721e+01	7.946678e+00	3.730712e-02	45372.000000	0.000000e+00
2.023181e+01	8.089998e+00	3.833347e-02	44539.000000	0.000000e+00
2.025650e+01	8.111086e+00	3.924311e-02	42720.000000	0.000000e+00
2.028095e+01	8.229162e+00	4.067269e-02	40936.000000	0.000000e+00
2.030542e+01	8.290616e+00	4.146448e-02	39978.000000	0.000000e+00
2.033011e+01	8.330599e+00	4.239724e-02	38608.000000	0.000000e+00
2.035466e+01	8.332041e+00	4.337958e-02	36892.000000	0.000000e+00
2.037892e+01	8.460243e+00	4.508812e-02	35208.000000	0.000000e+00
2.040348e+01	8.493410e+00	4.538622e-02	35020.000000	0.000000e+00
2.042837e+01	8.437518e+00	4.618741e-02	33372.000000	0.000000e+00
2.045281e+01	8.533778e+00	4.814356e-02	31420.000000	0.000000e+00
2.047697e+01	8.643312e+00	4.961525e-02	30348.000000	0.000000e+00
2.050165e+01	8.629621e+00	4.978996e-02	30040.000000	0.000000e+00
2.052659e+01	8.785704e+00	5.201647e-02	28528.000000	0.000000e+00
2.055100e+01	8.924484e+00	5.469691e-02	26622.000000	0.000000e+00
2.057510e+01	8.956512e+00	5.578243e-02	25780.000000	0.000000e+00
2.059985e+01	9.077828e+00	5.690114e-02	25452.000000	0.000000e+00
2.062477e+01	9.036441e+00	5.835430e-02	23980.000000	0.000000e+00
2.064904e+01	9.288925e+00	6.233757e-02	22204.000000	0.000000e+00
2.067328e+01	9.290613e+00	6.274577e-02	21924.000000	0.000000e+00
2.069813e+01	9.300326e+00	6.409904e-02	21052.000000	0.000000e+00
2.072282e+01	9.527594e+00	6.783311e-02	19728.000000	0.000000e+00
2.074689e+01	9.565679e+00	7.068064e-02	18316.000000	0.000000e+00
2.077148e+01	9.622013e+00	7.070042e-02	18522.000000	0.000000e+00
2.079650e+01	9.530833e+00	7.297805e-02	17056.000000	0.000000e+00
2.082086e+01	9.737678e+00	7.722238e-02	15901.000000	0.000000e+00
2.084494e+01	9.822359e+00	7.984866e-02	15132.000000	0.000000e+00
2.086988e+01	1.002598e+01	8.181812e-02	15016.000000	0.000000e+00
2.089484e+01	1.013449e+01	8.703065e-02	13560.000000	0.000000e+00
2.091874e+01	1.007969e+01	9.038721e-02	12436.000000	0.000000e+00
2.094286e+01	1.021589e+01	9.206866e-02	12312.000000	0.000000e+00
2.096835e+01	1.026860e+01	9.367666e-02	12016.000000	0.000000e+00
2.099333e+01	1.028628e+01	1.007975e-01	10414.000000	0.000000e+00
2.101635e+01	1.073732e+01	1.114847e-01	9276.000000	0.000000e+00
2.104066e+01	1.066670e+01	1.068757e-01	9961.000000	0.000000e+00
2.106684e+01	1.088282e+01	1.132890e-01	9228.000000	0.000000e+00
2.109169e+01	1.085832e+01	1.234858e-01	7732.000000	0.000000e+00
2.111385e+01	1.090434e+01	1.326645e-01	6756.000000	0.000000e+00
2.113864e+01	1.117059e+01	1.268402e-01	7756.000000	0.000000e+00
2.116547e+01	1.146922e+01	1.388806e-01	6820.000000	0.000000e+00
2.118998e+01	1.110904e+01	1.517662e-01	5358.000000	0.000000e+00
2.121167e+01	1.153140e+01	1.631930e-01	4993.000000	0.000000e+00
2.123701e+01	1.158978e+01	1.559932e-01	5520.000000	0.000000e+00
2.126409e+01	1.147285e+01	1.657344e-01	4792.000000	0.000000e+00
2.128812e+01	1.182062e+01	2.016571e-01	3436.000000	0.000000e+00
2.130920e+01	1.183731e+01	2.006612e-01	3480.000000	0.000000e+00
2.133536e+01	1.196349e+01	1.961227e-01	3721.000000	0.000000e+00
2.136298e+01	1.177754e+01	2.104476e-01	3132.000000	0.000000e+00
2.138535e+01	1.188471e+01	2.821706e-01	1774.000000	0.000000e+00
2.140616e+01	1.227490e+01	2.499362e-01	2412.000000	0.000000e+00
2.143360e+01	1.266495e+01	2.692843e-01	2212.000000	0.000000e+00
2.146162e+01	1.238019e+01	2.888501e-01	1837.000000	0.000000e+00
2.148292e+01	1.291066e+01	4.519634e-01	816.000000	0.000000e+00
2.150387e+01	1.260502e+01	3.403037e-01	1372.000000	0.000000e+00
2.153200e+01	1.303906e+01	3.945800e-01	1092.000000	0.000000e+00
2.156014e+01	1.340472e+01	4.614095e-01	844.000000	0.000000e+00
2.158178e+01	1.454630e+01	7.900465e-01	339.000000	0.000000e+00
2.160234e+01	1.413065e+01	6.126416e-01	532.000000	0.000000e+00
2.163046e+01	1.564165e+01	8.198452e-01	364.000000	0.000000e+00
2.165853e+01	1.398301e+01	9.260477e-01	228.000000	0.000000e+00
2.168066e+01	1.525521e+01	1.785488e+00	73.000000	0.000000e+00
2.170037e+01	1.285806e+01	1.402929e+00	84.000000	0.000000e+00
2.172766e+01	1.299731e+01	2.456261e+00	28.000000	0.000000e+00
2.175143e+01	5.678081e+00	3.278241e+00	3.000000	0.000000e+00
