# [<k> (h/Mpc)]	[<P_0(k)> (Mpc/h)^3]	[ErrorBar (Mpc/h)^3]	nModes	[<P_2(k)> (Mpc/h)^3]
3.476422e-02	4.322135e+03	1.198745e+03	13.000000	0.000000e+00
5.890282e-02	1.850668e+03	3.221599e+02	33.000000	0.000000e+00
8.378087e-02	1.504429e+03	1.692614e+02	79.000000	0.000000e+00
1.087368e-01	7.918907e+02	7.321033e+01	117.000000	0.000000e+00
1.341836e-01	6.296988e+02	4.398007e+01	205.000000	0.000000e+00
1.581206e-01	4.565793e+02	2.978395e+01	235.000000	0.000000e+00
1.826843e-01	4.042030e+02	2.104197e+01	369.000000	0.000000e+00
2.073525e-01	3.452197e+02	1.659020e+01	433.000000	0.000000e+00
2.322407e-01	2.734021e+02	1.130378e+01	585.000000	0.000000e+00
2.568838e-01	2.223350e+02	8.532433e+00	679.000000	0.000000e+00
2.811185e-01	1.965641e+02	6.893803e+00	813.000000	0.000000e+00
3.057758e-01	1.690461e+02	5.386256e+00	985.000000	0.000000e+00
3.308750e-01	1.394973e+02	4.055770e+00	1183.000000	0.000000e+00
3.553459e-01	1.263355e+02	3.546456e+00	1269.000000	0.000000e+00
3.797184e-01	1.123872e+02	2.866684e+00	1537.000000	0.000000e+00
4.042043e-01	1.029643e+02	2.532504e+00	1653.000000	0.000000e+00
4.287408e-01	9.285833e+01	2.095853e+00	1963.000000	0.000000e+00
4.533372e-01	8.525717e+01	1.851231e+00	2121.000000	0.000000e+00
4.779960e-01	7.855393e+01	1.599150e+00	2413.000000	0.000000e+00
5.026630e-01	6.903880e+01	1.344940e+00	2635.000000	0.000000e+00
5.271488e-01	6.693735e+01	1.247954e+00	2877.000000	0.000000e+00
5.515428e-01	6.219845e+01	1.104888e+00	3169.000000	0.000000e+00
5.762241e-01	5.681856e+01	9.594500e-01	3507.000000	0.000000e+00
6.007286e-01	5.210836e+01	8.583980e-01	3685.000000	0.000000e+00
6.252569e-01	4.888254e+01	7.574366e-01	4165.000000	0.000000e+00
6.499966e-01	4.560491e+01	6.893239e-01	4377.000000	0.000000e+00
6.746858e-01	4.400076e+01	6.314887e-01	4855.000000	0.000000e+00
6.991271e-01	4.158739e+01	5.923553e-01	4929.000000	0.000000e+00
7.235757e-01	3.941328e+01	5.275778e-01	5581.000000	0.000000e+00
7.479714e-01	3.627690e+01	4.813868e-01	5679.000000	0.000000e+00
7.726133e-01	3.565914e+01	4.462625e-01	6385.000000	0.000000e+00
7.972413e-01	3.333834e+01	4.118356e-01	6553.000000	0.000000e+00
8.218513e-01	3.217035e+01	3.811214e-01	7125.000000	0.000000e+00
8.464491e-01	3.044944e+01	3.528487e-01	7447.000000	0.000000e+00
8.709767e-01	2.934874e+01	3.295947e-01	7929.000000	0.000000e+00
8.955547e-01	2.848093e+01	3.116255e-01	8353.000000	0.000000e+00
9.199772e-01	2.703091e+01	2.885606e-01	8775.000000	0.000000e+00
9.444963e-01	2.614108e+01	2.708811e-01	9313.000000	0.000000e+00
9.690846e-01	2.476746e+01	2.496675e-01	9841.000000	0.000000e+00
9.935517e-01	2.358064e+01	2.335862e-01	10191.000000	0.000000e+00
1.018099e+00	2.327351e+01	2.229505e-01	10897.000000	0.000000e+00
1.042679e+00	2.230631e+01	2.098309e-01	11301.000000	0.000000e+00
1.067353e+00	2.196278e+01	2.002833e-01	12025.000000	0.000000e+00
1.092004e+00	2.101422e+01	1.885385e-01	12423.000000	0.000000e+00
1.116549e+00	2.059819e+01	1.805124e-01	13021.000000	0.000000e+00
1.140967e+00	1.941436e+01	1.676832e-01	13405.000000	0.000000e+00
1.165410e+00	1.901523e+01	1.593088e-01	14247.000000	0.000000e+00
1.189942e+00	1.866732e+01	1.542122e-01	14653.000000	0.000000e+00
1.214340e+00	1.824107e+01	1.473115e-01	15333.000000	0.000000e+00
1.238824e+00	1.728003e+01	1.368289e-01	15949.000000	0.000000e+00
1.263616e+00	1.691728e+01	1.295250e-01	17059.000000	0.000000e+00
1.288278e+00	1.641891e+01	1.255696e-01	17097.000000	0.000000e+00
1.312698e+00	1.641166e+01	1.224444e-01	17965.000000	0.000000e+00
1.337129e+00	1.576473e+01	1.158076e-01	18531.000000	0.000000e+00
1.361846e+00	1.540522e+01	1.098441e-01	19669.000000	0.000000e+00
1.386459e+00	1.500972e+01	1.064198e-01	19893.000000	0.000000e+00
1.410760e+00	1.491943e+01	1.042399e-01	20485.000000	0.000000e+00
1.435294e+00	1.435177e+01	9.731188e-02	21751.000000	0.000000e+00
1.459966e+00	1.400876e+01	9.400159e-02	22209.000000	0.000000e+00
1.484553e+00	1.376044e+01	9.065289e-02	23041.000000	0.000000e+00
1.509059e+00	1.337770e+01	8.691402e-02	23691.000000	0.000000e+00
1.533565e+00	1.303075e+01	8.332354e-02	24457.000000	0.000000e+00
1.558284e+00	1.279636e+01	7.967126e-02	25797.000000	0.000000e+00
1.582818e+00	1.262005e+01	7.883375e-02	25627.000000	0.000000e+00
1.607259e+00	1.228915e+01	7.449065e-02	27217.000000	0.000000e+00
1.631809e+00	1.218529e+01	7.341471e-02	27549.000000	0.000000e+00
1.656366e+00	1.187544e+01	6.996090e-02	28813.000000	0.000000e+00
1.680925e+00	1.164813e+01	6.798531e-02	29355.000000	0.000000e+00
1.705257e+00	1.135914e+01	6.567294e-02	29917.000000	0.000000e+00
1.729806e+00	1.114988e+01	6.267043e-02	31653.000000	0.000000e+00
1.754462e+00	1.102015e+01	6.165174e-02	31951.000000	0.000000e+00
1.778992e+00	1.078329e+01	5.930524e-02	33061.000000	0.000000e+00
1.803411e+00	1.070043e+01	5.837823e-02	33597.000000	0.000000e+00
1.827963e+00	1.052416e+01	5.609637e-02	35197.000000	0.000000e+00
1.852647e+00	1.022655e+01	5.403165e-02	35823.000000	0.000000e+00
1.877249e+00	1.012041e+01	5.264980e-02	36949.000000	0.000000e+00
1.901733e+00	9.978040e+00	5.165810e-02	37309.000000	0.000000e+00
1.926241e+00	9.802066e+00	4.958703e-02	39075.000000	0.000000e+00
1.950830e+00	9.680491e+00	4.878633e-02	39373.000000	0.000000e+00
1.975308e+00	9.423510e+00	4.663447e-02	40833.000000	0.000000e+00
1.999729e+00	9.297407e+00	4.580337e-02	41203.000000	0.000000e+00
2.024419e+00	9.260389e+00	4.430403e-02	43689.000000	0.000000e+00
2.049126e+00	9.099088e+00	4.362027e-02	43513.000000	0.000000e+00
2.073508e+00	8.959566e+00	4.250251e-02	44437.000000	0.000000e+00
2.097846e+00	8.835945e+00	4.135499e-02	45651.000000	0.000000e+00
2.122473e+00	8.709189e+00	3.996681e-02	47485.000000	0.000000e+00
2.147106e+00	8.548387e+00	3.903373e-02	47961.000000	0.000000e+00
2.171601e+00	8.480140e+00	3.825203e-02	49147.000000	0.000000e+00
2.196158e+00	8.348036e+00	3.721281e-02	50325.000000	0.000000e+00
2.220735e+00	8.208596e+00	3.611918e-02	51649.000000	0.000000e+00
2.245251e+00	8.142958e+00	3.565682e-02	52153.000000	0.000000e+00
2.269729e+00	8.038275e+00	3.460950e-02	53943.000000	0.000000e+00
2.294271e+00	7.933711e+00	3.392303e-02	54697.000000	0.000000e+00
2.318928e+00	7.838883e+00	3.290716e-02	56745.000000	0.000000e+00
2.343538e+00	7.668833e+00	3.211924e-02	57007.000000	0.000000e+00
2.368026e+00	7.567731e+00	3.129915e-02	58461.000000	0.000000e+00
2.392423e+00	7.543605e+00	3.104574e-02	59041.000000	0.000000e+00
2.416863e+00	7.422747e+00	3.005013e-02	61015.000000	0.000000e+00
2.441509e+00	7.278440e+00	2.908190e-02	62637.000000	0.000000e+00
2.466080e+00	7.240948e+00	2.881001e-02	63169.000000	0.000000e+00
2.490575e+00	7.128653e+00	2.804622e-02	64605.000000	0.000000e+00
2.515186e+00	7.041937e+00	2.731013e-02	66487.000000	0.000000e+00
2.539777e+00	6.964986e+00	2.690146e-02	67033.000000	0.000000e+00
2.564215e+00	6.879601e+00	2.633544e-02	68241.000000	0.000000e+00
2.588707e+00	6.841168e+00	2.585885e-02	69991.000000	0.000000e+00
2.613337e+00	6.728823e+00	2.516349e-02	71505.000000	0.000000e+00
2.637925e+00	6.642930e+00	2.463574e-02	72709.000000	0.000000e+00
2.662420e+00	6.612773e+00	2.439606e-02	73473.000000	0.000000e+00
2.686963e+00	6.530492e+00	2.372561e-02	75763.000000	0.000000e+00
2.711515e+00	6.393715e+00	2.315272e-02	76261.000000	0.000000e+00
2.735982e+00	6.390751e+00	2.288476e-02	77985.000000	0.000000e+00
2.760573e+00	6.310089e+00	2.230800e-02	80011.000000	0.000000e+00
2.785237e+00	6.253233e+00	2.197040e-02	81009.000000	0.000000e+00
2.809671e+00	6.137754e+00	2.148631e-02	81601.000000	0.000000e+00
2.834151e+00	6.144827e+00	2.119145e-02	84081.000000	0.000000e+00
2.858722e+00	6.064046e+00	2.078008e-02	85159.000000	0.000000e+00
2.883250e+00	5.970588e+00	2.028127e-02	86665.000000	0.000000e+00
2.907819e+00	5.949722e+00	2.001776e-02	88341.000000	0.000000e+00
2.932335e+00	5.886034e+00	1.967715e-02	89479.000000	0.000000e+00
2.956914e+00	5.823191e+00	1.924867e-02	91521.000000	0.000000e+00
2.981449e+00	5.731537e+00	1.885282e-02	92425.000000	0.000000e+00
3.005876e+00	5.675590e+00	1.855333e-02	93579.000000	0.000000e+00
3.030403e+00	5.628981e+00	1.813904e-02	96301.000000	0.000000e+00
3.055041e+00	5.586845e+00	1.787784e-02	97657.000000	0.000000e+00
3.079692e+00	5.527725e+00	1.753350e-02	99393.000000	0.000000e+00
3.104241e+00	5.467871e+00	1.727409e-02	100195.000000	0.000000e+00
3.128710e+00	5.393569e+00	1.691206e-02	101709.000000	0.000000e+00
3.153123e+00	5.401804e+00	1.682968e-02	103021.000000	0.000000e+00
3.177619e+00	5.321875e+00	1.637640e-02	105607.000000	0.000000e+00
3.202185e+00	5.292285e+00	1.619345e-02	106809.000000	0.000000e+00
3.226708e+00	5.214411e+00	1.582211e-02	108613.000000	0.000000e+00
3.251321e+00	5.169550e+00	1.553174e-02	110781.000000	0.000000e+00
3.275882e+00	5.119196e+00	1.532096e-02	111643.000000	0.000000e+00
3.300393e+00	5.066798e+00	1.502892e-02	113661.000000	0.000000e+00
3.324955e+00	5.041131e+00	1.484864e-02	115261.000000	0.000000e+00
3.349528e+00	4.985000e+00	1.454429e-02	117475.000000	0.000000e+00
3.374087e+00	4.923020e+00	1.430790e-02	118389.000000	0.000000e+00
3.398541e+00	4.889710e+00	1.411461e-02	120013.000000	0.000000e+00
3.423011e+00	4.851902e+00	1.389671e-02	121899.000000	0.000000e+00
3.447546e+00	4.813296e+00	1.366240e-02	124117.000000	0.000000e+00
3.472176e+00	4.741271e+00	1.332170e-02	126669.000000	0.000000e+00
3.496772e+00	4.715605e+00	1.323434e-02	126961.000000	0.000000e+00
3.521302e+00	4.655619e+00	1.291758e-02	129895.000000	0.000000e+00
3.545845e+00	4.609437e+00	1.276167e-02	130461.000000	0.000000e+00
3.570351e+00	4.607695e+00	1.261928e-02	133321.000000	0.000000e+00
3.594817e+00	4.556816e+00	1.246582e-02	133623.000000	0.000000e+00
3.619340e+00	4.490926e+00	1.211496e-02	137413.000000	0.000000e+00
3.643921e+00	4.445819e+00	1.195730e-02	138241.000000	0.000000e+00
3.668501e+00	4.426917e+00	1.179103e-02	140961.000000	0.000000e+00
3.693083e+00	4.381777e+00	1.161760e-02	142255.000000	0.000000e+00
3.717636e+00	4.346290e+00	1.144692e-02	144165.000000	0.000000e+00
3.742123e+00	4.328328e+00	1.135231e-02	145369.000000	0.000000e+00
3.766623e+00	4.289174e+00	1.114199e-02	148191.000000	0.000000e+00
3.791211e+00	4.256797e+00	1.098394e-02	150193.000000	0.000000e+00
3.815740e+00	4.224183e+00	1.085349e-02	151477.000000	0.000000e+00
3.840250e+00	4.166374e+00	1.062522e-02	153759.000000	0.000000e+00
3.864816e+00	4.150031e+00	1.050318e-02	156121.000000	0.000000e+00
3.889416e+00	4.111129e+00	1.033518e-02	158229.000000	0.000000e+00
3.913984e+00	4.071197e+00	1.019032e-02	159613.000000	0.000000e+00
3.938439e+00	4.025061e+00	1.003600e-02	160851.000000	0.000000e+00
3.962856e+00	4.003043e+00	9.916636e-03	162949.000000	0.000000e+00
3.987408e+00	3.942700e+00	9.651979e-03	166861.000000	0.000000e+00
4.011951e+00	3.924852e+00	9.605810e-03	166947.000000	0.000000e+00
4.036502e+00	3.916092e+00	9.475398e-03	170809.000000	0.000000e+00
4.061101e+00	3.874502e+00	9.341140e-03	172041.000000	0.000000e+00
4.085632e+00	3.843974e+00	9.220284e-03	173809.000000	0.000000e+00
4.110226e+00	3.812353e+00	9.052048e-03	177375.000000	0.000000e+00
4.134760e+00	3.776627e+00	8.977298e-03	176977.000000	0.000000e+00
4.159247e+00	3.758306e+00	8.838083e-03	180829.000000	0.000000e+00
4.183807e+00	3.720246e+00	8.706458e-03	182583.000000	0.000000e+00
4.208321e+00	3.689264e+00	8.598189e-03	184105.000000	0.000000e+00
4.232839e+00	3.666289e+00	8.471610e-03	187293.000000	0.000000e+00
4.257376e+00	3.633417e+00	8.372528e-03	188329.000000	0.000000e+00
4.281944e+00	3.613694e+00	8.237422e-03	192451.000000	0.000000e+00
4.306505e+00	3.582659e+00	8.163835e-03	192585.000000	0.000000e+00
4.331033e+00	3.552849e+00	8.022673e-03	196117.000000	0.000000e+00
4.355617e+00	3.530352e+00	7.929732e-03	198207.000000	0.000000e+00
4.380161e+00	3.494276e+00	7.821323e-03	199597.000000	0.000000e+00
4.404676e+00	3.477064e+00	7.725723e-03	202557.000000	0.000000e+00
4.429249e+00	3.450042e+00	7.622713e-03	204847.000000	0.000000e+00
4.453772e+00	3.403349e+00	7.492276e-03	206341.000000	0.000000e+00
4.478282e+00	3.392952e+00	7.417871e-03	209217.000000	0.000000e+00
4.502777e+00	3.371027e+00	7.347355e-03	210505.000000	0.000000e+00
4.527289e+00	3.337972e+00	7.210621e-03	214299.000000	0.000000e+00
4.551889e+00	3.325536e+00	7.146074e-03	216565.000000	0.000000e+00
4.576426e+00	3.294247e+00	7.058401e-03	217821.000000	0.000000e+00
4.600893e+00	3.269932e+00	6.969381e-03	220135.000000	0.000000e+00
4.625467e+00	3.225175e+00	6.809791e-03	224305.000000	0.000000e+00
4.650035e+00	3.219072e+00	6.787712e-03	224913.000000	0.000000e+00
4.674541e+00	3.197518e+00	6.700330e-03	227737.000000	0.000000e+00
4.699104e+00	3.174323e+00	6.606938e-03	230835.000000	0.000000e+00
4.723670e+00	3.149233e+00	6.527317e-03	232777.000000	0.000000e+00
4.748182e+00	3.130799e+00	6.466868e-03	234381.000000	0.000000e+00
4.772682e+00	3.099466e+00	6.357896e-03	237655.000000	0.000000e+00
4.797203e+00	3.083523e+00	6.303190e-03	239317.000000	0.000000e+00
4.821755e+00	3.055547e+00	6.191650e-03	243537.000000	0.000000e+00
4.846361e+00	3.038916e+00	6.136696e-03	245227.000000	0.000000e+00
4.870915e+00	3.018382e+00	6.070010e-03	247269.000000	0.000000e+00
4.895426e+00	2.993638e+00	5.991771e-03	249625.000000	0.000000e+00
4.919952e+00	2.959263e+00	5.891056e-03	252337.000000	0.000000e+00
4.944496e+00	2.944155e+00	5.826425e-03	255339.000000	0.000000e+00
4.969013e+00	2.936690e+00	5.798879e-03	256465.000000	0.000000e+00
4.993562e+00	2.915177e+00	5.703188e-03	261273.000000	0.000000e+00
5.018138e+00	2.879819e+00	5.623328e-03	262267.000000	0.000000e+00
5.042642e+00	2.872308e+00	5.583025e-03	264681.000000	0.000000e+00
5.067215e+00	2.849129e+00	5.492425e-03	269089.000000	0.000000e+00
5.091775e+00	2.837969e+00	5.468229e-03	269353.000000	0.000000e+00
5.116309e+00	2.810222e+00	5.368311e-03	274035.000000	0.000000e+00
5.140838e+00	2.780892e+00	5.309976e-03	274273.000000	0.000000e+00
5.165333e+00	2.764670e+00	5.238627e-03	278517.000000	0.000000e+00
5.189818e+00	2.747047e+00	5.196640e-03	279439.000000	0.000000e+00
5.214351e+00	2.727539e+00	5.111327e-03	284757.000000	0.000000e+00
5.238947e+00	2.710474e+00	5.064713e-03	286405.000000	0.000000e+00
5.263479e+00	2.677821e+00	4.985301e-03	288523.000000	0.000000e+00
5.288002e+00	2.676577e+00	4.956140e-03	291657.000000	0.000000e+00
5.312546e+00	2.654505e+00	4.892543e-03	294373.000000	0.000000e+00
5.337121e+00	2.633210e+00	4.825084e-03	297825.000000	0.000000e+00
5.361672e+00	2.624648e+00	4.796961e-03	299371.000000	0.000000e+00
5.386196e+00	2.589942e+00	4.708106e-03	302613.000000	0.000000e+00
5.410715e+00	2.577154e+00	4.669302e-03	304633.000000	0.000000e+00
5.435244e+00	2.553650e+00	4.597427e-03	308527.000000	0.000000e+00
5.459823e+00	2.549052e+00	4.568216e-03	311361.000000	0.000000e+00
5.484389e+00	2.528189e+00	4.511022e-03	314101.000000	0.000000e+00
5.508889e+00	2.504795e+00	4.464620e-03	314757.000000	0.000000e+00
5.533464e+00	2.492434e+00	4.391417e-03	322135.000000	0.000000e+00
5.558036e+00	2.471795e+00	4.368705e-03	320125.000000	0.000000e+00
5.582484e+00	2.464618e+00	4.325509e-03	324657.000000	0.000000e+00
5.606956e+00	2.447500e+00	4.283778e-03	326431.000000	0.000000e+00
5.631560e+00	2.428497e+00	4.204542e-03	333609.000000	0.000000e+00
5.656168e+00	2.406426e+00	4.170131e-03	333001.000000	0.000000e+00
5.680698e+00	2.397782e+00	4.132234e-03	336705.000000	0.000000e+00
5.705204e+00	2.380415e+00	4.091758e-03	338443.000000	0.000000e+00
5.729704e+00	2.362728e+00	4.039112e-03	342181.000000	0.000000e+00
5.754232e+00	2.350467e+00	4.000813e-03	345153.000000	0.000000e+00
5.778772e+00	2.326004e+00	3.939445e-03	348619.000000	0.000000e+00
5.803342e+00	2.310321e+00	3.897208e-03	351429.000000	0.000000e+00
5.827902e+00	2.292509e+00	3.849239e-03	354709.000000	0.000000e+00
5.852409e+00	2.274315e+00	3.812752e-03	355815.000000	0.000000e+00
5.876957e+00	2.259374e+00	3.756675e-03	361717.000000	0.000000e+00
5.901534e+00	2.252778e+00	3.739881e-03	362845.000000	0.000000e+00
5.926030e+00	2.237832e+00	3.703168e-03	365181.000000	0.000000e+00
5.950548e+00	2.218871e+00	3.648556e-03	369847.000000	0.000000e+00
5.975137e+00	2.201465e+00	3.603824e-03	373161.000000	0.000000e+00
5.999657e+00	2.194768e+00	3.589381e-03	373885.000000	0.000000e+00
6.024161e+00	2.179080e+00	3.539656e-03	378987.000000	0.000000e+00
6.048714e+00	2.166959e+00	3.509380e-03	381277.000000	0.000000e+00
6.073267e+00	2.150744e+00	3.464093e-03	385477.000000	0.000000e+00
6.097868e+00	2.133630e+00	3.421613e-03	388845.000000	0.000000e+00
6.122369e+00	2.121636e+00	3.403386e-03	388615.000000	0.000000e+00
6.146867e+00	2.108084e+00	3.353842e-03	395085.000000	0.000000e+00
6.171452e+00	2.095377e+00	3.323982e-03	397381.000000	0.000000e+00
6.195974e+00	2.078303e+00	3.286616e-03	399871.000000	0.000000e+00
6.220444e+00	2.069551e+00	3.266157e-03	401493.000000	0.000000e+00
6.244986e+00	2.060661e+00	3.222391e-03	408937.000000	0.000000e+00
6.269588e+00	2.039353e+00	3.185746e-03	409791.000000	0.000000e+00
6.294124e+00	2.028287e+00	3.156061e-03	413017.000000	0.000000e+00
6.318633e+00	2.012455e+00	3.121076e-03	415761.000000	0.000000e+00
6.343202e+00	1.998270e+00	3.080227e-03	420865.000000	0.000000e+00
6.367770e+00	1.995894e+00	3.069636e-03	422767.000000	0.000000e+00
6.392288e+00	1.977617e+00	3.032024e-03	425421.000000	0.000000e+00
6.416837e+00	1.973248e+00	3.007339e-03	430525.000000	0.000000e+00
6.441383e+00	1.954059e+00	2.973905e-03	431739.000000	0.000000e+00
6.465913e+00	1.936723e+00	2.931319e-03	436525.000000	0.000000e+00
6.490433e+00	1.927812e+00	2.911727e-03	438357.000000	0.000000e+00
6.514946e+00	1.920494e+00	2.887451e-03	442381.000000	0.000000e+00
6.539518e+00	1.909307e+00	2.853978e-03	447559.000000	0.000000e+00
6.564059e+00	1.895986e+00	2.833490e-03	447741.000000	0.000000e+00
6.588587e+00	1.882063e+00	2.793679e-03	453853.000000	0.000000e+00
6.613110e+00	1.871219e+00	2.775816e-03	454431.000000	0.000000e+00
6.637622e+00	1.860757e+00	2.743653e-03	459961.000000	0.000000e+00
6.662172e+00	1.843581e+00	2.710068e-03	462769.000000	0.000000e+00
6.686693e+00	1.831456e+00	2.683588e-03	465759.000000	0.000000e+00
6.711227e+00	1.826078e+00	2.663730e-03	469957.000000	0.000000e+00
6.735777e+00	1.812054e+00	2.633419e-03	473481.000000	0.000000e+00
6.760323e+00	1.804856e+00	2.615336e-03	476245.000000	0.000000e+00
6.784855e+00	1.788786e+00	2.581076e-03	480303.000000	0.000000e+00
6.809427e+00	1.772016e+00	2.545588e-03	484573.000000	0.000000e+00
6.833979e+00	1.765336e+00	2.530982e-03	486493.000000	0.000000e+00
6.858503e+00	1.755059e+00	2.505666e-03	490611.000000	0.000000e+00
6.883055e+00	1.740249e+00	2.475311e-03	494269.000000	0.000000e+00
6.907584e+00	1.735715e+00	2.461383e-03	497277.000000	0.000000e+00
6.932134e+00	1.723572e+00	2.433402e-03	501685.000000	0.000000e+00
6.956669e+00	1.716668e+00	2.417758e-03	504135.000000	0.000000e+00
6.981221e+00	1.706846e+00	2.392059e-03	509149.000000	0.000000e+00
7.005753e+00	1.690647e+00	2.365930e-03	510625.000000	0.000000e+00
7.030233e+00	1.684220e+00	2.348173e-03	514443.000000	0.000000e+00
7.054782e+00	1.673563e+00	2.320740e-03	520033.000000	0.000000e+00
7.079343e+00	1.662444e+00	2.299238e-03	522789.000000	0.000000e+00
7.103883e+00	1.652888e+00	2.279014e-03	526009.000000	0.000000e+00
7.128424e+00	1.641587e+00	2.253883e-03	530475.000000	0.000000e+00
7.152965e+00	1.631360e+00	2.234545e-03	532993.000000	0.000000e+00
7.177501e+00	1.620295e+00	2.210004e-03	537529.000000	0.000000e+00
7.202013e+00	1.615055e+00	2.198440e-03	539691.000000	0.000000e+00
7.226577e+00	1.603982e+00	2.169452e-03	546637.000000	0.000000e+00
7.251125e+00	1.595115e+00	2.156827e-03	546957.000000	0.000000e+00
7.275651e+00	1.585295e+00	2.132471e-03	552655.000000	0.000000e+00
7.300226e+00	1.578534e+00	2.115684e-03	556681.000000	0.000000e+00
7.324759e+00	1.568576e+00	2.098909e-03	558501.000000	0.000000e+00
7.349299e+00	1.561150e+00	2.078407e-03	564193.000000	0.000000e+00
7.373825e+00	1.546775e+00	2.056797e-03	565551.000000	0.000000e+00
7.398312e+00	1.541158e+00	2.041613e-03	569833.000000	0.000000e+00
7.422892e+00	1.528475e+00	2.011519e-03	577389.000000	0.000000e+00
7.447442e+00	1.523417e+00	2.006702e-03	576331.000000	0.000000e+00
7.471956e+00	1.513847e+00	1.982907e-03	582853.000000	0.000000e+00
7.496499e+00	1.508442e+00	1.970689e-03	585897.000000	0.000000e+00
7.521014e+00	1.496570e+00	1.950623e-03	588637.000000	0.000000e+00
7.545557e+00	1.487993e+00	1.928639e-03	595251.000000	0.000000e+00
7.570086e+00	1.481438e+00	1.919178e-03	595849.000000	0.000000e+00
7.594613e+00	1.470821e+00	1.895267e-03	602253.000000	0.000000e+00
7.619172e+00	1.465176e+00	1.882359e-03	605863.000000	0.000000e+00
7.643756e+00	1.451495e+00	1.857120e-03	610873.000000	0.000000e+00
7.668263e+00	1.448557e+00	1.854151e-03	610353.000000	0.000000e+00
7.692777e+00	1.440476e+00	1.831465e-03	618607.000000	0.000000e+00
7.717371e+00	1.431207e+00	1.814440e-03	622185.000000	0.000000e+00
7.741929e+00	1.423862e+00	1.800718e-03	625237.000000	0.000000e+00
7.766457e+00	1.414441e+00	1.784822e-03	628029.000000	0.000000e+00
7.790953e+00	1.405929e+00	1.768534e-03	631975.000000	0.000000e+00
7.815489e+00	1.399700e+00	1.753017e-03	637525.000000	0.000000e+00
7.840050e+00	1.392347e+00	1.737984e-03	641805.000000	0.000000e+00
7.864588e+00	1.380595e+00	1.719944e-03	644323.000000	0.000000e+00
7.889126e+00	1.376604e+00	1.708270e-03	649389.000000	0.000000e+00
7.913643e+00	1.370797e+00	1.698034e-03	651709.000000	0.000000e+00
7.938181e+00	1.363406e+00	1.680391e-03	658309.000000	0.000000e+00
7.962760e+00	1.351361e+00	1.660135e-03	662607.000000	0.000000e+00
7.987311e+00	1.343508e+00	1.648461e-03	664237.000000	0.000000e+00
8.011811e+00	1.339315e+00	1.638474e-03	668169.000000	0.000000e+00
8.036325e+00	1.333564e+00	1.624830e-03	673615.000000	0.000000e+00
8.060868e+00	1.325654e+00	1.610378e-03	677649.000000	0.000000e+00
8.085446e+00	1.316473e+00	1.591907e-03	683893.000000	0.000000e+00
8.109989e+00	1.310061e+00	1.584140e-03	683905.000000	0.000000e+00
8.134471e+00	1.303823e+00	1.570927e-03	688851.000000	0.000000e+00
8.159038e+00	1.296344e+00	1.552548e-03	697189.000000	0.000000e+00
8.183598e+00	1.289943e+00	1.545925e-03	696249.000000	0.000000e+00
8.208073e+00	1.277823e+00	1.525772e-03	701395.000000	0.000000e+00
8.232590e+00	1.275116e+00	1.517032e-03	706497.000000	0.000000e+00
8.257144e+00	1.271504e+00	1.506575e-03	712285.000000	0.000000e+00
8.281710e+00	1.259833e+00	1.489219e-03	715663.000000	0.000000e+00
8.306271e+00	1.251974e+00	1.475407e-03	720057.000000	0.000000e+00
8.330826e+00	1.243478e+00	1.460809e-03	724585.000000	0.000000e+00
8.355374e+00	1.237467e+00	1.451074e-03	727257.000000	0.000000e+00
8.379901e+00	1.233501e+00	1.441038e-03	732703.000000	0.000000e+00
8.404418e+00	1.227716e+00	1.432203e-03	734829.000000	0.000000e+00
8.428928e+00	1.220818e+00	1.418512e-03	740689.000000	0.000000e+00
8.453504e+00	1.215945e+00	1.405948e-03	747979.000000	0.000000e+00
8.478051e+00	1.208685e+00	1.398495e-03	746973.000000	0.000000e+00
8.502580e+00	1.202523e+00	1.382714e-03	756349.000000	0.000000e+00
8.527138e+00	1.198023e+00	1.377281e-03	756633.000000	0.000000e+00
8.551634e+00	1.189703e+00	1.363250e-03	761599.000000	0.000000e+00
8.576156e+00	1.183967e+00	1.351739e-03	767173.000000	0.000000e+00
8.600697e+00	1.177762e+00	1.341086e-03	771261.000000	0.000000e+00
8.625259e+00	1.170781e+00	1.327748e-03	777535.000000	0.000000e+00
8.649836e+00	1.165694e+00	1.319353e-03	780633.000000	0.000000e+00
8.674376e+00	1.159825e+00	1.309281e-03	784729.000000	0.000000e+00
8.698927e+00	1.152729e+00	1.297130e-03	789747.000000	0.000000e+00
8.723450e+00	1.146470e+00	1.288337e-03	791893.000000	0.000000e+00
8.747957e+00	1.143206e+00	1.280003e-03	797677.000000	0.000000e+00
8.772521e+00	1.136170e+00	1.266775e-03	804429.000000	0.000000e+00
8.797047e+00	1.131852e+00	1.261877e-03	804535.000000	0.000000e+00
8.821541e+00	1.124142e+00	1.248383e-03	810861.000000	0.000000e+00
8.846076e+00	1.120268e+00	1.239910e-03	816325.000000	0.000000e+00
8.870641e+00	1.113561e+00	1.227927e-03	822399.000000	0.000000e+00
8.895170e+00	1.107684e+00	1.221368e-03	822505.000000	0.000000e+00
8.919713e+00	1.103341e+00	1.209140e-03	832657.000000	0.000000e+00
8.944263e+00	1.096391e+00	1.202098e-03	831861.000000	0.000000e+00
8.968772e+00	1.091790e+00	1.191712e-03	839335.000000	0.000000e+00
8.993334e+00	1.087524e+00	1.183279e-03	844701.000000	0.000000e+00
9.017895e+00	1.080480e+00	1.173365e-03	847945.000000	0.000000e+00
9.042430e+00	1.074717e+00	1.163701e-03	852915.000000	0.000000e+00
9.066970e+00	1.070132e+00	1.156114e-03	856789.000000	0.000000e+00
9.091538e+00	1.067765e+00	1.148134e-03	864901.000000	0.000000e+00
9.116063e+00	1.061456e+00	1.142967e-03	862455.000000	0.000000e+00
9.140573e+00	1.054457e+00	1.128242e-03	873481.000000	0.000000e+00
9.165140e+00	1.048169e+00	1.120001e-03	875841.000000	0.000000e+00
9.189653e+00	1.043657e+00	1.113334e-03	878749.000000	0.000000e+00
9.214176e+00	1.038021e+00	1.102465e-03	886507.000000	0.000000e+00
9.238722e+00	1.033069e+00	1.095582e-03	889137.000000	0.000000e+00
9.263252e+00	1.029357e+00	1.087935e-03	895213.000000	0.000000e+00
9.287810e+00	1.024948e+00	1.079993e-03	900663.000000	0.000000e+00
9.312363e+00	1.020660e+00	1.073333e-03	904261.000000	0.000000e+00
9.336898e+00	1.015389e+00	1.064933e-03	909117.000000	0.000000e+00
9.361428e+00	1.009793e+00	1.056847e-03	912937.000000	0.000000e+00
9.385969e+00	1.004323e+00	1.047072e-03	920011.000000	0.000000e+00
9.410496e+00	1.000994e+00	1.042900e-03	921249.000000	0.000000e+00
9.435027e+00	9.941354e-01	1.030857e-03	930025.000000	0.000000e+00
9.459577e+00	9.922376e-01	1.027629e-03	932307.000000	0.000000e+00
9.484080e+00	9.866351e-01	1.019860e-03	935905.000000	0.000000e+00
9.508599e+00	9.832092e-01	1.012022e-03	943869.000000	0.000000e+00
9.533177e+00	9.788913e-01	1.004604e-03	949465.000000	0.000000e+00
9.557740e+00	9.741909e-01	9.980129e-04	952831.000000	0.000000e+00
9.582283e+00	9.685071e-01	9.896807e-04	957669.000000	0.000000e+00
9.606825e+00	9.629295e-01	9.815469e-04	962425.000000	0.000000e+00
9.631356e+00	9.603194e-01	9.765623e-04	967011.000000	0.000000e+00
9.655881e+00	9.570484e-01	9.710704e-04	971329.000000	0.000000e+00
9.680426e+00	9.506925e-01	9.609541e-04	978757.000000	0.000000e+00
9.704942e+00	9.486754e-01	9.588378e-04	978915.000000	0.000000e+00
9.729497e+00	9.448460e-01	9.488525e-04	991573.000000	0.000000e+00
9.754046e+00	9.386482e-01	9.438418e-04	989025.000000	0.000000e+00
9.778535e+00	9.354038e-01	9.374266e-04	995689.000000	0.000000e+00
9.803103e+00	9.313404e-01	9.283711e-04	1006407.000000	0.000000e+00
9.827649e+00	9.274235e-01	9.258984e-04	1003297.000000	0.000000e+00
9.852180e+00	9.241979e-01	9.170846e-04	1015573.000000	0.000000e+00
9.876731e+00	9.177730e-01	9.108967e-04	1015155.000000	0.000000e+00
9.901284e+00	9.143687e-01	9.030939e-04	1025125.000000	0.000000e+00
9.925835e+00	9.107761e-01	8.990634e-04	1026225.000000	0.000000e+00
9.950350e+00	9.067276e-01	8.928234e-04	1031389.000000	0.000000e+00
9.974902e+00	9.039811e-01	8.864030e-04	1040055.000000	0.000000e+00
9.999429e+00	8.992356e-01	8.822037e-04	1038985.000000	0.000000e+00
1.002392e+01	8.977249e-01	8.770622e-04	1047673.000000	0.000000e+00
1.004849e+01	8.931727e-01	8.693886e-04	1055463.000000	0.000000e+00
1.007303e+01	8.898713e-01	8.658856e-04	1056169.000000	0.000000e+00
1.009756e+01	8.849323e-01	8.577064e-04	1064493.000000	0.000000e+00
1.012209e+01	8.805619e-01	8.526258e-04	1066603.000000	0.000000e+00
1.014664e+01	8.777360e-01	8.460661e-04	1076265.000000	0.000000e+00
1.017120e+01	8.745779e-01	8.421945e-04	1078381.000000	0.000000e+00
1.019572e+01	8.704944e-01	8.366948e-04	1082425.000000	0.000000e+00
1.022025e+01	8.678400e-01	8.310665e-04	1090455.000000	0.000000e+00
1.024479e+01	8.635349e-01	8.258094e-04	1093453.000000	0.000000e+00
1.026933e+01	8.596289e-01	8.194985e-04	1100337.000000	0.000000e+00
1.029386e+01	8.555176e-01	8.141339e-04	1104247.000000	0.000000e+00
1.031842e+01	8.531934e-01	8.090326e-04	1112149.000000	0.000000e+00
1.034296e+01	8.511762e-01	8.061390e-04	1114857.000000	0.000000e+00
1.036749e+01	8.476822e-01	8.009725e-04	1120033.000000	0.000000e+00
1.039203e+01	8.429201e-01	7.937808e-04	1127643.000000	0.000000e+00
1.041655e+01	8.392567e-01	7.900878e-04	1128337.000000	0.000000e+00
1.044111e+01	8.372223e-01	7.835708e-04	1141629.000000	0.000000e+00
1.046570e+01	8.346051e-01	7.809456e-04	1142143.000000	0.000000e+00
1.049021e+01	8.302502e-01	7.759440e-04	1144873.000000	0.000000e+00
1.051473e+01	8.266719e-01	7.694820e-04	1154169.000000	0.000000e+00
1.053925e+01	8.241892e-01	7.668887e-04	1155019.000000	0.000000e+00
1.056380e+01	8.220696e-01	7.606055e-04	1168149.000000	0.000000e+00
1.058835e+01	8.182134e-01	7.575268e-04	1166641.000000	0.000000e+00
1.061283e+01	8.162759e-01	7.543930e-04	1170789.000000	0.000000e+00
1.063739e+01	8.126001e-01	7.462503e-04	1185727.000000	0.000000e+00
1.066197e+01	8.092121e-01	7.436603e-04	1184065.000000	0.000000e+00
1.068650e+01	8.065765e-01	7.389328e-04	1191465.000000	0.000000e+00
1.071103e+01	8.040590e-01	7.356902e-04	1194499.000000	0.000000e+00
1.073555e+01	8.008871e-01	7.305196e-04	1201929.000000	0.000000e+00
1.076011e+01	7.980757e-01	7.256682e-04	1209517.000000	0.000000e+00
1.078466e+01	7.959219e-01	7.228402e-04	1212429.000000	0.000000e+00
1.080918e+01	7.938505e-01	7.196360e-04	1216891.000000	0.000000e+00
1.083370e+01	7.913052e-01	7.156212e-04	1222705.000000	0.000000e+00
1.085823e+01	7.880660e-01	7.103820e-04	1230669.000000	0.000000e+00
1.088282e+01	7.849446e-01	7.051323e-04	1239187.000000	0.000000e+00
1.090737e+01	7.833201e-01	7.040918e-04	1237713.000000	0.000000e+00
1.093189e+01	7.803658e-01	6.988887e-04	1246753.000000	0.000000e+00
1.095642e+01	7.791189e-01	6.967968e-04	1250245.000000	0.000000e+00
1.098096e+01	7.768237e-01	6.920191e-04	1260111.000000	0.000000e+00
1.100552e+01	7.729801e-01	6.880945e-04	1261945.000000	0.000000e+00
1.103005e+01	7.709714e-01	6.844875e-04	1268661.000000	0.000000e+00
1.105458e+01	7.678186e-01	6.802362e-04	1274083.000000	0.000000e+00
1.107911e+01	7.657271e-01	6.769688e-04	1279413.000000	0.000000e+00
1.110366e+01	7.646247e-01	6.738853e-04	1287433.000000	0.000000e+00
1.112821e+01	7.613409e-01	6.700286e-04	1291135.000000	0.000000e+00
1.115273e+01	7.586660e-01	6.665382e-04	1295541.000000	0.000000e+00
1.117726e+01	7.572056e-01	6.633643e-04	1302937.000000	0.000000e+00
1.120181e+01	7.541233e-01	6.589709e-04	1309641.000000	0.000000e+00
1.122634e+01	7.538090e-01	6.580038e-04	1312399.000000	0.000000e+00
1.125085e+01	7.514776e-01	6.543726e-04	1318809.000000	0.000000e+00
1.127541e+01	7.478277e-01	6.485491e-04	1329589.000000	0.000000e+00
1.129999e+01	7.472839e-01	6.475590e-04	1331719.000000	0.000000e+00
1.132451e+01	7.442411e-01	6.440749e-04	1335225.000000	0.000000e+00
1.134903e+01	7.435868e-01	6.414787e-04	1343689.000000	0.000000e+00
1.137357e+01	7.420966e-01	6.391277e-04	1348173.000000	0.000000e+00
1.139811e+01	7.384558e-01	6.340962e-04	1356247.000000	0.000000e+00
1.142265e+01	7.384283e-01	6.334558e-04	1358889.000000	0.000000e+00
1.144718e+01	7.354016e-01	6.289342e-04	1367221.000000	0.000000e+00
1.147174e+01	7.335144e-01	6.257609e-04	1374043.000000	0.000000e+00
1.149628e+01	7.326816e-01	6.243172e-04	1377273.000000	0.000000e+00
1.152079e+01	7.310837e-01	6.220232e-04	1381405.000000	0.000000e+00
1.154533e+01	7.289882e-01	6.176484e-04	1393023.000000	0.000000e+00
1.156988e+01	7.291676e-01	6.176067e-04	1393897.000000	0.000000e+00
1.159441e+01	7.264203e-01	6.132977e-04	1402921.000000	0.000000e+00
1.161895e+01	7.254368e-01	6.114258e-04	1407705.000000	0.000000e+00
1.164349e+01	7.235220e-01	6.084137e-04	1414183.000000	0.000000e+00
1.166804e+01	7.213902e-01	6.054222e-04	1419789.000000	0.000000e+00
1.169259e+01	7.215646e-01	6.039644e-04	1427341.000000	0.000000e+00
1.171712e+01	7.190537e-01	6.015387e-04	1428879.000000	0.000000e+00
1.174164e+01	7.172918e-01	5.981069e-04	1438249.000000	0.000000e+00
1.176619e+01	7.156679e-01	5.952820e-04	1445365.000000	0.000000e+00
1.179072e+01	7.147649e-01	5.942728e-04	1446621.000000	0.000000e+00
1.181525e+01	7.140303e-01	5.914538e-04	1457443.000000	0.000000e+00
1.183979e+01	7.135652e-01	5.903371e-04	1461057.000000	0.000000e+00
1.186435e+01	7.119043e-01	5.871590e-04	1470049.000000	0.000000e+00
1.188889e+01	7.108452e-01	5.856162e-04	1473411.000000	0.000000e+00
1.191343e+01	7.104646e-01	5.840154e-04	1479913.000000	0.000000e+00
1.193797e+01	7.093490e-01	5.817485e-04	1486789.000000	0.000000e+00
1.196251e+01	7.083149e-01	5.799460e-04	1491687.000000	0.000000e+00
1.198703e+01	7.070225e-01	5.778339e-04	1497133.000000	0.000000e+00
1.201156e+01	7.062965e-01	5.757183e-04	1505061.000000	0.000000e+00
1.203612e+01	7.057242e-01	5.740280e-04	1511485.000000	0.000000e+00
1.206065e+01	7.052524e-01	5.728939e-04	1515447.000000	0.000000e+00
1.208515e+01	7.038399e-01	5.709224e-04	1519825.000000	0.000000e+00
1.210971e+01	7.037295e-01	5.678746e-04	1535701.000000	0.000000e+00
1.213428e+01	7.034264e-01	5.683050e-04	1532055.000000	0.000000e+00
1.215881e+01	7.026986e-01	5.653225e-04	1545061.000000	0.000000e+00
1.218336e+01	7.038326e-01	5.661344e-04	1545609.000000	0.000000e+00
1.220787e+01	7.025392e-01	5.638493e-04	1552441.000000	0.000000e+00
1.223242e+01	7.013875e-01	5.608662e-04	1563859.000000	0.000000e+00
1.225696e+01	7.013314e-01	5.608726e-04	1563573.000000	0.000000e+00
1.228148e+01	7.001616e-01	5.581465e-04	1573621.000000	0.000000e+00
1.230602e+01	7.003790e-01	5.574233e-04	1578687.000000	0.000000e+00
1.233056e+01	6.994703e-01	5.554815e-04	1585621.000000	0.000000e+00
1.235512e+01	6.996142e-01	5.539201e-04	1595229.000000	0.000000e+00
1.237965e+01	7.004190e-01	5.548864e-04	1593337.000000	0.000000e+00
1.240419e+01	6.996136e-01	5.514161e-04	1609747.000000	0.000000e+00
1.242874e+01	6.996670e-01	5.519064e-04	1607133.000000	0.000000e+00
1.245325e+01	7.000620e-01	5.506511e-04	1616293.000000	0.000000e+00
1.247780e+01	7.005721e-01	5.491329e-04	1627611.000000	0.000000e+00
1.250235e+01	7.005241e-01	5.492922e-04	1626445.000000	0.000000e+00
1.252688e+01	6.997373e-01	5.465589e-04	1639065.000000	0.000000e+00
1.255143e+01	6.999596e-01	5.463050e-04	1641631.000000	0.000000e+00
1.257596e+01	6.992778e-01	5.451956e-04	1645109.500000	0.000000e+00
1.260049e+01	6.978545e-01	5.445587e-04	1642254.000000	0.000000e+00
1.262503e+01	6.948854e-01	5.427580e-04	1639132.000000	0.000000e+00
1.264958e+01	6.937304e-01	5.422228e-04	1636914.000000	0.000000e+00
1.267411e+01	6.912863e-01	5.413437e-04	1630684.000000	0.000000e+00
1.269864e+01	6.883886e-01	5.393991e-04	1628722.000000	0.000000e+00
1.272316e+01	6.861076e-01	5.383228e-04	1624422.000000	0.000000e+00
1.274773e+01	6.851519e-01	5.371024e-04	1627270.000000	0.000000e+00
1.277225e+01	6.820773e-01	5.371953e-04	1612140.000000	0.000000e+00
1.279677e+01	6.805481e-01	5.347587e-04	1619578.000000	0.000000e+00
1.282133e+01	6.777570e-01	5.341457e-04	1610010.000000	0.000000e+00
1.284587e+01	6.758083e-01	5.324951e-04	1610704.000000	0.000000e+00
1.287043e+01	6.739956e-01	5.319663e-04	1605262.000000	0.000000e+00
1.289495e+01	6.720596e-01	5.314161e-04	1599360.000000	0.000000e+00
1.291951e+01	6.694755e-01	5.289476e-04	1601932.000000	0.000000e+00
1.294403e+01	6.671191e-01	5.292956e-04	1588584.000000	0.000000e+00
1.296853e+01	6.652917e-01	5.273364e-04	1591654.000000	0.000000e+00
1.299309e+01	6.630219e-01	5.259714e-04	1589028.000000	0.000000e+00
1.301763e+01	6.609723e-01	5.256284e-04	1581280.000000	0.000000e+00
1.304217e+01	6.601095e-01	5.249811e-04	1581046.000000	0.000000e+00
1.306670e+01	6.589803e-01	5.250961e-04	1574952.000000	0.000000e+00
1.309123e+01	6.556341e-01	5.230102e-04	1571458.000000	0.000000e+00
1.311579e+01	6.545803e-01	5.222121e-04	1571202.000000	0.000000e+00
1.314034e+01	6.530460e-01	5.221041e-04	1564492.000000	0.000000e+00
1.316488e+01	6.504081e-01	5.206401e-04	1560618.000000	0.000000e+00
1.318940e+01	6.489015e-01	5.202151e-04	1555936.000000	0.000000e+00
1.321393e+01	6.474907e-01	5.196946e-04	1552282.000000	0.000000e+00
1.323848e+01	6.459169e-01	5.185093e-04	1551816.000000	0.000000e+00
1.326302e+01	6.430441e-01	5.177059e-04	1542820.000000	0.000000e+00
1.328757e+01	6.406907e-01	5.155393e-04	1544448.000000	0.000000e+00
1.331210e+01	6.393553e-01	5.160998e-04	1534678.000000	0.000000e+00
1.333662e+01	6.374113e-01	5.147650e-04	1533280.000000	0.000000e+00
1.336117e+01	6.357569e-01	5.137977e-04	1531080.000000	0.000000e+00
1.338570e+01	6.344793e-01	5.141050e-04	1523110.000000	0.000000e+00
1.341022e+01	6.332847e-01	5.134523e-04	1521240.000000	0.000000e+00
1.343476e+01	6.328615e-01	5.138468e-04	1516876.000000	0.000000e+00
1.345932e+01	6.310424e-01	5.125844e-04	1515606.000000	0.000000e+00
1.348389e+01	6.288666e-01	5.115805e-04	1511086.000000	0.000000e+00
1.350843e+01	6.266674e-01	5.112194e-04	1502656.000000	0.000000e+00
1.353293e+01	6.251262e-01	5.106290e-04	1498734.000000	0.000000e+00
1.355748e+01	6.245415e-01	5.101874e-04	1498522.000000	0.000000e+00
1.358203e+01	6.221427e-01	5.093873e-04	1491708.000000	0.000000e+00
1.360658e+01	6.201230e-01	5.080958e-04	1489582.000000	0.000000e+00
1.363111e+01	6.188697e-01	5.085827e-04	1480728.000000	0.000000e+00
1.365563e+01	6.191593e-01	5.088468e-04	1480576.000000	0.000000e+00
1.368019e+01	6.163319e-01	5.073308e-04	1475866.000000	0.000000e+00
1.370473e+01	6.146249e-01	5.070128e-04	1469544.000000	0.000000e+00
1.372924e+01	6.145125e-01	5.079053e-04	1463848.000000	0.000000e+00
1.375380e+01	6.124551e-01	5.056390e-04	1467126.000000	0.000000e+00
1.377836e+01	6.115202e-01	5.070422e-04	1454566.000000	0.000000e+00
1.380287e+01	6.100744e-01	5.063581e-04	1451610.000000	0.000000e+00
1.382737e+01	6.076155e-01	5.053265e-04	1445818.000000	0.000000e+00
1.385191e+01	6.072184e-01	5.049616e-04	1446016.000000	0.000000e+00
1.387648e+01	6.052790e-01	5.043414e-04	1440330.000000	0.000000e+00
1.390103e+01	6.049128e-01	5.047530e-04	1436242.000000	0.000000e+00
1.392557e+01	6.021204e-01	5.038751e-04	1427976.000000	0.000000e+00
1.395012e+01	6.017724e-01	5.034193e-04	1428910.000000	0.000000e+00
1.397464e+01	6.012458e-01	5.053707e-04	1415416.000000	0.000000e+00
1.399917e+01	5.990813e-01	5.026271e-04	1420626.000000	0.000000e+00
1.402372e+01	5.986097e-01	5.043912e-04	1408486.000000	0.000000e+00
1.404824e+01	5.970631e-01	5.033471e-04	1407036.000000	0.000000e+00
1.407278e+01	5.956395e-01	5.029716e-04	1402426.000000	0.000000e+00
1.409731e+01	5.940695e-01	5.029123e-04	1395372.000000	0.000000e+00
1.412183e+01	5.931244e-01	5.026229e-04	1392538.000000	0.000000e+00
1.414639e+01	5.920973e-01	5.021508e-04	1390330.000000	0.000000e+00
1.417094e+01	5.902808e-01	5.023876e-04	1380510.000000	0.000000e+00
1.419546e+01	5.897134e-01	5.021440e-04	1379194.000000	0.000000e+00
1.422001e+01	5.895115e-01	5.032134e-04	1372398.000000	0.000000e+00
1.424455e+01	5.881917e-01	5.026809e-04	1369156.000000	0.000000e+00
1.426908e+01	5.866072e-01	5.028548e-04	1360848.000000	0.000000e+00
1.429362e+01	5.857943e-01	5.021439e-04	1360924.000000	0.000000e+00
1.431818e+01	5.840502e-01	5.022100e-04	1352476.000000	0.000000e+00
1.434273e+01	5.836209e-01	5.023634e-04	1349664.000000	0.000000e+00
1.436724e+01	5.818890e-01	5.029026e-04	1338790.000000	0.000000e+00
1.439177e+01	5.801127e-01	5.007447e-04	1342122.000000	0.000000e+00
1.441633e+01	5.801401e-01	5.028174e-04	1331206.000000	0.000000e+00
1.444087e+01	5.789236e-01	5.021747e-04	1329024.000000	0.000000e+00
1.446541e+01	5.777260e-01	5.024879e-04	1321882.000000	0.000000e+00
1.448996e+01	5.762557e-01	5.016920e-04	1319338.000000	0.000000e+00
1.451448e+01	5.767598e-01	5.041291e-04	1308900.000000	0.000000e+00
1.453902e+01	5.749856e-01	5.023438e-04	1310122.000000	0.000000e+00
1.456356e+01	5.745089e-01	5.039005e-04	1299882.000000	0.000000e+00
1.458809e+01	5.736020e-01	5.037954e-04	1296322.000000	0.000000e+00
1.461262e+01	5.720768e-01	5.032682e-04	1292140.000000	0.000000e+00
1.463716e+01	5.726399e-01	5.052777e-04	1284408.000000	0.000000e+00
1.466171e+01	5.712533e-01	5.042985e-04	1283164.000000	0.000000e+00
1.468625e+01	5.702495e-01	5.053093e-04	1273548.000000	0.000000e+00
1.471078e+01	5.691799e-01	5.050929e-04	1269862.000000	0.000000e+00
1.473534e+01	5.694550e-01	5.058975e-04	1267050.000000	0.000000e+00
1.475987e+01	5.678006e-01	5.067612e-04	1255408.000000	0.000000e+00
1.478439e+01	5.671043e-01	5.061289e-04	1255462.000000	0.000000e+00
1.480894e+01	5.669899e-01	5.077816e-04	1246800.000000	0.000000e+00
1.483348e+01	5.668597e-01	5.081743e-04	1244302.000000	0.000000e+00
1.485802e+01	5.656852e-01	5.090021e-04	1235124.000000	0.000000e+00
1.488256e+01	5.644584e-01	5.083297e-04	1233028.000000	0.000000e+00
1.490708e+01	5.637017e-01	5.097857e-04	1222710.000000	0.000000e+00
1.493162e+01	5.633124e-01	5.095803e-04	1222006.000000	0.000000e+00
1.495618e+01	5.617166e-01	5.094404e-04	1215760.000000	0.000000e+00
1.498071e+01	5.628890e-01	5.123855e-04	1206846.000000	0.000000e+00
1.500525e+01	5.619740e-01	5.120599e-04	1204456.000000	0.000000e+00
1.502980e+01	5.608107e-01	5.124503e-04	1197648.000000	0.000000e+00
1.505434e+01	5.595926e-01	5.128467e-04	1190608.000000	0.000000e+00
1.507886e+01	5.600474e-01	5.142384e-04	1186098.000000	0.000000e+00
1.510342e+01	5.596922e-01	5.149753e-04	1181206.000000	0.000000e+00
1.512796e+01	5.581923e-01	5.154537e-04	1172704.000000	0.000000e+00
1.515246e+01	5.587089e-01	5.170970e-04	1167420.000000	0.000000e+00
1.517700e+01	5.581772e-01	5.175332e-04	1163236.000000	0.000000e+00
1.520157e+01	5.589466e-01	5.191520e-04	1159182.000000	0.000000e+00
1.522611e+01	5.569858e-01	5.199375e-04	1147588.000000	0.000000e+00
1.525063e+01	5.567634e-01	5.200317e-04	1146256.000000	0.000000e+00
1.527518e+01	5.557226e-01	5.209428e-04	1137984.000000	0.000000e+00
1.529972e+01	5.567125e-01	5.230113e-04	1133026.000000	0.000000e+00
1.532424e+01	5.562581e-01	5.243487e-04	1125414.000000	0.000000e+00
1.534877e+01	5.556224e-01	5.247735e-04	1121026.000000	0.000000e+00
1.537332e+01	5.560098e-01	5.264734e-04	1115352.000000	0.000000e+00
1.539786e+01	5.546470e-01	5.269782e-04	1107766.000000	0.000000e+00
1.542240e+01	5.555947e-01	5.288707e-04	1103614.000000	0.000000e+00
1.544694e+01	5.551626e-01	5.304569e-04	1095318.000000	0.000000e+00
1.547149e+01	5.554710e-01	5.317989e-04	1091008.000000	0.000000e+00
1.549603e+01	5.544363e-01	5.325031e-04	1084074.000000	0.000000e+00
1.552054e+01	5.536879e-01	5.342328e-04	1074160.000000	0.000000e+00
1.554506e+01	5.533504e-01	5.341349e-04	1073244.000000	0.000000e+00
1.556963e+01	5.532906e-01	5.357487e-04	1066558.000000	0.000000e+00
1.559418e+01	5.532154e-01	5.378573e-04	1057924.000000	0.000000e+00
1.561873e+01	5.525110e-01	5.381587e-04	1054050.000000	0.000000e+00
1.564327e+01	5.530407e-01	5.411870e-04	1044286.000000	0.000000e+00
1.566780e+01	5.529938e-01	5.418368e-04	1041606.000000	0.000000e+00
1.569233e+01	5.531171e-01	5.447915e-04	1030798.000000	0.000000e+00
1.571685e+01	5.538248e-01	5.463495e-04	1027552.000000	0.000000e+00
1.574141e+01	5.527457e-01	5.469412e-04	1021338.000000	0.000000e+00
1.576595e+01	5.551877e-01	5.515218e-04	1013338.000000	0.000000e+00
1.579049e+01	5.539281e-01	5.516747e-04	1008186.000000	0.000000e+00
1.581502e+01	5.530519e-01	5.532195e-04	999394.000000	0.000000e+00
1.583955e+01	5.536130e-01	5.550865e-04	994698.000000	0.000000e+00
1.586407e+01	5.528516e-01	5.564626e-04	987064.000000	0.000000e+00
1.588861e+01	5.531772e-01	5.584953e-04	981046.000000	0.000000e+00
1.591315e+01	5.537469e-01	5.606926e-04	975378.000000	0.000000e+00
1.593770e+01	5.523193e-01	5.613616e-04	968044.000000	0.000000e+00
1.596225e+01	5.541176e-01	5.651062e-04	961488.000000	0.000000e+00
1.598677e+01	5.547613e-01	5.681901e-04	953290.000000	0.000000e+00
1.601131e+01	5.533059e-01	5.679585e-04	949068.000000	0.000000e+00
1.603586e+01	5.539582e-01	5.710709e-04	940966.000000	0.000000e+00
1.606040e+01	5.551334e-01	5.744014e-04	934036.000000	0.000000e+00
1.608493e+01	5.551889e-01	5.764371e-04	927636.000000	0.000000e+00
1.610947e+01	5.550001e-01	5.786892e-04	919804.000000	0.000000e+00
1.613400e+01	5.551930e-01	5.807299e-04	913986.000000	0.000000e+00
1.615854e+01	5.565623e-01	5.842183e-04	907564.000000	0.000000e+00
1.618310e+01	5.572111e-01	5.871955e-04	900480.000000	0.000000e+00
1.620765e+01	5.559848e-01	5.882169e-04	893410.000000	0.000000e+00
1.623216e+01	5.565736e-01	5.921720e-04	883384.000000	0.000000e+00
1.625669e+01	5.581808e-01	5.946917e-04	880980.000000	0.000000e+00
1.628123e+01	5.580343e-01	5.978496e-04	871240.000000	0.000000e+00
1.630580e+01	5.587641e-01	5.999483e-04	867420.000000	0.000000e+00
1.633036e+01	5.599209e-01	6.046514e-04	857518.000000	0.000000e+00
1.635486e+01	5.588421e-01	6.066377e-04	848632.000000	0.000000e+00
1.637939e+01	5.595977e-01	6.085424e-04	845610.000000	0.000000e+00
1.640395e+01	5.620389e-01	6.145802e-04	836326.000000	0.000000e+00
1.642848e+01	5.621225e-01	6.172692e-04	829302.000000	0.000000e+00
1.645298e+01	5.613880e-01	6.197679e-04	820480.000000	0.000000e+00
1.647753e+01	5.629003e-01	6.227520e-04	817020.000000	0.000000e+00
1.650209e+01	5.626570e-01	6.258036e-04	808372.000000	0.000000e+00
1.652660e+01	5.635282e-01	6.307221e-04	798280.000000	0.000000e+00
1.655114e+01	5.645975e-01	6.329656e-04	795642.000000	0.000000e+00
1.657571e+01	5.634204e-01	6.354025e-04	786262.000000	0.000000e+00
1.660025e+01	5.656124e-01	6.413037e-04	777876.000000	0.000000e+00
1.662478e+01	5.659660e-01	6.439670e-04	772420.000000	0.000000e+00
1.664931e+01	5.665560e-01	6.488496e-04	762426.000000	0.000000e+00
1.667386e+01	5.690241e-01	6.532029e-04	758866.000000	0.000000e+00
1.669842e+01	5.675514e-01	6.561038e-04	748282.000000	0.000000e+00
1.672293e+01	5.694778e-01	6.616273e-04	740844.000000	0.000000e+00
1.674748e+01	5.704095e-01	6.649141e-04	735940.000000	0.000000e+00
1.677204e+01	5.720558e-01	6.714492e-04	725856.000000	0.000000e+00
1.679655e+01	5.736579e-01	6.767007e-04	718642.000000	0.000000e+00
1.682107e+01	5.731217e-01	6.794138e-04	711582.000000	0.000000e+00
1.684563e+01	5.725836e-01	6.820484e-04	704770.000000	0.000000e+00
1.687018e+01	5.747884e-01	6.885397e-04	696880.000000	0.000000e+00
1.689472e+01	5.770124e-01	6.957038e-04	687894.000000	0.000000e+00
1.691924e+01	5.750967e-01	6.964973e-04	681778.000000	0.000000e+00
1.694378e+01	5.777610e-01	7.045290e-04	672510.000000	0.000000e+00
1.696830e+01	5.799384e-01	7.107099e-04	665854.000000	0.000000e+00
1.699283e+01	5.782787e-01	7.131009e-04	657616.000000	0.000000e+00
1.701740e+01	5.808636e-01	7.194882e-04	651780.000000	0.000000e+00
1.704195e+01	5.808122e-01	7.248643e-04	642034.000000	0.000000e+00
1.706646e+01	5.807431e-01	7.299110e-04	633036.000000	0.000000e+00
1.709097e+01	5.843755e-01	7.375775e-04	627724.000000	0.000000e+00
1.711553e+01	5.823112e-01	7.399920e-04	619236.000000	0.000000e+00
1.714008e+01	5.855456e-01	7.492170e-04	610810.000000	0.000000e+00
1.716463e+01	5.848623e-01	7.520754e-04	604762.000000	0.000000e+00
1.718918e+01	5.858002e-01	7.602321e-04	593754.000000	0.000000e+00
1.721369e+01	5.863400e-01	7.648080e-04	587752.000000	0.000000e+00
1.723823e+01	5.866121e-01	7.710601e-04	578796.000000	0.000000e+00
1.726278e+01	5.880261e-01	7.775444e-04	571930.000000	0.000000e+00
1.728731e+01	5.880817e-01	7.837913e-04	562956.000000	0.000000e+00
1.731188e+01	5.882942e-01	7.888576e-04	556150.000000	0.000000e+00
1.733641e+01	5.887444e-01	7.965218e-04	546334.000000	0.000000e+00
1.736091e+01	5.905822e-01	8.054771e-04	537594.000000	0.000000e+00
1.738543e+01	5.906038e-01	8.094565e-04	532360.000000	0.000000e+00
1.741000e+01	5.915216e-01	8.187294e-04	521988.000000	0.000000e+00
1.743456e+01	5.908896e-01	8.226693e-04	515896.000000	0.000000e+00
1.745909e+01	5.904962e-01	8.306851e-04	505314.000000	0.000000e+00
1.748363e+01	5.913404e-01	8.374062e-04	498658.000000	0.000000e+00
1.750818e+01	5.920091e-01	8.456704e-04	490066.000000	0.000000e+00
1.753269e+01	5.925268e-01	8.552655e-04	479970.000000	0.000000e+00
1.755722e+01	5.932461e-01	8.612833e-04	474436.000000	0.000000e+00
1.758176e+01	5.875149e-01	8.625201e-04	463980.000000	0.000000e+00
1.760629e+01	5.893987e-01	8.720747e-04	456784.000000	0.000000e+00
1.763083e+01	5.903380e-01	8.816260e-04	448366.000000	0.000000e+00
1.765539e+01	5.885608e-01	8.873876e-04	439902.000000	0.000000e+00
1.767993e+01	5.876720e-01	8.949871e-04	431158.000000	0.000000e+00
1.770446e+01	5.861071e-01	9.014068e-04	422778.000000	0.000000e+00
1.772897e+01	5.852678e-01	9.100658e-04	413584.000000	0.000000e+00
1.775351e+01	5.816210e-01	9.122550e-04	406488.000000	0.000000e+00
1.777808e+01	5.806437e-01	9.206662e-04	397754.500000	0.000000e+00
1.780261e+01	5.802820e-01	9.302103e-04	389149.000000	0.000000e+00
1.782713e+01	5.795215e-01	9.374021e-04	382197.000000	0.000000e+00
1.785169e+01	5.772521e-01	9.418604e-04	375628.000000	0.000000e+00
1.787623e+01	5.761161e-01	9.500194e-04	367752.000000	0.000000e+00
1.790076e+01	5.749088e-01	9.556390e-04	361918.000000	0.000000e+00
1.792530e+01	5.756212e-01	9.659189e-04	355134.000000	0.000000e+00
1.794985e+01	5.729832e-01	9.703680e-04	348667.000000	0.000000e+00
1.797440e+01	5.739717e-01	9.801034e-04	342955.000000	0.000000e+00
1.799891e+01	5.736611e-01	9.900661e-04	335724.000000	0.000000e+00
1.802344e+01	5.735905e-01	9.969293e-04	331036.000000	0.000000e+00
1.804802e+01	5.736560e-01	1.005597e-03	325428.000000	0.000000e+00
1.807255e+01	5.736714e-01	1.016897e-03	318253.000000	0.000000e+00
1.809707e+01	5.743751e-01	1.024956e-03	314037.000000	0.000000e+00
1.812164e+01	5.731202e-01	1.032441e-03	308149.000000	0.000000e+00
1.814617e+01	5.709425e-01	1.038495e-03	302257.000000	0.000000e+00
1.817068e+01	5.732559e-01	1.051683e-03	297117.000000	0.000000e+00
1.819523e+01	5.720083e-01	1.057382e-03	292645.000000	0.000000e+00
1.821979e+01	5.753994e-01	1.073974e-03	287046.000000	0.000000e+00
1.824431e+01	5.717833e-01	1.078013e-03	281329.000000	0.000000e+00
1.826883e+01	5.741640e-01	1.090326e-03	277306.000000	0.000000e+00
1.829337e+01	5.749437e-01	1.101995e-03	272202.000000	0.000000e+00
1.831793e+01	5.749755e-01	1.111247e-03	267718.000000	0.000000e+00
1.834250e+01	5.762503e-01	1.123705e-03	262977.000000	0.000000e+00
1.836701e+01	5.745002e-01	1.133088e-03	257071.000000	0.000000e+00
1.839152e+01	5.773503e-01	1.146146e-03	253746.000000	0.000000e+00
1.841609e+01	5.747797e-01	1.151288e-03	249250.000000	0.000000e+00
1.844064e+01	5.766405e-01	1.166959e-03	244174.000000	0.000000e+00
1.846515e+01	5.758253e-01	1.175178e-03	240090.000000	0.000000e+00
1.848971e+01	5.767888e-01	1.187303e-03	235999.000000	0.000000e+00
1.851428e+01	5.790094e-01	1.202658e-03	231786.000000	0.000000e+00
1.853881e+01	5.803312e-01	1.217886e-03	227059.000000	0.000000e+00
1.856328e+01	5.775783e-01	1.224799e-03	222378.000000	0.000000e+00
1.858784e+01	5.795775e-01	1.235116e-03	220195.000000	0.000000e+00
1.861244e+01	5.796684e-01	1.250139e-03	215002.000000	0.000000e+00
1.863693e+01	5.816531e-01	1.267651e-03	210537.000000	0.000000e+00
1.866143e+01	5.834452e-01	1.281536e-03	207271.000000	0.000000e+00
1.868601e+01	5.806549e-01	1.285998e-03	203871.000000	0.000000e+00
1.871055e+01	5.826675e-01	1.305308e-03	199258.000000	0.000000e+00
1.873503e+01	5.848479e-01	1.323297e-03	195331.000000	0.000000e+00
1.875958e+01	5.854915e-01	1.332940e-03	192939.000000	0.000000e+00
1.878417e+01	5.870615e-01	1.352536e-03	188395.000000	0.000000e+00
1.880870e+01	5.882155e-01	1.367636e-03	184983.000000	0.000000e+00
1.883322e+01	5.891774e-01	1.384026e-03	181219.000000	0.000000e+00
1.885775e+01	5.890593e-01	1.396679e-03	177879.000000	0.000000e+00
1.888231e+01	5.881883e-01	1.407524e-03	174631.000000	0.000000e+00
1.890684e+01	5.904349e-01	1.428243e-03	170899.000000	0.000000e+00
1.893134e+01	5.950236e-01	1.454087e-03	167451.000000	0.000000e+00
1.895590e+01	5.966305e-01	1.469359e-03	164875.000000	0.000000e+00
1.898046e+01	5.964387e-01	1.487092e-03	160863.000000	0.000000e+00
1.900495e+01	5.971867e-01	1.504292e-03	157600.000000	0.000000e+00
1.902946e+01	6.007348e-01	1.526602e-03	154851.000000	0.000000e+00
1.905406e+01	6.022764e-01	1.544202e-03	152119.000000	0.000000e+00
1.907863e+01	6.019967e-01	1.562648e-03	148411.000000	0.000000e+00
1.910311e+01	6.041194e-01	1.586813e-03	144942.000000	0.000000e+00
1.912765e+01	6.020452e-01	1.591938e-03	143023.000000	0.000000e+00
1.915226e+01	6.060453e-01	1.621700e-03	139659.000000	0.000000e+00
1.917678e+01	6.064643e-01	1.643058e-03	136240.000000	0.000000e+00
1.920124e+01	6.148723e-01	1.683356e-03	133419.000000	0.000000e+00
1.922581e+01	6.107722e-01	1.684961e-03	131395.000000	0.000000e+00
1.925040e+01	6.153964e-01	1.720596e-03	127924.000000	0.000000e+00
1.927489e+01	6.167708e-01	1.744359e-03	125019.000000	0.000000e+00
1.929941e+01	6.185569e-01	1.765490e-03	122752.000000	0.000000e+00
1.932402e+01	6.234150e-01	1.797197e-03	120327.000000	0.000000e+00
1.934855e+01	6.238178e-01	1.826341e-03	116668.000000	0.000000e+00
1.937298e+01	6.252023e-01	1.849881e-03	114223.000000	0.000000e+00
1.939755e+01	6.285836e-01	1.871655e-03	112791.000000	0.000000e+00
1.942217e+01	6.293096e-01	1.903402e-03	109312.000000	0.000000e+00
1.944667e+01	6.323900e-01	1.933996e-03	106920.000000	0.000000e+00
1.947113e+01	6.339406e-01	1.965719e-03	104005.000000	0.000000e+00
1.949570e+01	6.370874e-01	1.986982e-03	102804.000000	0.000000e+00
1.952032e+01	6.412266e-01	2.031488e-03	99631.000000	0.000000e+00
1.954482e+01	6.419083e-01	2.059897e-03	97108.000000	0.000000e+00
1.956930e+01	6.485862e-01	2.105012e-03	94935.000000	0.000000e+00
1.959391e+01	6.488840e-01	2.126084e-03	93148.000000	0.000000e+00
1.961850e+01	6.482163e-01	2.156556e-03	90348.000000	0.000000e+00
1.964294e+01	6.579297e-01	2.221633e-03	87703.000000	0.000000e+00
1.966740e+01	6.548839e-01	2.232149e-03	86076.000000	0.000000e+00
1.969204e+01	6.592060e-01	2.269081e-03	84400.000000	0.000000e+00
1.971660e+01	6.587725e-01	2.309976e-03	81331.000000	0.000000e+00
1.974103e+01	6.605536e-01	2.343450e-03	79452.000000	0.000000e+00
1.976563e+01	6.685836e-01	2.391462e-03	78160.000000	0.000000e+00
1.979032e+01	6.708186e-01	2.437327e-03	75750.000000	0.000000e+00
1.981482e+01	6.794952e-01	2.512396e-03	73147.000000	0.000000e+00
1.983914e+01	6.772533e-01	2.545058e-03	70812.000000	0.000000e+00
1.986374e+01	6.819643e-01	2.565952e-03	70636.000000	0.000000e+00
1.988844e+01	6.814284e-01	2.621344e-03	67576.000000	0.000000e+00
1.991292e+01	6.898585e-01	2.690841e-03	65727.000000	0.000000e+00
1.993736e+01	6.950679e-01	2.753181e-03	63736.000000	0.000000e+00
1.996197e+01	6.964391e-01	2.781576e-03	62688.000000	0.000000e+00
1.998658e+01	7.003269e-01	2.853277e-03	60244.000000	0.000000e+00
2.001095e+01	7.019929e-01	2.913059e-03	58072.000000	0.000000e+00
2.003547e+01	7.082637e-01	2.955026e-03	57447.000000	0.000000e+00
2.006019e+01	7.153200e-01	3.039378e-03	55390.000000	0.000000e+00
2.008472e+01	7.134065e-01	3.088253e-03	53364.000000	0.000000e+00
2.010903e+01	7.157569e-01	3.161130e-03	51268.000000	0.000000e+00
2.013363e+01	7.182166e-01	3.175836e-03	51144.000000	0.000000e+00
2.015842e+01	7.258389e-01	3.286661e-03	48772.000000	0.000000e+00
2.018288e+01	7.388902e-01	3.414500e-03	46828.000000	0.000000e+00
2.020721e+01	7.389359e-01	3.469068e-03	45372.000000	0.000000e+00
2.023181e+01	7.420948e-01	3.516326e-03	44539.000000	0.000000e+00
2.025650e+01	7.405285e-01	3.582830e-03	42720.000000	0.000000e+00
2.028095e+01	7.539538e-01	3.726422e-03	40936.000000	0.000000e+00
2.030542e+01	7.558500e-01	3.780290e-03	39978.000000	0.000000e+00
2.033011e+01	7.629689e-01	3.883007e-03	38608.000000	0.000000e+00
2.035466e+01	7.639546e-01	3.977420e-03	36892.000000	0.000000e+00
2.037892e+01	7.684606e-01	4.095443e-03	35208.000000	0.000000e+00
2.040348e+01	7.790578e-01	4.163050e-03	35020.000000	0.000000e+00
2.042837e+01	7.905890e-01	4.327725e-03	33372.000000	0.000000e+00
2.045281e+01	7.862549e-01	4.435681e-03	31420.000000	0.000000e+00
2.047697e+01	7.873614e-01	4.519694e-03	30348.000000	0.000000e+00
2.050165e+01	8.024258e-01	4.629722e-03	30040.000000	0.000000e+00
2.052659e+01	8.056533e-01	4.769935e-03	28528.000000	0.000000e+00
2.055100e+01	8.135495e-01	4.986131e-03	26622.000000	0.000000e+00
2.057510e+01	8.140573e-01	5.070065e-03	25780.000000	0.000000e+00
2.059985e+01	8.330454e-01	5.221650e-03	25452.000000	0.000000e+00
2.062477e+01	8.340974e-01	5.386321e-03	23980.000000	0.000000e+00
2.064904e+01	8.447818e-01	5.669293e-03	22204.000000	0.000000e+00
2.067328e+01	8.395697e-01	5.670180e-03	21924.000000	0.000000e+00
2.069813e+01	8.468589e-01	5.836659e-03	21052.000000	0.000000e+00
2.072282e+01	8.642749e-01	6.153332e-03	19728.000000	0.000000e+00
2.074689e+01	8.589339e-01	6.346649e-03	18316.000000	0.000000e+00
2.077148e+01	8.773238e-01	6.446381e-03	18522.000000	0.000000e+00
2.079650e+01	8.981337e-01	6.877053e-03	17056.000000	0.000000e+00
2.082086e+01	8.878885e-01	7.041192e-03	15901.000000	0.000000e+00
2.084494e+01	9.056104e-01	7.361956e-03	15132.000000	0.000000e+00
2.086988e+01	9.054980e-01	7.389421e-03	15016.000000	0.000000e+00
2.089484e+01	9.241202e-01	7.935944e-03	13560.000000	0.000000e+00
2.091874e+01	9.335495e-01	8.371379e-03	12436.000000	0.000000e+00
2.094286e+01	9.371997e-01	8.446326e-03	12312.000000	0.000000e+00
2.096835e+01	9.320597e-01	8.502836e-03	12016.000000	0.000000e+00
2.099333e+01	9.543607e-01	9.351984e-03	10414.000000	0.000000e+00
2.101635e+01	9.583299e-01	9.950265e-03	9276.000000	0.000000e+00
2.104066e+01	9.565820e-01	9.584528e-03	9961.000000	0.000000e+00
2.106684e+01	9.932706e-01	1.033984e-02	9228.000000	0.000000e+00
2.109169e+01	9.873817e-01	1.122895e-02	7732.000000	0.000000e+00
2.111385e+01	1.005953e+00	1.223864e-02	6756.000000	0.000000e+00
2.113864e+01	1.029059e+00	1.168481e-02	7756.000000	0.000000e+00
2.116547e+01	1.031261e+00	1.248753e-02	6820.000000	0.000000e+00
2.118998e+01	1.023598e+00	1.398390e-02	5358.000000	0.000000e+00
2.121167e+01	1.048361e+00	1.483645e-02	4993.000000	0.000000e+00
2.123701e+01	1.050853e+00	1.414401e-02	5520.000000	0.000000e+00
2.126409e+01	1.075344e+00	1.553420e-02	4792.000000	0.000000e+00
2.128812e+01	1.071296e+00	1.827607e-02	3436.000000	0.000000e+00
2.130920e+01	1.081703e+00	1.833659e-02	3480.000000	0.000000e+00
2.133536e+01	1.128732e+00	1.850381e-02	3721.000000	0.000000e+00
2.136298e+01	1.100936e+00	1.967212e-02	3132.000000	0.000000e+00
2.138535e+01	1.170795e+00	2.779739e-02	1774.000000	0.000000e+00
2.140616e+01	1.143465e+00	2.328274e-02	2412.000000	0.000000e+00
2.143360e+01	1.149481e+00	2.444045e-02	2212.000000	0.000000e+00
2.146162e+01	1.155858e+00	2.696808e-02	1837.000000	0.000000e+00
2.148292e+01	1.191118e+00	4.169747e-02	816.000000	0.000000e+00
2.150387e+01	1.217504e+00	3.286951e-02	1372.000000	0.000000e+00
2.153200e+01	1.205635e+00	3.648417e-02	1092.000000	0.000000e+00
2.156014e+01	1.344841e+00	4.629133e-02	844.000000	0.000000e+00
2.158178e+01	1.329968e+00	7.223397e-02	339.000000	0.000000e+00
2.160234e+01	1.316891e+00	5.709445e-02	532.000000	0.000000e+00
2.163046e+01	1.301904e+00	6.823832e-02	364.000000	0.000000e+00
2.165853e+01	1.409316e+00	9.333426e-02	228.000000	0.000000e+00
2.168066e+01	1.315399e+00	1.539558e-01	73.000000	0.000000e+00
2.170037e+01	1.445366e+00	1.577024e-01	84.000000	0.000000e+00
2.172766e+01	1.361284e+00	2.572586e-01	28.000000	0.000000e+00
2.175143e+01	3.714881e+00	2.144787e+00	3.000000	0.000000e+00
