# [<k> (h/Mpc)]	[<P_0(k)> (Mpc/h)^3]	[ErrorBar (Mpc/h)^3]	nModes	[<P_2(k)> (Mpc/h)^3]
3.476422e-02	9.161452e+03	2.540929e+03	13.000000	0.000000e+00
5.890282e-02	3.861364e+03	6.721773e+02	33.000000	0.000000e+00
8.378087e-02	3.217649e+03	3.620138e+02	79.000000	0.000000e+00
1.087368e-01	1.692611e+03	1.564819e+02	117.000000	0.000000e+00
1.341836e-01	1.324267e+03	9.249079e+01	205.000000	0.000000e+00
1.581206e-01	1.003670e+03	6.547220e+01	235.000000	0.000000e+00
1.826843e-01	8.951163e+02	4.659789e+01	369.000000	0.000000e+00
2.073525e-01	7.528902e+02	3.618159e+01	433.000000	0.000000e+00
2.322407e-01	6.175930e+02	2.553433e+01	585.000000	0.000000e+00
2.568838e-01	5.010532e+02	1.922866e+01	679.000000	0.000000e+00
2.811185e-01	4.455933e+02	1.562764e+01	813.000000	0.000000e+00
3.057758e-01	3.840947e+02	1.223827e+01	985.000000	0.000000e+00
3.308750e-01	3.347929e+02	9.733834e+00	1183.000000	0.000000e+00
3.553459e-01	3.062598e+02	8.597243e+00	1269.000000	0.000000e+00
3.797184e-01	2.783459e+02	7.099828e+00	1537.000000	0.000000e+00
4.042043e-01	2.522234e+02	6.203674e+00	1653.000000	0.000000e+00
4.287408e-01	2.318440e+02	5.232820e+00	1963.000000	0.000000e+00
4.533372e-01	2.179863e+02	4.733245e+00	2121.000000	0.000000e+00
4.779960e-01	2.027342e+02	4.127132e+00	2413.000000	0.000000e+00
5.026630e-01	1.821741e+02	3.548921e+00	2635.000000	0.000000e+00
5.271488e-01	1.732786e+02	3.230540e+00	2877.000000	0.000000e+00
5.515428e-01	1.650595e+02	2.932105e+00	3169.000000	0.000000e+00
5.762241e-01	1.571536e+02	2.653728e+00	3507.000000	0.000000e+00
6.007286e-01	1.420128e+02	2.339423e+00	3685.000000	0.000000e+00
6.252569e-01	1.372452e+02	2.126620e+00	4165.000000	0.000000e+00
6.499966e-01	1.288725e+02	1.947925e+00	4377.000000	0.000000e+00
6.746858e-01	1.246662e+02	1.789181e+00	4855.000000	0.000000e+00
6.991271e-01	1.198618e+02	1.707267e+00	4929.000000	0.000000e+00
7.235757e-01	1.158524e+02	1.550776e+00	5581.000000	0.000000e+00
7.479714e-01	1.079913e+02	1.433022e+00	5679.000000	0.000000e+00
7.726133e-01	1.046563e+02	1.309739e+00	6385.000000	0.000000e+00
7.972413e-01	9.927041e+01	1.226308e+00	6553.000000	0.000000e+00
8.218513e-01	9.767465e+01	1.157149e+00	7125.000000	0.000000e+00
8.464491e-01	9.450594e+01	1.095137e+00	7447.000000	0.000000e+00
8.709767e-01	8.936605e+01	1.003606e+00	7929.000000	0.000000e+00
8.955547e-01	8.933796e+01	9.774956e-01	8353.000000	0.000000e+00
9.199772e-01	8.550754e+01	9.128110e-01	8775.000000	0.000000e+00
9.444963e-01	8.271790e+01	8.571458e-01	9313.000000	0.000000e+00
9.690846e-01	7.862808e+01	7.926073e-01	9841.000000	0.000000e+00
9.935517e-01	7.685309e+01	7.612949e-01	10191.000000	0.000000e+00
1.018099e+00	7.648397e+01	7.326844e-01	10897.000000	0.000000e+00
1.042679e+00	7.228726e+01	6.799913e-01	11301.000000	0.000000e+00
1.067353e+00	7.165736e+01	6.534589e-01	12025.000000	0.000000e+00
1.092004e+00	6.965061e+01	6.249017e-01	12423.000000	0.000000e+00
1.116549e+00	6.877704e+01	6.027279e-01	13021.000000	0.000000e+00
1.140967e+00	6.613557e+01	5.712178e-01	13405.000000	0.000000e+00
1.165410e+00	6.508073e+01	5.452438e-01	14247.000000	0.000000e+00
1.189942e+00	6.347994e+01	5.244127e-01	14653.000000	0.000000e+00
1.214340e+00	6.223106e+01	5.025666e-01	15333.000000	0.000000e+00
1.238824e+00	6.102953e+01	4.832516e-01	15949.000000	0.000000e+00
1.263616e+00	5.944068e+01	4.551002e-01	17059.000000	0.000000e+00
1.288278e+00	5.827383e+01	4.456702e-01	17097.000000	0.000000e+00
1.312698e+00	5.736734e+01	4.280072e-01	17965.000000	0.000000e+00
1.337129e+00	5.594971e+01	4.110062e-01	18531.000000	0.000000e+00
1.361846e+00	5.472783e+01	3.902268e-01	19669.000000	0.000000e+00
1.386459e+00	5.354648e+01	3.796477e-01	19893.000000	0.000000e+00
1.410760e+00	5.281914e+01	3.690399e-01	20485.000000	0.000000e+00
1.435294e+00	5.159710e+01	3.498530e-01	21751.000000	0.000000e+00
1.459966e+00	5.065503e+01	3.399054e-01	22209.000000	0.000000e+00
1.484553e+00	5.026047e+01	3.311127e-01	23041.000000	0.000000e+00
1.509059e+00	4.898494e+01	3.182518e-01	23691.000000	0.000000e+00
1.533565e+00	4.820235e+01	3.082241e-01	24457.000000	0.000000e+00
1.558284e+00	4.770413e+01	2.970102e-01	25797.000000	0.000000e+00
1.582818e+00	4.616640e+01	2.883880e-01	25627.000000	0.000000e+00
1.607259e+00	4.517862e+01	2.738500e-01	27217.000000	0.000000e+00
1.631809e+00	4.490322e+01	2.705357e-01	27549.000000	0.000000e+00
1.656366e+00	4.386070e+01	2.583933e-01	28813.000000	0.000000e+00
1.680925e+00	4.333739e+01	2.529424e-01	29355.000000	0.000000e+00
1.705257e+00	4.330692e+01	2.503792e-01	29917.000000	0.000000e+00
1.729806e+00	4.175464e+01	2.346915e-01	31653.000000	0.000000e+00
1.754462e+00	4.105564e+01	2.296839e-01	31951.000000	0.000000e+00
1.778992e+00	4.101621e+01	2.255784e-01	33061.000000	0.000000e+00
1.803411e+00	4.030454e+01	2.198891e-01	33597.000000	0.000000e+00
1.827963e+00	3.967678e+01	2.114869e-01	35197.000000	0.000000e+00
1.852647e+00	3.888958e+01	2.054718e-01	35823.000000	0.000000e+00
1.877249e+00	3.871098e+01	2.013876e-01	36949.000000	0.000000e+00
1.901733e+00	3.802756e+01	1.968755e-01	37309.000000	0.000000e+00
1.926241e+00	3.706495e+01	1.875055e-01	39075.000000	0.000000e+00
1.950830e+00	3.700024e+01	1.864684e-01	39373.000000	0.000000e+00
1.975308e+00	3.610616e+01	1.786799e-01	40833.000000	0.000000e+00
1.999729e+00	3.565103e+01	1.756336e-01	41203.000000	0.000000e+00
2.024419e+00	3.505905e+01	1.677313e-01	43689.000000	0.000000e+00
2.049126e+00	3.499333e+01	1.677551e-01	43513.000000	0.000000e+00
2.073508e+00	3.413958e+01	1.619518e-01	44437.000000	0.000000e+00
2.097846e+00	3.404463e+01	1.593395e-01	45651.000000	0.000000e+00
2.122473e+00	3.341985e+01	1.533650e-01	47485.000000	0.000000e+00
2.147106e+00	3.278080e+01	1.496840e-01	47961.000000	0.000000e+00
2.171601e+00	3.269115e+01	1.474625e-01	49147.000000	0.000000e+00
2.196158e+00	3.178149e+01	1.416714e-01	50325.000000	0.000000e+00
2.220735e+00	3.154923e+01	1.388218e-01	51649.000000	0.000000e+00
2.245251e+00	3.103312e+01	1.358895e-01	52153.000000	0.000000e+00
2.269729e+00	3.054505e+01	1.315144e-01	53943.000000	0.000000e+00
2.294271e+00	3.018529e+01	1.290665e-01	54697.000000	0.000000e+00
2.318928e+00	2.994427e+01	1.257042e-01	56745.000000	0.000000e+00
2.343538e+00	2.935419e+01	1.229436e-01	57007.000000	0.000000e+00
2.368026e+00	2.902646e+01	1.200497e-01	58461.000000	0.000000e+00
2.392423e+00	2.863245e+01	1.178370e-01	59041.000000	0.000000e+00
2.416863e+00	2.813716e+01	1.139100e-01	61015.000000	0.000000e+00
2.441509e+00	2.804730e+01	1.120664e-01	62637.000000	0.000000e+00
2.466080e+00	2.768241e+01	1.101417e-01	63169.000000	0.000000e+00
2.490575e+00	2.747854e+01	1.081087e-01	64605.000000	0.000000e+00
2.515186e+00	2.715614e+01	1.053173e-01	66487.000000	0.000000e+00
2.539777e+00	2.653638e+01	1.024938e-01	67033.000000	0.000000e+00
2.564215e+00	2.637493e+01	1.009645e-01	68241.000000	0.000000e+00
2.588707e+00	2.601511e+01	9.833419e-02	69991.000000	0.000000e+00
2.613337e+00	2.576112e+01	9.633776e-02	71505.000000	0.000000e+00
2.637925e+00	2.532869e+01	9.393309e-02	72709.000000	0.000000e+00
2.662420e+00	2.506013e+01	9.245267e-02	73473.000000	0.000000e+00
2.686963e+00	2.466800e+01	8.962007e-02	75763.000000	0.000000e+00
2.711515e+00	2.451264e+01	8.876440e-02	76261.000000	0.000000e+00
2.735982e+00	2.425352e+01	8.684988e-02	77985.000000	0.000000e+00
2.760573e+00	2.398834e+01	8.480576e-02	80011.000000	0.000000e+00
2.785237e+00	2.368769e+01	8.322543e-02	81009.000000	0.000000e+00
2.809671e+00	2.333037e+01	8.167214e-02	81601.000000	0.000000e+00
2.834151e+00	2.287762e+01	7.889725e-02	84081.000000	0.000000e+00
2.858722e+00	2.262052e+01	7.751529e-02	85159.000000	0.000000e+00
2.883250e+00	2.256628e+01	7.665458e-02	86665.000000	0.000000e+00
2.907819e+00	2.221658e+01	7.474738e-02	88341.000000	0.000000e+00
2.932335e+00	2.201307e+01	7.359023e-02	89479.000000	0.000000e+00
2.956914e+00	2.172627e+01	7.181659e-02	91521.000000	0.000000e+00
2.981449e+00	2.145168e+01	7.056131e-02	92425.000000	0.000000e+00
3.005876e+00	2.108779e+01	6.893533e-02	93579.000000	0.000000e+00
3.030403e+00	2.090427e+01	6.736271e-02	96301.000000	0.000000e+00
3.055041e+00	2.059591e+01	6.590665e-02	97657.000000	0.000000e+00
3.079692e+00	2.058817e+01	6.530400e-02	99393.000000	0.000000e+00
3.104241e+00	2.020266e+01	6.382422e-02	100195.000000	0.000000e+00
3.128710e+00	2.000425e+01	6.272528e-02	101709.000000	0.000000e+00
3.153123e+00	1.989904e+01	6.199679e-02	103021.000000	0.000000e+00
3.177619e+00	1.957407e+01	6.023305e-02	105607.000000	0.000000e+00
3.202185e+00	1.934479e+01	5.919161e-02	106809.000000	0.000000e+00
3.226708e+00	1.909465e+01	5.793896e-02	108613.000000	0.000000e+00
3.251321e+00	1.897683e+01	5.701526e-02	110781.000000	0.000000e+00
3.275882e+00	1.866369e+01	5.585755e-02	111643.000000	0.000000e+00
3.300393e+00	1.854269e+01	5.500055e-02	113661.000000	0.000000e+00
3.324955e+00	1.845074e+01	5.434663e-02	115261.000000	0.000000e+00
3.349528e+00	1.819147e+01	5.307561e-02	117475.000000	0.000000e+00
3.374087e+00	1.792767e+01	5.210364e-02	118389.000000	0.000000e+00
3.398541e+00	1.775693e+01	5.125706e-02	120013.000000	0.000000e+00
3.423011e+00	1.753904e+01	5.023492e-02	121899.000000	0.000000e+00
3.447546e+00	1.739308e+01	4.936974e-02	124117.000000	0.000000e+00
3.472176e+00	1.718884e+01	4.829602e-02	126669.000000	0.000000e+00
3.496772e+00	1.691420e+01	4.746968e-02	126961.000000	0.000000e+00
3.521302e+00	1.678542e+01	4.657320e-02	129895.000000	0.000000e+00
3.545845e+00	1.661269e+01	4.599384e-02	130461.000000	0.000000e+00
3.570351e+00	1.643483e+01	4.501072e-02	133321.000000	0.000000e+00
3.594817e+00	1.627974e+01	4.453555e-02	133623.000000	0.000000e+00
3.619340e+00	1.605546e+01	4.331207e-02	137413.000000	0.000000e+00
3.643921e+00	1.594942e+01	4.289696e-02	138241.000000	0.000000e+00
3.668501e+00	1.564825e+01	4.167891e-02	140961.000000	0.000000e+00
3.693083e+00	1.557735e+01	4.130093e-02	142255.000000	0.000000e+00
3.717636e+00	1.544246e+01	4.067115e-02	144165.000000	0.000000e+00
3.742123e+00	1.523944e+01	3.996992e-02	145369.000000	0.000000e+00
3.766623e+00	1.514281e+01	3.933649e-02	148191.000000	0.000000e+00
3.791211e+00	1.495931e+01	3.859994e-02	150193.000000	0.000000e+00
3.815740e+00	1.475219e+01	3.790383e-02	151477.000000	0.000000e+00
3.840250e+00	1.458059e+01	3.718389e-02	153759.000000	0.000000e+00
3.864816e+00	1.446674e+01	3.661340e-02	156121.000000	0.000000e+00
3.889416e+00	1.435800e+01	3.609533e-02	158229.000000	0.000000e+00
3.913984e+00	1.418815e+01	3.551335e-02	159613.000000	0.000000e+00
3.938439e+00	1.403350e+01	3.499082e-02	160851.000000	0.000000e+00
3.962856e+00	1.393652e+01	3.452459e-02	162949.000000	0.000000e+00
3.987408e+00	1.378758e+01	3.375286e-02	166861.000000	0.000000e+00
4.011951e+00	1.363252e+01	3.336468e-02	166947.000000	0.000000e+00
4.036502e+00	1.347147e+01	3.259565e-02	170809.000000	0.000000e+00
4.061101e+00	1.337384e+01	3.224334e-02	172041.000000	0.000000e+00
4.085632e+00	1.318202e+01	3.161883e-02	173809.000000	0.000000e+00
4.110226e+00	1.303891e+01	3.095959e-02	177375.000000	0.000000e+00
4.134760e+00	1.290993e+01	3.068779e-02	176977.000000	0.000000e+00
4.159247e+00	1.279230e+01	3.008254e-02	180829.000000	0.000000e+00
4.183807e+00	1.267366e+01	2.966006e-02	182583.000000	0.000000e+00
4.208321e+00	1.258926e+01	2.934050e-02	184105.000000	0.000000e+00
4.232839e+00	1.238801e+01	2.862470e-02	187293.000000	0.000000e+00
4.257376e+00	1.232634e+01	2.840373e-02	188329.000000	0.000000e+00
4.281944e+00	1.220675e+01	2.782531e-02	192451.000000	0.000000e+00
4.306505e+00	1.202319e+01	2.739735e-02	192585.000000	0.000000e+00
4.331033e+00	1.197569e+01	2.704225e-02	196117.000000	0.000000e+00
4.355617e+00	1.181503e+01	2.653844e-02	198207.000000	0.000000e+00
4.380161e+00	1.169995e+01	2.618828e-02	199597.000000	0.000000e+00
4.404676e+00	1.162022e+01	2.581908e-02	202557.000000	0.000000e+00
4.429249e+00	1.147468e+01	2.535280e-02	204847.000000	0.000000e+00
4.453772e+00	1.139392e+01	2.508306e-02	206341.000000	0.000000e+00
4.478282e+00	1.125178e+01	2.459930e-02	209217.000000	0.000000e+00
4.502777e+00	1.115769e+01	2.431886e-02	210505.000000	0.000000e+00
4.527289e+00	1.103757e+01	2.384314e-02	214299.000000	0.000000e+00
4.551889e+00	1.093514e+01	2.349797e-02	216565.000000	0.000000e+00
4.576426e+00	1.081475e+01	2.317216e-02	217821.000000	0.000000e+00
4.600893e+00	1.074263e+01	2.289634e-02	220135.000000	0.000000e+00
4.625467e+00	1.061623e+01	2.241563e-02	224305.000000	0.000000e+00
4.650035e+00	1.054462e+01	2.223431e-02	224913.000000	0.000000e+00
4.674541e+00	1.045634e+01	2.191104e-02	227737.000000	0.000000e+00
4.699104e+00	1.035619e+01	2.155505e-02	230835.000000	0.000000e+00
4.723670e+00	1.028303e+01	2.131332e-02	232777.000000	0.000000e+00
4.748182e+00	1.017734e+01	2.102195e-02	234381.000000	0.000000e+00
4.772682e+00	1.006556e+01	2.064737e-02	237655.000000	0.000000e+00
4.797203e+00	1.001087e+01	2.046374e-02	239317.000000	0.000000e+00
4.821755e+00	9.867504e+00	1.999516e-02	243537.000000	0.000000e+00
4.846361e+00	9.823382e+00	1.983704e-02	245227.000000	0.000000e+00
4.870915e+00	9.711908e+00	1.953079e-02	247269.000000	0.000000e+00
4.895426e+00	9.572417e+00	1.915921e-02	249625.000000	0.000000e+00
4.919952e+00	9.517484e+00	1.894662e-02	252337.000000	0.000000e+00
4.944496e+00	9.413223e+00	1.862858e-02	255339.000000	0.000000e+00
4.969013e+00	9.354457e+00	1.847160e-02	256465.000000	0.000000e+00
4.993562e+00	9.255134e+00	1.810654e-02	261273.000000	0.000000e+00
5.018138e+00	9.161905e+00	1.789015e-02	262267.000000	0.000000e+00
5.042642e+00	9.112384e+00	1.771212e-02	264681.000000	0.000000e+00
5.067215e+00	9.021366e+00	1.739099e-02	269089.000000	0.000000e+00
5.091775e+00	8.974221e+00	1.729163e-02	269353.000000	0.000000e+00
5.116309e+00	8.840849e+00	1.688850e-02	274035.000000	0.000000e+00
5.140838e+00	8.775440e+00	1.675627e-02	274273.000000	0.000000e+00
5.165333e+00	8.717419e+00	1.651817e-02	278517.000000	0.000000e+00
5.189818e+00	8.629006e+00	1.632365e-02	279439.000000	0.000000e+00
5.214351e+00	8.555303e+00	1.603239e-02	284757.000000	0.000000e+00
5.238947e+00	8.492742e+00	1.586929e-02	286405.000000	0.000000e+00
5.263479e+00	8.390596e+00	1.562078e-02	288523.000000	0.000000e+00
5.288002e+00	8.338336e+00	1.543985e-02	291657.000000	0.000000e+00
5.312546e+00	8.248811e+00	1.520346e-02	294373.000000	0.000000e+00
5.337121e+00	8.192138e+00	1.501124e-02	297825.000000	0.000000e+00
5.361672e+00	8.123340e+00	1.484670e-02	299371.000000	0.000000e+00
5.386196e+00	8.056927e+00	1.464622e-02	302613.000000	0.000000e+00
5.410715e+00	7.969913e+00	1.443993e-02	304633.000000	0.000000e+00
5.435244e+00	7.916247e+00	1.425190e-02	308527.000000	0.000000e+00
5.459823e+00	7.838326e+00	1.404725e-02	311361.000000	0.000000e+00
5.484389e+00	7.774107e+00	1.387126e-02	314101.000000	0.000000e+00
5.508889e+00	7.711365e+00	1.374496e-02	314757.000000	0.000000e+00
5.533464e+00	7.651855e+00	1.348180e-02	322135.000000	0.000000e+00
5.558036e+00	7.577716e+00	1.339302e-02	320125.000000	0.000000e+00
5.582484e+00	7.515957e+00	1.319082e-02	324657.000000	0.000000e+00
5.606956e+00	7.468656e+00	1.307214e-02	326431.000000	0.000000e+00
5.631560e+00	7.379121e+00	1.277573e-02	333609.000000	0.000000e+00
5.656168e+00	7.330675e+00	1.270344e-02	333001.000000	0.000000e+00
5.680698e+00	7.281343e+00	1.254835e-02	336705.000000	0.000000e+00
5.705204e+00	7.233503e+00	1.243386e-02	338443.000000	0.000000e+00
5.729704e+00	7.156346e+00	1.223386e-02	342181.000000	0.000000e+00
5.754232e+00	7.095018e+00	1.207668e-02	345153.000000	0.000000e+00
5.778772e+00	7.027028e+00	1.190135e-02	348619.000000	0.000000e+00
5.803342e+00	6.983349e+00	1.177999e-02	351429.000000	0.000000e+00
5.827902e+00	6.934681e+00	1.164368e-02	354709.000000	0.000000e+00
5.852409e+00	6.897944e+00	1.156398e-02	355815.000000	0.000000e+00
5.876957e+00	6.840587e+00	1.137389e-02	361717.000000	0.000000e+00
5.901534e+00	6.766111e+00	1.123256e-02	362845.000000	0.000000e+00
5.926030e+00	6.720480e+00	1.112106e-02	365181.000000	0.000000e+00
5.950548e+00	6.658082e+00	1.094808e-02	369847.000000	0.000000e+00
5.975137e+00	6.602787e+00	1.080884e-02	373161.000000	0.000000e+00
5.999657e+00	6.566061e+00	1.073831e-02	373885.000000	0.000000e+00
6.024161e+00	6.499583e+00	1.055780e-02	378987.000000	0.000000e+00
6.048714e+00	6.450018e+00	1.044577e-02	381277.000000	0.000000e+00
6.073267e+00	6.395877e+00	1.030151e-02	385477.000000	0.000000e+00
6.097868e+00	6.367491e+00	1.021128e-02	388845.000000	0.000000e+00
6.122369e+00	6.329083e+00	1.015269e-02	388615.000000	0.000000e+00
6.146867e+00	6.267721e+00	9.971590e-03	395085.000000	0.000000e+00
6.171452e+00	6.238432e+00	9.896278e-03	397381.000000	0.000000e+00
6.195974e+00	6.158333e+00	9.738749e-03	399871.000000	0.000000e+00
6.220444e+00	6.101801e+00	9.629839e-03	401493.000000	0.000000e+00
6.244986e+00	6.060687e+00	9.477496e-03	408937.000000	0.000000e+00
6.269588e+00	6.025038e+00	9.411927e-03	409791.000000	0.000000e+00
6.294124e+00	5.982770e+00	9.309328e-03	413017.000000	0.000000e+00
6.318633e+00	5.930924e+00	9.198150e-03	415761.000000	0.000000e+00
6.343202e+00	5.886652e+00	9.073962e-03	420865.000000	0.000000e+00
6.367770e+00	5.836052e+00	8.975706e-03	422767.000000	0.000000e+00
6.392288e+00	5.782574e+00	8.865674e-03	425421.000000	0.000000e+00
6.416837e+00	5.742289e+00	8.751568e-03	430525.000000	0.000000e+00
6.441383e+00	5.688643e+00	8.657610e-03	431739.000000	0.000000e+00
6.465913e+00	5.674579e+00	8.588733e-03	436525.000000	0.000000e+00
6.490433e+00	5.621641e+00	8.490810e-03	438357.000000	0.000000e+00
6.514946e+00	5.582370e+00	8.393061e-03	442381.000000	0.000000e+00
6.539518e+00	5.554156e+00	8.302195e-03	447559.000000	0.000000e+00
6.564059e+00	5.496191e+00	8.213881e-03	447741.000000	0.000000e+00
6.588587e+00	5.461591e+00	8.107026e-03	453853.000000	0.000000e+00
6.613110e+00	5.417856e+00	8.036992e-03	454431.000000	0.000000e+00
6.637622e+00	5.370374e+00	7.918520e-03	459961.000000	0.000000e+00
6.662172e+00	5.345075e+00	7.857270e-03	462769.000000	0.000000e+00
6.686693e+00	5.313681e+00	7.786008e-03	465759.000000	0.000000e+00
6.711227e+00	5.266224e+00	7.681928e-03	469957.000000	0.000000e+00
6.735777e+00	5.236949e+00	7.610743e-03	473481.000000	0.000000e+00
6.760323e+00	5.189166e+00	7.519386e-03	476245.000000	0.000000e+00
6.784855e+00	5.151904e+00	7.433787e-03	480303.000000	0.000000e+00
6.809427e+00	5.117342e+00	7.351312e-03	484573.000000	0.000000e+00
6.833979e+00	5.088067e+00	7.294819e-03	486493.000000	0.000000e+00
6.858503e+00	5.062669e+00	7.227880e-03	490611.000000	0.000000e+00
6.883055e+00	5.029254e+00	7.153554e-03	494269.000000	0.000000e+00
6.907584e+00	4.983898e+00	7.067567e-03	497277.000000	0.000000e+00
6.932134e+00	4.957766e+00	6.999555e-03	501685.000000	0.000000e+00
6.956669e+00	4.911868e+00	6.917883e-03	504135.000000	0.000000e+00
6.981221e+00	4.879672e+00	6.838616e-03	509149.000000	0.000000e+00
7.005753e+00	4.854102e+00	6.792941e-03	510625.000000	0.000000e+00
7.030233e+00	4.824982e+00	6.727087e-03	514443.000000	0.000000e+00
7.054782e+00	4.791608e+00	6.644554e-03	520033.000000	0.000000e+00
7.079343e+00	4.744830e+00	6.562320e-03	522789.000000	0.000000e+00
7.103883e+00	4.727793e+00	6.518713e-03	526009.000000	0.000000e+00
7.128424e+00	4.691529e+00	6.441425e-03	530475.000000	0.000000e+00
7.152965e+00	4.662631e+00	6.386609e-03	532993.000000	0.000000e+00
7.177501e+00	4.622952e+00	6.305484e-03	537529.000000	0.000000e+00
7.202013e+00	4.604259e+00	6.267396e-03	539691.000000	0.000000e+00
7.226577e+00	4.564864e+00	6.174167e-03	546637.000000	0.000000e+00
7.251125e+00	4.536736e+00	6.134326e-03	546957.000000	0.000000e+00
7.275651e+00	4.500121e+00	6.053369e-03	552655.000000	0.000000e+00
7.300226e+00	4.481922e+00	6.007048e-03	556681.000000	0.000000e+00
7.324759e+00	4.441969e+00	5.943791e-03	558501.000000	0.000000e+00
7.349299e+00	4.417658e+00	5.881366e-03	564193.000000	0.000000e+00
7.373825e+00	4.379474e+00	5.823527e-03	565551.000000	0.000000e+00
7.398312e+00	4.340292e+00	5.749699e-03	569833.000000	0.000000e+00
7.422892e+00	4.328566e+00	5.696522e-03	577389.000000	0.000000e+00
7.447442e+00	4.305130e+00	5.670877e-03	576331.000000	0.000000e+00
7.471956e+00	4.265322e+00	5.586918e-03	582853.000000	0.000000e+00
7.496499e+00	4.244392e+00	5.545042e-03	585897.000000	0.000000e+00
7.521014e+00	4.214312e+00	5.492915e-03	588637.000000	0.000000e+00
7.545557e+00	4.182233e+00	5.420735e-03	595251.000000	0.000000e+00
7.570086e+00	4.162658e+00	5.392655e-03	595849.000000	0.000000e+00
7.594613e+00	4.140236e+00	5.335015e-03	602253.000000	0.000000e+00
7.619172e+00	4.112202e+00	5.283081e-03	605863.000000	0.000000e+00
7.643756e+00	4.082507e+00	5.223378e-03	610873.000000	0.000000e+00
7.668263e+00	4.059817e+00	5.196560e-03	610353.000000	0.000000e+00
7.692777e+00	4.021506e+00	5.113065e-03	618607.000000	0.000000e+00
7.717371e+00	4.010632e+00	5.084556e-03	622185.000000	0.000000e+00
7.741929e+00	3.987083e+00	5.042350e-03	625237.000000	0.000000e+00
7.766457e+00	3.955654e+00	4.991470e-03	628029.000000	0.000000e+00
7.790953e+00	3.932668e+00	4.946947e-03	631975.000000	0.000000e+00
7.815489e+00	3.912243e+00	4.899787e-03	637525.000000	0.000000e+00
7.840050e+00	3.885154e+00	4.849608e-03	641805.000000	0.000000e+00
7.864588e+00	3.859634e+00	4.808330e-03	644323.000000	0.000000e+00
7.889126e+00	3.836176e+00	4.760429e-03	649389.000000	0.000000e+00
7.913643e+00	3.804921e+00	4.713231e-03	651709.000000	0.000000e+00
7.938181e+00	3.788453e+00	4.669249e-03	658309.000000	0.000000e+00
7.962760e+00	3.775007e+00	4.637562e-03	662607.000000	0.000000e+00
7.987311e+00	3.737496e+00	4.585844e-03	664237.000000	0.000000e+00
8.011811e+00	3.715745e+00	4.545721e-03	668169.000000	0.000000e+00
8.036325e+00	3.694561e+00	4.501498e-03	673615.000000	0.000000e+00
8.060868e+00	3.665648e+00	4.452955e-03	677649.000000	0.000000e+00
8.085446e+00	3.637351e+00	4.398364e-03	683893.000000	0.000000e+00
8.109989e+00	3.619637e+00	4.376905e-03	683905.000000	0.000000e+00
8.134471e+00	3.596127e+00	4.332837e-03	688851.000000	0.000000e+00
8.159038e+00	3.584979e+00	4.293498e-03	697189.000000	0.000000e+00
8.183598e+00	3.558007e+00	4.264072e-03	696249.000000	0.000000e+00
8.208073e+00	3.530978e+00	4.216127e-03	701395.000000	0.000000e+00
8.232590e+00	3.519585e+00	4.187322e-03	706497.000000	0.000000e+00
8.257144e+00	3.488271e+00	4.133170e-03	712285.000000	0.000000e+00
8.281710e+00	3.475914e+00	4.108797e-03	715663.000000	0.000000e+00
8.306271e+00	3.455453e+00	4.072129e-03	720057.000000	0.000000e+00
8.330826e+00	3.430769e+00	4.030388e-03	724585.000000	0.000000e+00
8.355374e+00	3.412683e+00	4.001769e-03	727257.000000	0.000000e+00
8.379901e+00	3.396111e+00	3.967509e-03	732703.000000	0.000000e+00
8.404418e+00	3.373643e+00	3.935555e-03	734829.000000	0.000000e+00
8.428928e+00	3.364426e+00	3.909246e-03	740689.000000	0.000000e+00
8.453504e+00	3.339031e+00	3.860786e-03	747979.000000	0.000000e+00
8.478051e+00	3.322317e+00	3.844046e-03	746973.000000	0.000000e+00
8.502580e+00	3.304328e+00	3.799462e-03	756349.000000	0.000000e+00
8.527138e+00	3.282158e+00	3.773261e-03	756633.000000	0.000000e+00
8.551634e+00	3.258370e+00	3.733681e-03	761599.000000	0.000000e+00
8.576156e+00	3.242616e+00	3.702107e-03	767173.000000	0.000000e+00
8.600697e+00	3.226807e+00	3.674281e-03	771261.000000	0.000000e+00
8.625259e+00	3.202954e+00	3.632375e-03	777535.000000	0.000000e+00
8.649836e+00	3.184158e+00	3.603887e-03	780633.000000	0.000000e+00
8.674376e+00	3.165838e+00	3.573788e-03	784729.000000	0.000000e+00
8.698927e+00	3.148252e+00	3.542627e-03	789747.000000	0.000000e+00
8.723450e+00	3.130410e+00	3.517774e-03	791893.000000	0.000000e+00
8.747957e+00	3.119029e+00	3.492255e-03	797677.000000	0.000000e+00
8.772521e+00	3.099739e+00	3.456060e-03	804429.000000	0.000000e+00
8.797047e+00	3.080395e+00	3.434266e-03	804535.000000	0.000000e+00
8.821541e+00	3.071925e+00	3.411437e-03	810861.000000	0.000000e+00
8.846076e+00	3.045372e+00	3.370613e-03	816325.000000	0.000000e+00
8.870641e+00	3.034301e+00	3.345934e-03	822399.000000	0.000000e+00
8.895170e+00	3.009210e+00	3.318052e-03	822505.000000	0.000000e+00
8.919713e+00	3.000369e+00	3.288074e-03	832657.000000	0.000000e+00
8.944263e+00	2.984002e+00	3.271702e-03	831861.000000	0.000000e+00
8.968772e+00	2.964776e+00	3.236117e-03	839335.000000	0.000000e+00
8.993334e+00	2.950981e+00	3.210812e-03	844701.000000	0.000000e+00
9.017895e+00	2.934654e+00	3.186934e-03	847945.000000	0.000000e+00
9.042430e+00	2.913548e+00	3.154782e-03	852915.000000	0.000000e+00
9.066970e+00	2.893615e+00	3.126107e-03	856789.000000	0.000000e+00
9.091538e+00	2.884505e+00	3.101616e-03	864901.000000	0.000000e+00
9.116063e+00	2.864416e+00	3.084379e-03	862455.000000	0.000000e+00
9.140573e+00	2.856733e+00	3.056630e-03	873481.000000	0.000000e+00
9.165140e+00	2.835842e+00	3.030187e-03	875841.000000	0.000000e+00
9.189653e+00	2.824094e+00	3.012636e-03	878749.000000	0.000000e+00
9.214176e+00	2.800748e+00	2.974630e-03	886507.000000	0.000000e+00
9.238722e+00	2.792027e+00	2.960979e-03	889137.000000	0.000000e+00
9.263252e+00	2.782334e+00	2.940668e-03	895213.000000	0.000000e+00
9.287810e+00	2.764667e+00	2.913142e-03	900663.000000	0.000000e+00
9.312363e+00	2.755088e+00	2.897267e-03	904261.000000	0.000000e+00
9.336898e+00	2.738102e+00	2.871704e-03	909117.000000	0.000000e+00
9.361428e+00	2.728660e+00	2.855808e-03	912937.000000	0.000000e+00
9.385969e+00	2.711528e+00	2.826947e-03	920011.000000	0.000000e+00
9.410496e+00	2.696428e+00	2.809314e-03	921249.000000	0.000000e+00
9.435027e+00	2.682821e+00	2.781918e-03	930025.000000	0.000000e+00
9.459577e+00	2.672705e+00	2.768035e-03	932307.000000	0.000000e+00
9.484080e+00	2.659994e+00	2.749570e-03	935905.000000	0.000000e+00
9.508599e+00	2.646009e+00	2.723550e-03	943869.000000	0.000000e+00
9.533177e+00	2.631101e+00	2.700213e-03	949465.000000	0.000000e+00
9.557740e+00	2.618838e+00	2.682877e-03	952831.000000	0.000000e+00
9.582283e+00	2.606237e+00	2.663214e-03	957669.000000	0.000000e+00
9.606825e+00	2.595027e+00	2.645200e-03	962425.000000	0.000000e+00
9.631356e+00	2.577779e+00	2.621380e-03	967011.000000	0.000000e+00
9.655881e+00	2.568332e+00	2.605961e-03	971329.000000	0.000000e+00
9.680426e+00	2.555941e+00	2.583529e-03	978757.000000	0.000000e+00
9.704942e+00	2.540857e+00	2.568075e-03	978915.000000	0.000000e+00
9.729497e+00	2.529958e+00	2.540686e-03	991573.000000	0.000000e+00
9.754046e+00	2.518825e+00	2.532762e-03	989025.000000	0.000000e+00
9.778535e+00	2.504279e+00	2.509695e-03	995689.000000	0.000000e+00
9.803103e+00	2.490168e+00	2.482229e-03	1006407.000000	0.000000e+00
9.827649e+00	2.485008e+00	2.480922e-03	1003297.000000	0.000000e+00
9.852180e+00	2.471530e+00	2.452508e-03	1015573.000000	0.000000e+00
9.876731e+00	2.458835e+00	2.440412e-03	1015155.000000	0.000000e+00
9.901284e+00	2.452202e+00	2.421965e-03	1025125.000000	0.000000e+00
9.925835e+00	2.435656e+00	2.404334e-03	1026225.000000	0.000000e+00
9.950350e+00	2.426171e+00	2.388968e-03	1031389.000000	0.000000e+00
9.974902e+00	2.415585e+00	2.368614e-03	1040055.000000	0.000000e+00
9.999429e+00	2.403387e+00	2.357866e-03	1038985.000000	0.000000e+00
1.002392e+01	2.392089e+00	2.337031e-03	1047673.000000	0.000000e+00
1.004849e+01	2.381703e+00	2.318281e-03	1055463.000000	0.000000e+00
1.007303e+01	2.367595e+00	2.303779e-03	1056169.000000	0.000000e+00
1.009756e+01	2.354461e+00	2.282023e-03	1064493.000000	0.000000e+00
1.012209e+01	2.346131e+00	2.271699e-03	1066603.000000	0.000000e+00
1.014664e+01	2.339783e+00	2.255361e-03	1076265.000000	0.000000e+00
1.017120e+01	2.328390e+00	2.242176e-03	1078381.000000	0.000000e+00
1.019572e+01	2.319842e+00	2.229767e-03	1082425.000000	0.000000e+00
1.022025e+01	2.308646e+00	2.210820e-03	1090455.000000	0.000000e+00
1.024479e+01	2.295507e+00	2.195223e-03	1093453.000000	0.000000e+00
1.026933e+01	2.286635e+00	2.179887e-03	1100337.000000	0.000000e+00
1.029386e+01	2.281809e+00	2.171431e-03	1104247.000000	0.000000e+00
1.031842e+01	2.268692e+00	2.151266e-03	1112149.000000	0.000000e+00
1.034296e+01	2.259900e+00	2.140324e-03	1114857.000000	0.000000e+00
1.036749e+01	2.251481e+00	2.127418e-03	1120033.000000	0.000000e+00
1.039203e+01	2.238931e+00	2.108410e-03	1127643.000000	0.000000e+00
1.041655e+01	2.233541e+00	2.102687e-03	1128337.000000	0.000000e+00
1.044111e+01	2.225415e+00	2.082805e-03	1141629.000000	0.000000e+00
1.046570e+01	2.213196e+00	2.070903e-03	1142143.000000	0.000000e+00
1.049021e+01	2.204724e+00	2.060514e-03	1144873.000000	0.000000e+00
1.051473e+01	2.196668e+00	2.044700e-03	1154169.000000	0.000000e+00
1.053925e+01	2.189091e+00	2.036898e-03	1155019.000000	0.000000e+00
1.056380e+01	2.177353e+00	2.014558e-03	1168149.000000	0.000000e+00
1.058835e+01	2.169902e+00	2.008961e-03	1166641.000000	0.000000e+00
1.061283e+01	2.159912e+00	1.996167e-03	1170789.000000	0.000000e+00
1.063739e+01	2.152722e+00	1.976950e-03	1185727.000000	0.000000e+00
1.066197e+01	2.146403e+00	1.972529e-03	1184065.000000	0.000000e+00
1.068650e+01	2.136835e+00	1.957629e-03	1191465.000000	0.000000e+00
1.071103e+01	2.128095e+00	1.947145e-03	1194499.000000	0.000000e+00
1.073555e+01	2.122457e+00	1.935974e-03	1201929.000000	0.000000e+00
1.076011e+01	2.115689e+00	1.923737e-03	1209517.000000	0.000000e+00
1.078466e+01	2.103138e+00	1.910028e-03	1212429.000000	0.000000e+00
1.080918e+01	2.096731e+00	1.900715e-03	1216891.000000	0.000000e+00
1.083370e+01	2.085575e+00	1.886101e-03	1222705.000000	0.000000e+00
1.085823e+01	2.081468e+00	1.876286e-03	1230669.000000	0.000000e+00
1.088282e+01	2.071107e+00	1.860519e-03	1239187.000000	0.000000e+00
1.090737e+01	2.065714e+00	1.856779e-03	1237713.000000	0.000000e+00
1.093189e+01	2.057997e+00	1.843124e-03	1246753.000000	0.000000e+00
1.095642e+01	2.051870e+00	1.835069e-03	1250245.000000	0.000000e+00
1.098096e+01	2.046281e+00	1.822892e-03	1260111.000000	0.000000e+00
1.100552e+01	2.039988e+00	1.815965e-03	1261945.000000	0.000000e+00
1.103005e+01	2.032891e+00	1.804851e-03	1268661.000000	0.000000e+00
1.105458e+01	2.026585e+00	1.795419e-03	1274083.000000	0.000000e+00
1.107911e+01	2.021721e+00	1.787376e-03	1279413.000000	0.000000e+00
1.110366e+01	2.011211e+00	1.772537e-03	1287433.000000	0.000000e+00
1.112821e+01	2.006415e+00	1.765773e-03	1291135.000000	0.000000e+00
1.115273e+01	2.002062e+00	1.758943e-03	1295541.000000	0.000000e+00
1.117726e+01	1.995140e+00	1.747880e-03	1302937.000000	0.000000e+00
1.120181e+01	1.986264e+00	1.735645e-03	1309641.000000	0.000000e+00
1.122634e+01	1.978826e+00	1.727328e-03	1312399.000000	0.000000e+00
1.125085e+01	1.972204e+00	1.717358e-03	1318809.000000	0.000000e+00
1.127541e+01	1.968158e+00	1.706873e-03	1329589.000000	0.000000e+00
1.129999e+01	1.962036e+00	1.700202e-03	1331719.000000	0.000000e+00
1.132451e+01	1.958296e+00	1.694732e-03	1335225.000000	0.000000e+00
1.134903e+01	1.948950e+00	1.681324e-03	1343689.000000	0.000000e+00
1.137357e+01	1.945622e+00	1.675659e-03	1348173.000000	0.000000e+00
1.139811e+01	1.941359e+00	1.667003e-03	1356247.000000	0.000000e+00
1.142265e+01	1.938700e+00	1.663101e-03	1358889.000000	0.000000e+00
1.144718e+01	1.930435e+00	1.650957e-03	1367221.000000	0.000000e+00
1.147174e+01	1.924757e+00	1.642010e-03	1374043.000000	0.000000e+00
1.149628e+01	1.921542e+00	1.637343e-03	1377273.000000	0.000000e+00
1.152079e+01	1.916109e+00	1.630271e-03	1381405.000000	0.000000e+00
1.154533e+01	1.910535e+00	1.618736e-03	1393023.000000	0.000000e+00
1.156988e+01	1.906146e+00	1.614510e-03	1393897.000000	0.000000e+00
1.159441e+01	1.900609e+00	1.604635e-03	1402921.000000	0.000000e+00
1.161895e+01	1.897047e+00	1.598903e-03	1407705.000000	0.000000e+00
1.164349e+01	1.893296e+00	1.592083e-03	1414183.000000	0.000000e+00
1.166804e+01	1.889480e+00	1.585734e-03	1419789.000000	0.000000e+00
1.169259e+01	1.889438e+00	1.581498e-03	1427341.000000	0.000000e+00
1.171712e+01	1.881891e+00	1.574334e-03	1428879.000000	0.000000e+00
1.174164e+01	1.876685e+00	1.564856e-03	1438249.000000	0.000000e+00
1.176619e+01	1.871450e+00	1.556645e-03	1445365.000000	0.000000e+00
1.179072e+01	1.869010e+00	1.553940e-03	1446621.000000	0.000000e+00
1.181525e+01	1.864913e+00	1.544766e-03	1457443.000000	0.000000e+00
1.183979e+01	1.867498e+00	1.544993e-03	1461057.000000	0.000000e+00
1.186435e+01	1.861004e+00	1.534905e-03	1470049.000000	0.000000e+00
1.188889e+01	1.857187e+00	1.530008e-03	1473411.000000	0.000000e+00
1.191343e+01	1.852004e+00	1.522382e-03	1479913.000000	0.000000e+00
1.193797e+01	1.851639e+00	1.518559e-03	1486789.000000	0.000000e+00
1.196251e+01	1.848395e+00	1.513408e-03	1491687.000000	0.000000e+00
1.198703e+01	1.842786e+00	1.506069e-03	1497133.000000	0.000000e+00
1.201156e+01	1.843719e+00	1.502857e-03	1505061.000000	0.000000e+00
1.203612e+01	1.841525e+00	1.497876e-03	1511485.000000	0.000000e+00
1.206065e+01	1.838185e+00	1.493203e-03	1515447.000000	0.000000e+00
1.208515e+01	1.836840e+00	1.489959e-03	1519825.000000	0.000000e+00
1.210971e+01	1.833793e+00	1.479779e-03	1535701.000000	0.000000e+00
1.213428e+01	1.832746e+00	1.480693e-03	1532055.000000	0.000000e+00
1.215881e+01	1.830230e+00	1.472424e-03	1545061.000000	0.000000e+00
1.218336e+01	1.825100e+00	1.468036e-03	1545609.000000	0.000000e+00
1.220787e+01	1.824677e+00	1.464463e-03	1552441.000000	0.000000e+00
1.223242e+01	1.823943e+00	1.458520e-03	1563859.000000	0.000000e+00
1.225696e+01	1.821489e+00	1.456691e-03	1563573.000000	0.000000e+00
1.228148e+01	1.823189e+00	1.453388e-03	1573621.000000	0.000000e+00
1.230602e+01	1.821519e+00	1.449725e-03	1578687.000000	0.000000e+00
1.233056e+01	1.817560e+00	1.443408e-03	1585621.000000	0.000000e+00
1.235512e+01	1.819561e+00	1.440639e-03	1595229.000000	0.000000e+00
1.237965e+01	1.815925e+00	1.438613e-03	1593337.000000	0.000000e+00
1.240419e+01	1.817331e+00	1.432370e-03	1609747.000000	0.000000e+00
1.242874e+01	1.819152e+00	1.434971e-03	1607133.000000	0.000000e+00
1.245325e+01	1.814304e+00	1.427085e-03	1616293.000000	0.000000e+00
1.247780e+01	1.815127e+00	1.422760e-03	1627611.000000	0.000000e+00
1.250235e+01	1.817003e+00	1.424741e-03	1626445.000000	0.000000e+00
1.252688e+01	1.816865e+00	1.419138e-03	1639065.000000	0.000000e+00
1.255143e+01	1.815717e+00	1.417133e-03	1641631.000000	0.000000e+00
1.257596e+01	1.812103e+00	1.412815e-03	1645109.500000	0.000000e+00
1.260049e+01	1.806516e+00	1.409684e-03	1642254.000000	0.000000e+00
1.262503e+01	1.803771e+00	1.408881e-03	1639132.000000	0.000000e+00
1.264958e+01	1.798283e+00	1.405546e-03	1636914.000000	0.000000e+00
1.267411e+01	1.792865e+00	1.403986e-03	1630684.000000	0.000000e+00
1.269864e+01	1.788404e+00	1.401336e-03	1628722.000000	0.000000e+00
1.272316e+01	1.779357e+00	1.396090e-03	1624422.000000	0.000000e+00
1.274773e+01	1.778325e+00	1.394059e-03	1627270.000000	0.000000e+00
1.277225e+01	1.771271e+00	1.395030e-03	1612140.000000	0.000000e+00
1.279677e+01	1.764585e+00	1.386570e-03	1619578.000000	0.000000e+00
1.282133e+01	1.758992e+00	1.386276e-03	1610010.000000	0.000000e+00
1.284587e+01	1.754609e+00	1.382523e-03	1610704.000000	0.000000e+00
1.287043e+01	1.748279e+00	1.379869e-03	1605262.000000	0.000000e+00
1.289495e+01	1.742366e+00	1.377737e-03	1599360.000000	0.000000e+00
1.291951e+01	1.739861e+00	1.374651e-03	1601932.000000	0.000000e+00
1.294403e+01	1.736004e+00	1.377354e-03	1588584.000000	0.000000e+00
1.296853e+01	1.730345e+00	1.371540e-03	1591654.000000	0.000000e+00
1.299309e+01	1.723971e+00	1.367616e-03	1589028.000000	0.000000e+00
1.301763e+01	1.716806e+00	1.365264e-03	1581280.000000	0.000000e+00
1.304217e+01	1.714062e+00	1.363183e-03	1581046.000000	0.000000e+00
1.306670e+01	1.707903e+00	1.360910e-03	1574952.000000	0.000000e+00
1.309123e+01	1.701709e+00	1.357481e-03	1571458.000000	0.000000e+00
1.311579e+01	1.698487e+00	1.355021e-03	1571202.000000	0.000000e+00
1.314034e+01	1.692084e+00	1.352805e-03	1564492.000000	0.000000e+00
1.316488e+01	1.690399e+00	1.353134e-03	1560618.000000	0.000000e+00
1.318940e+01	1.686908e+00	1.352370e-03	1555936.000000	0.000000e+00
1.321393e+01	1.682772e+00	1.350641e-03	1552282.000000	0.000000e+00
1.323848e+01	1.674515e+00	1.344215e-03	1551816.000000	0.000000e+00
1.326302e+01	1.668645e+00	1.343403e-03	1542820.000000	0.000000e+00
1.328757e+01	1.664892e+00	1.339675e-03	1544448.000000	0.000000e+00
1.331210e+01	1.660518e+00	1.340402e-03	1534678.000000	0.000000e+00
1.333662e+01	1.658042e+00	1.339013e-03	1533280.000000	0.000000e+00
1.336117e+01	1.652944e+00	1.335855e-03	1531080.000000	0.000000e+00
1.338570e+01	1.646818e+00	1.334381e-03	1523110.000000	0.000000e+00
1.341022e+01	1.644746e+00	1.333522e-03	1521240.000000	0.000000e+00
1.343476e+01	1.638431e+00	1.330311e-03	1516876.000000	0.000000e+00
1.345932e+01	1.632655e+00	1.326176e-03	1515606.000000	0.000000e+00
1.348389e+01	1.629970e+00	1.325974e-03	1511086.000000	0.000000e+00
1.350843e+01	1.625641e+00	1.326157e-03	1502656.000000	0.000000e+00
1.353293e+01	1.620268e+00	1.323502e-03	1498734.000000	0.000000e+00
1.355748e+01	1.616636e+00	1.320628e-03	1498522.000000	0.000000e+00
1.358203e+01	1.613314e+00	1.320922e-03	1491708.000000	0.000000e+00
1.360658e+01	1.605897e+00	1.315786e-03	1489582.000000	0.000000e+00
1.363111e+01	1.603020e+00	1.317350e-03	1480728.000000	0.000000e+00
1.365563e+01	1.599686e+00	1.314678e-03	1480576.000000	0.000000e+00
1.368019e+01	1.596279e+00	1.313970e-03	1475866.000000	0.000000e+00
1.370473e+01	1.590343e+00	1.311896e-03	1469544.000000	0.000000e+00
1.372924e+01	1.586646e+00	1.311391e-03	1463848.000000	0.000000e+00
1.375380e+01	1.584051e+00	1.307782e-03	1467126.000000	0.000000e+00
1.377836e+01	1.577901e+00	1.308317e-03	1454566.000000	0.000000e+00
1.380287e+01	1.574082e+00	1.306479e-03	1451610.000000	0.000000e+00
1.382737e+01	1.574757e+00	1.309655e-03	1445818.000000	0.000000e+00
1.385191e+01	1.571835e+00	1.307135e-03	1446016.000000	0.000000e+00
1.387648e+01	1.565511e+00	1.304443e-03	1440330.000000	0.000000e+00
1.390103e+01	1.564090e+00	1.305113e-03	1436242.000000	0.000000e+00
1.392557e+01	1.556313e+00	1.302376e-03	1427976.000000	0.000000e+00
1.395012e+01	1.554389e+00	1.300341e-03	1428910.000000	0.000000e+00
1.397464e+01	1.551939e+00	1.304465e-03	1415416.000000	0.000000e+00
1.399917e+01	1.548602e+00	1.299271e-03	1420626.000000	0.000000e+00
1.402372e+01	1.546498e+00	1.303086e-03	1408486.000000	0.000000e+00
1.404824e+01	1.539792e+00	1.298104e-03	1407036.000000	0.000000e+00
1.407278e+01	1.538505e+00	1.299149e-03	1402426.000000	0.000000e+00
1.409731e+01	1.534076e+00	1.298679e-03	1395372.000000	0.000000e+00
1.412183e+01	1.529622e+00	1.296225e-03	1392538.000000	0.000000e+00
1.414639e+01	1.529932e+00	1.297517e-03	1390330.000000	0.000000e+00
1.417094e+01	1.526526e+00	1.299225e-03	1380510.000000	0.000000e+00
1.419546e+01	1.520759e+00	1.294935e-03	1379194.000000	0.000000e+00
1.422001e+01	1.520374e+00	1.297808e-03	1372398.000000	0.000000e+00
1.424455e+01	1.514392e+00	1.294231e-03	1369156.000000	0.000000e+00
1.426908e+01	1.512909e+00	1.296904e-03	1360848.000000	0.000000e+00
1.429362e+01	1.510870e+00	1.295120e-03	1360924.000000	0.000000e+00
1.431818e+01	1.508522e+00	1.297140e-03	1352476.000000	0.000000e+00
1.434273e+01	1.506015e+00	1.296333e-03	1349664.000000	0.000000e+00
1.436724e+01	1.501435e+00	1.297628e-03	1338790.000000	0.000000e+00
1.439177e+01	1.498941e+00	1.293863e-03	1342122.000000	0.000000e+00
1.441633e+01	1.495188e+00	1.295905e-03	1331206.000000	0.000000e+00
1.444087e+01	1.495087e+00	1.296881e-03	1329024.000000	0.000000e+00
1.446541e+01	1.489211e+00	1.295268e-03	1321882.000000	0.000000e+00
1.448996e+01	1.485862e+00	1.293601e-03	1319338.000000	0.000000e+00
1.451448e+01	1.485995e+00	1.298865e-03	1308900.000000	0.000000e+00
1.453902e+01	1.485209e+00	1.297573e-03	1310122.000000	0.000000e+00
1.456356e+01	1.479410e+00	1.297587e-03	1299882.000000	0.000000e+00
1.458809e+01	1.476771e+00	1.297050e-03	1296322.000000	0.000000e+00
1.461262e+01	1.475304e+00	1.297857e-03	1292140.000000	0.000000e+00
1.463716e+01	1.471159e+00	1.298100e-03	1284408.000000	0.000000e+00
1.466171e+01	1.471415e+00	1.298955e-03	1283164.000000	0.000000e+00
1.468625e+01	1.469472e+00	1.302128e-03	1273548.000000	0.000000e+00
1.471078e+01	1.465798e+00	1.300756e-03	1269862.000000	0.000000e+00
1.473534e+01	1.463036e+00	1.299745e-03	1267050.000000	0.000000e+00
1.475987e+01	1.461430e+00	1.304324e-03	1255408.000000	0.000000e+00
1.478439e+01	1.460116e+00	1.303123e-03	1255462.000000	0.000000e+00
1.480894e+01	1.455654e+00	1.303646e-03	1246800.000000	0.000000e+00
1.483348e+01	1.454228e+00	1.303676e-03	1244302.000000	0.000000e+00
1.485802e+01	1.452597e+00	1.307043e-03	1235124.000000	0.000000e+00
1.488256e+01	1.451954e+00	1.307574e-03	1233028.000000	0.000000e+00
1.490708e+01	1.448121e+00	1.309613e-03	1222710.000000	0.000000e+00
1.493162e+01	1.446700e+00	1.308705e-03	1222006.000000	0.000000e+00
1.495618e+01	1.444469e+00	1.310039e-03	1215760.000000	0.000000e+00
1.498071e+01	1.444714e+00	1.315091e-03	1206846.000000	0.000000e+00
1.500525e+01	1.443730e+00	1.315499e-03	1204456.000000	0.000000e+00
1.502980e+01	1.441231e+00	1.316949e-03	1197648.000000	0.000000e+00
1.505434e+01	1.440082e+00	1.319784e-03	1190608.000000	0.000000e+00
1.507886e+01	1.435815e+00	1.318373e-03	1186098.000000	0.000000e+00
1.510342e+01	1.434598e+00	1.319980e-03	1181206.000000	0.000000e+00
1.512796e+01	1.430855e+00	1.321300e-03	1172704.000000	0.000000e+00
1.515246e+01	1.433784e+00	1.326997e-03	1167420.000000	0.000000e+00
1.517700e+01	1.429823e+00	1.325710e-03	1163236.000000	0.000000e+00
1.520157e+01	1.427844e+00	1.326188e-03	1159182.000000	0.000000e+00
1.522611e+01	1.428119e+00	1.333126e-03	1147588.000000	0.000000e+00
1.525063e+01	1.429122e+00	1.334838e-03	1146256.000000	0.000000e+00
1.527518e+01	1.423872e+00	1.334759e-03	1137984.000000	0.000000e+00
1.529972e+01	1.424382e+00	1.338155e-03	1133026.000000	0.000000e+00
1.532424e+01	1.420607e+00	1.339115e-03	1125414.000000	0.000000e+00
1.534877e+01	1.422493e+00	1.343515e-03	1121026.000000	0.000000e+00
1.537332e+01	1.421342e+00	1.345837e-03	1115352.000000	0.000000e+00
1.539786e+01	1.418719e+00	1.347946e-03	1107766.000000	0.000000e+00
1.542240e+01	1.417392e+00	1.349215e-03	1103614.000000	0.000000e+00
1.544694e+01	1.415857e+00	1.352849e-03	1095318.000000	0.000000e+00
1.547149e+01	1.416408e+00	1.356046e-03	1091008.000000	0.000000e+00
1.549603e+01	1.416598e+00	1.360558e-03	1084074.000000	0.000000e+00
1.552054e+01	1.416289e+00	1.366525e-03	1074160.000000	0.000000e+00
1.554506e+01	1.414876e+00	1.365744e-03	1073244.000000	0.000000e+00
1.556963e+01	1.412928e+00	1.368131e-03	1066558.000000	0.000000e+00
1.559418e+01	1.411289e+00	1.372109e-03	1057924.000000	0.000000e+00
1.561873e+01	1.414112e+00	1.377378e-03	1054050.000000	0.000000e+00
1.564327e+01	1.411390e+00	1.381139e-03	1044286.000000	0.000000e+00
1.566780e+01	1.410765e+00	1.382302e-03	1041606.000000	0.000000e+00
1.569233e+01	1.411786e+00	1.390535e-03	1030798.000000	0.000000e+00
1.571685e+01	1.411676e+00	1.392621e-03	1027552.000000	0.000000e+00
1.574141e+01	1.411664e+00	1.396840e-03	1021338.000000	0.000000e+00
1.576595e+01	1.410834e+00	1.401518e-03	1013338.000000	0.000000e+00
1.579049e+01	1.410367e+00	1.404630e-03	1008186.000000	0.000000e+00
1.581502e+01	1.410474e+00	1.410902e-03	999394.000000	0.000000e+00
1.583955e+01	1.410644e+00	1.414399e-03	994698.000000	0.000000e+00
1.586407e+01	1.409970e+00	1.419179e-03	987064.000000	0.000000e+00
1.588861e+01	1.410623e+00	1.424184e-03	981046.000000	0.000000e+00
1.591315e+01	1.407855e+00	1.425514e-03	975378.000000	0.000000e+00
1.593770e+01	1.412328e+00	1.435450e-03	968044.000000	0.000000e+00
1.596225e+01	1.411510e+00	1.439501e-03	961488.000000	0.000000e+00
1.598677e+01	1.411115e+00	1.445273e-03	953290.000000	0.000000e+00
1.601131e+01	1.412904e+00	1.450321e-03	949068.000000	0.000000e+00
1.603586e+01	1.411866e+00	1.455481e-03	940966.000000	0.000000e+00
1.606040e+01	1.412203e+00	1.461219e-03	934036.000000	0.000000e+00
1.608493e+01	1.413722e+00	1.467829e-03	927636.000000	0.000000e+00
1.610947e+01	1.413154e+00	1.473472e-03	919804.000000	0.000000e+00
1.613400e+01	1.417608e+00	1.482813e-03	913986.000000	0.000000e+00
1.615854e+01	1.411425e+00	1.481559e-03	907564.000000	0.000000e+00
1.618310e+01	1.414191e+00	1.490291e-03	900480.000000	0.000000e+00
1.620765e+01	1.413050e+00	1.494969e-03	893410.000000	0.000000e+00
1.623216e+01	1.415163e+00	1.505676e-03	883384.000000	0.000000e+00
1.625669e+01	1.416447e+00	1.509098e-03	880980.000000	0.000000e+00
1.628123e+01	1.418433e+00	1.519637e-03	871240.000000	0.000000e+00
1.630580e+01	1.418693e+00	1.523258e-03	867420.000000	0.000000e+00
1.633036e+01	1.423136e+00	1.536826e-03	857518.000000	0.000000e+00
1.635486e+01	1.420995e+00	1.542527e-03	848632.000000	0.000000e+00
1.637939e+01	1.422745e+00	1.547184e-03	845610.000000	0.000000e+00
1.640395e+01	1.421369e+00	1.554244e-03	836326.000000	0.000000e+00
1.642848e+01	1.422749e+00	1.562327e-03	829302.000000	0.000000e+00
1.645298e+01	1.426163e+00	1.574472e-03	820480.000000	0.000000e+00
1.647753e+01	1.428811e+00	1.580733e-03	817020.000000	0.000000e+00
1.650209e+01	1.429120e+00	1.589509e-03	808372.000000	0.000000e+00
1.652660e+01	1.429543e+00	1.599998e-03	798280.000000	0.000000e+00
1.655114e+01	1.432600e+00	1.606076e-03	795642.000000	0.000000e+00
1.657571e+01	1.435281e+00	1.618652e-03	786262.000000	0.000000e+00
1.660025e+01	1.437068e+00	1.629379e-03	777876.000000	0.000000e+00
1.662478e+01	1.435164e+00	1.632957e-03	772420.000000	0.000000e+00
1.664931e+01	1.436952e+00	1.645672e-03	762426.000000	0.000000e+00
1.667386e+01	1.439210e+00	1.652120e-03	758866.000000	0.000000e+00
1.669842e+01	1.441230e+00	1.666099e-03	748282.000000	0.000000e+00
1.672293e+01	1.444018e+00	1.677680e-03	740844.000000	0.000000e+00
1.674748e+01	1.444907e+00	1.684297e-03	735940.000000	0.000000e+00
1.677204e+01	1.445094e+00	1.696176e-03	725856.000000	0.000000e+00
1.679655e+01	1.447202e+00	1.707154e-03	718642.000000	0.000000e+00
1.682107e+01	1.450701e+00	1.719751e-03	711582.000000	0.000000e+00
1.684563e+01	1.453632e+00	1.731534e-03	704770.000000	0.000000e+00
1.687018e+01	1.451100e+00	1.738275e-03	696880.000000	0.000000e+00
1.689472e+01	1.456379e+00	1.755956e-03	687894.000000	0.000000e+00
1.691924e+01	1.455912e+00	1.763249e-03	681778.000000	0.000000e+00
1.694378e+01	1.454476e+00	1.773606e-03	672510.000000	0.000000e+00
1.696830e+01	1.463962e+00	1.794074e-03	665854.000000	0.000000e+00
1.699283e+01	1.460836e+00	1.801421e-03	657616.000000	0.000000e+00
1.701740e+01	1.462760e+00	1.811851e-03	651780.000000	0.000000e+00
1.704195e+01	1.468482e+00	1.832693e-03	642034.000000	0.000000e+00
1.706646e+01	1.471862e+00	1.849920e-03	633036.000000	0.000000e+00
1.709097e+01	1.473089e+00	1.859279e-03	627724.000000	0.000000e+00
1.711553e+01	1.470629e+00	1.868853e-03	619236.000000	0.000000e+00
1.714008e+01	1.473474e+00	1.885339e-03	610810.000000	0.000000e+00
1.716463e+01	1.477894e+00	1.900426e-03	604762.000000	0.000000e+00
1.718918e+01	1.477515e+00	1.917471e-03	593754.000000	0.000000e+00
1.721369e+01	1.480583e+00	1.931238e-03	587752.000000	0.000000e+00
1.723823e+01	1.476966e+00	1.941368e-03	578796.000000	0.000000e+00
1.726278e+01	1.487845e+00	1.967371e-03	571930.000000	0.000000e+00
1.728731e+01	1.482014e+00	1.975219e-03	562956.000000	0.000000e+00
1.731188e+01	1.484508e+00	1.990611e-03	556150.000000	0.000000e+00
1.733641e+01	1.486968e+00	2.011743e-03	546334.000000	0.000000e+00
1.736091e+01	1.486206e+00	2.026992e-03	537594.000000	0.000000e+00
1.738543e+01	1.492519e+00	2.045583e-03	532360.000000	0.000000e+00
1.741000e+01	1.492359e+00	2.065585e-03	521988.000000	0.000000e+00
1.743456e+01	1.494005e+00	2.080037e-03	515896.000000	0.000000e+00
1.745909e+01	1.487088e+00	2.091973e-03	505314.000000	0.000000e+00
1.748363e+01	1.488412e+00	2.107762e-03	498658.000000	0.000000e+00
1.750818e+01	1.490160e+00	2.128656e-03	490066.000000	0.000000e+00
1.753269e+01	1.486274e+00	2.145318e-03	479970.000000	0.000000e+00
1.755722e+01	1.495946e+00	2.171837e-03	474436.000000	0.000000e+00
1.758176e+01	1.484524e+00	2.179404e-03	463980.000000	0.000000e+00
1.760629e+01	1.485799e+00	2.198390e-03	456784.000000	0.000000e+00
1.763083e+01	1.484125e+00	2.216431e-03	448366.000000	0.000000e+00
1.765539e+01	1.484513e+00	2.238237e-03	439902.000000	0.000000e+00
1.767993e+01	1.475566e+00	2.247193e-03	431158.000000	0.000000e+00
1.770446e+01	1.477208e+00	2.271881e-03	422778.000000	0.000000e+00
1.772897e+01	1.472394e+00	2.289509e-03	413584.000000	0.000000e+00
1.775351e+01	1.468703e+00	2.303616e-03	406488.000000	0.000000e+00
1.777808e+01	1.458406e+00	2.312443e-03	397754.500000	0.000000e+00
1.780261e+01	1.457640e+00	2.336643e-03	389149.000000	0.000000e+00
1.782713e+01	1.457435e+00	2.357467e-03	382197.000000	0.000000e+00
1.785169e+01	1.453683e+00	2.371869e-03	375628.000000	0.000000e+00
1.787623e+01	1.453520e+00	2.396865e-03	367752.000000	0.000000e+00
1.790076e+01	1.451257e+00	2.412344e-03	361918.000000	0.000000e+00
1.792530e+01	1.448635e+00	2.430876e-03	355134.000000	0.000000e+00
1.794985e+01	1.445290e+00	2.447652e-03	348667.000000	0.000000e+00
1.797440e+01	1.444944e+00	2.467360e-03	342955.000000	0.000000e+00
1.799891e+01	1.441987e+00	2.488686e-03	335724.000000	0.000000e+00
1.802344e+01	1.440951e+00	2.504446e-03	331036.000000	0.000000e+00
1.804802e+01	1.440456e+00	2.525064e-03	325428.000000	0.000000e+00
1.807255e+01	1.438390e+00	2.549707e-03	318253.000000	0.000000e+00
1.809707e+01	1.442389e+00	2.573902e-03	314037.000000	0.000000e+00
1.812164e+01	1.438566e+00	2.591490e-03	308149.000000	0.000000e+00
1.814617e+01	1.439165e+00	2.617716e-03	302257.000000	0.000000e+00
1.817068e+01	1.439166e+00	2.640262e-03	297117.000000	0.000000e+00
1.819523e+01	1.441324e+00	2.664349e-03	292645.000000	0.000000e+00
1.821979e+01	1.435952e+00	2.680181e-03	287046.000000	0.000000e+00
1.824431e+01	1.438889e+00	2.712814e-03	281329.000000	0.000000e+00
1.826883e+01	1.438293e+00	2.731289e-03	277306.000000	0.000000e+00
1.829337e+01	1.435477e+00	2.751380e-03	272202.000000	0.000000e+00
1.831793e+01	1.437248e+00	2.777749e-03	267718.000000	0.000000e+00
1.834250e+01	1.442033e+00	2.812007e-03	262977.000000	0.000000e+00
1.836701e+01	1.443579e+00	2.847173e-03	257071.000000	0.000000e+00
1.839152e+01	1.439222e+00	2.857118e-03	253746.000000	0.000000e+00
1.841609e+01	1.443432e+00	2.891204e-03	249250.000000	0.000000e+00
1.844064e+01	1.441121e+00	2.916424e-03	244174.000000	0.000000e+00
1.846515e+01	1.449726e+00	2.958685e-03	240090.000000	0.000000e+00
1.848971e+01	1.441387e+00	2.967054e-03	235999.000000	0.000000e+00
1.851428e+01	1.450354e+00	3.012523e-03	231786.000000	0.000000e+00
1.853881e+01	1.445996e+00	3.034575e-03	227059.000000	0.000000e+00
1.856328e+01	1.445816e+00	3.065964e-03	222378.000000	0.000000e+00
1.858784e+01	1.449348e+00	3.088652e-03	220195.000000	0.000000e+00
1.861244e+01	1.458767e+00	3.146044e-03	215002.000000	0.000000e+00
1.863693e+01	1.456707e+00	3.174739e-03	210537.000000	0.000000e+00
1.866143e+01	1.457225e+00	3.200791e-03	207271.000000	0.000000e+00
1.868601e+01	1.449830e+00	3.210993e-03	203871.000000	0.000000e+00
1.871055e+01	1.457338e+00	3.264768e-03	199258.000000	0.000000e+00
1.873503e+01	1.464348e+00	3.313285e-03	195331.000000	0.000000e+00
1.875958e+01	1.465825e+00	3.337122e-03	192939.000000	0.000000e+00
1.878417e+01	1.468237e+00	3.382683e-03	188395.000000	0.000000e+00
1.880870e+01	1.462584e+00	3.400595e-03	184983.000000	0.000000e+00
1.883322e+01	1.472285e+00	3.458517e-03	181219.000000	0.000000e+00
1.885775e+01	1.469256e+00	3.483655e-03	177879.000000	0.000000e+00
1.888231e+01	1.481816e+00	3.545958e-03	174631.000000	0.000000e+00
1.890684e+01	1.477793e+00	3.574734e-03	170899.000000	0.000000e+00
1.893134e+01	1.485924e+00	3.631221e-03	167451.000000	0.000000e+00
1.895590e+01	1.480467e+00	3.646038e-03	164875.000000	0.000000e+00
1.898046e+01	1.487822e+00	3.709565e-03	160863.000000	0.000000e+00
1.900495e+01	1.490105e+00	3.753519e-03	157600.000000	0.000000e+00
1.902946e+01	1.484974e+00	3.773653e-03	154851.000000	0.000000e+00
1.905406e+01	1.497716e+00	3.840058e-03	152119.000000	0.000000e+00
1.907863e+01	1.494613e+00	3.879679e-03	148411.000000	0.000000e+00
1.910311e+01	1.515222e+00	3.979963e-03	144942.000000	0.000000e+00
1.912765e+01	1.500016e+00	3.966367e-03	143023.000000	0.000000e+00
1.915226e+01	1.518255e+00	4.062657e-03	139659.000000	0.000000e+00
1.917678e+01	1.512651e+00	4.098136e-03	136240.000000	0.000000e+00
1.920124e+01	1.518190e+00	4.156399e-03	133419.000000	0.000000e+00
1.922581e+01	1.520554e+00	4.194811e-03	131395.000000	0.000000e+00
1.925040e+01	1.527648e+00	4.271173e-03	127924.000000	0.000000e+00
1.927489e+01	1.523065e+00	4.307551e-03	125019.000000	0.000000e+00
1.929941e+01	1.532225e+00	4.373289e-03	122752.000000	0.000000e+00
1.932402e+01	1.536361e+00	4.429062e-03	120327.000000	0.000000e+00
1.934855e+01	1.546086e+00	4.526449e-03	116668.000000	0.000000e+00
1.937298e+01	1.552831e+00	4.594596e-03	114223.000000	0.000000e+00
1.939755e+01	1.548533e+00	4.610873e-03	112791.000000	0.000000e+00
1.942217e+01	1.554784e+00	4.702578e-03	109312.000000	0.000000e+00
1.944667e+01	1.557155e+00	4.762143e-03	106920.000000	0.000000e+00
1.947113e+01	1.561968e+00	4.843341e-03	104005.000000	0.000000e+00
1.949570e+01	1.574437e+00	4.910439e-03	102804.000000	0.000000e+00
1.952032e+01	1.580574e+00	5.007460e-03	99631.000000	0.000000e+00
1.954482e+01	1.580249e+00	5.071050e-03	97108.000000	0.000000e+00
1.956930e+01	1.585672e+00	5.146360e-03	94935.000000	0.000000e+00
1.959391e+01	1.593010e+00	5.219535e-03	93148.000000	0.000000e+00
1.961850e+01	1.604643e+00	5.338497e-03	90348.000000	0.000000e+00
1.964294e+01	1.602058e+00	5.409674e-03	87703.000000	0.000000e+00
1.966740e+01	1.611264e+00	5.491940e-03	86076.000000	0.000000e+00
1.969204e+01	1.628906e+00	5.606924e-03	84400.000000	0.000000e+00
1.971660e+01	1.627555e+00	5.706998e-03	81331.000000	0.000000e+00
1.974103e+01	1.634386e+00	5.798319e-03	79452.000000	0.000000e+00
1.976563e+01	1.639231e+00	5.863378e-03	78160.000000	0.000000e+00
1.979032e+01	1.644337e+00	5.974472e-03	75750.000000	0.000000e+00
1.981482e+01	1.664376e+00	6.153940e-03	73147.000000	0.000000e+00
1.983914e+01	1.669230e+00	6.272821e-03	70812.000000	0.000000e+00
1.986374e+01	1.672473e+00	6.292832e-03	70636.000000	0.000000e+00
1.988844e+01	1.689108e+00	6.497724e-03	67576.000000	0.000000e+00
1.991292e+01	1.683464e+00	6.566470e-03	65727.000000	0.000000e+00
1.993736e+01	1.712815e+00	6.784503e-03	63736.000000	0.000000e+00
1.996197e+01	1.703762e+00	6.804819e-03	62688.000000	0.000000e+00
1.998658e+01	1.720585e+00	7.010019e-03	60244.000000	0.000000e+00
2.001095e+01	1.731514e+00	7.185261e-03	58072.000000	0.000000e+00
2.003547e+01	1.739119e+00	7.255972e-03	57447.000000	0.000000e+00
2.006019e+01	1.747090e+00	7.423343e-03	55390.000000	0.000000e+00
2.008472e+01	1.746738e+00	7.561424e-03	53364.000000	0.000000e+00
2.010903e+01	1.768719e+00	7.811520e-03	51268.000000	0.000000e+00
2.013363e+01	1.768897e+00	7.821774e-03	51144.000000	0.000000e+00
2.015842e+01	1.782752e+00	8.072457e-03	48772.000000	0.000000e+00
2.018288e+01	1.800374e+00	8.319743e-03	46828.000000	0.000000e+00
2.020721e+01	1.799835e+00	8.449648e-03	45372.000000	0.000000e+00
2.023181e+01	1.806002e+00	8.557522e-03	44539.000000	0.000000e+00
2.025650e+01	1.845248e+00	8.927689e-03	42720.000000	0.000000e+00
2.028095e+01	1.841697e+00	9.102598e-03	40936.000000	0.000000e+00
2.030542e+01	1.841951e+00	9.212290e-03	39978.000000	0.000000e+00
2.033011e+01	1.868491e+00	9.509382e-03	38608.000000	0.000000e+00
2.035466e+01	1.879022e+00	9.782859e-03	36892.000000	0.000000e+00
2.037892e+01	1.874981e+00	9.992545e-03	35208.000000	0.000000e+00
2.040348e+01	1.881651e+00	1.005498e-02	35020.000000	0.000000e+00
2.042837e+01	1.905757e+00	1.043221e-02	33372.000000	0.000000e+00
2.045281e+01	1.927248e+00	1.087263e-02	31420.000000	0.000000e+00
2.047697e+01	1.924928e+00	1.104968e-02	30348.000000	0.000000e+00
2.050165e+01	1.963606e+00	1.132934e-02	30040.000000	0.000000e+00
2.052659e+01	1.983724e+00	1.174480e-02	28528.000000	0.000000e+00
2.055100e+01	1.974884e+00	1.210379e-02	26622.000000	0.000000e+00
2.057510e+01	2.004915e+00	1.248689e-02	25780.000000	0.000000e+00
2.059985e+01	2.037084e+00	1.276874e-02	25452.000000	0.000000e+00
2.062477e+01	2.048123e+00	1.322609e-02	23980.000000	0.000000e+00
2.064904e+01	2.041727e+00	1.370194e-02	22204.000000	0.000000e+00
2.067328e+01	2.035803e+00	1.374915e-02	21924.000000	0.000000e+00
2.069813e+01	2.097155e+00	1.445386e-02	21052.000000	0.000000e+00
2.072282e+01	2.093551e+00	1.490534e-02	19728.000000	0.000000e+00
2.074689e+01	2.136048e+00	1.578322e-02	18316.000000	0.000000e+00
2.077148e+01	2.153028e+00	1.581997e-02	18522.000000	0.000000e+00
2.079650e+01	2.201678e+00	1.685835e-02	17056.000000	0.000000e+00
2.082086e+01	2.200437e+00	1.745005e-02	15901.000000	0.000000e+00
2.084494e+01	2.226565e+00	1.810036e-02	15132.000000	0.000000e+00
2.086988e+01	2.253868e+00	1.839295e-02	15016.000000	0.000000e+00
2.089484e+01	2.271845e+00	1.950962e-02	13560.000000	0.000000e+00
2.091874e+01	2.250176e+00	2.017791e-02	12436.000000	0.000000e+00
2.094286e+01	2.279816e+00	2.054639e-02	12312.000000	0.000000e+00
2.096835e+01	2.289325e+00	2.088466e-02	12016.000000	0.000000e+00
2.099333e+01	2.349325e+00	2.302154e-02	10414.000000	0.000000e+00
2.101635e+01	2.341292e+00	2.430946e-02	9276.000000	0.000000e+00
2.104066e+01	2.364365e+00	2.368989e-02	9961.000000	0.000000e+00
2.106684e+01	2.413736e+00	2.512673e-02	9228.000000	0.000000e+00
2.109169e+01	2.423213e+00	2.755787e-02	7732.000000	0.000000e+00
2.111385e+01	2.423864e+00	2.948923e-02	6756.000000	0.000000e+00
2.113864e+01	2.508181e+00	2.848000e-02	7756.000000	0.000000e+00
2.116547e+01	2.493077e+00	3.018864e-02	6820.000000	0.000000e+00
2.118998e+01	2.539319e+00	3.469093e-02	5358.000000	0.000000e+00
2.121167e+01	2.543116e+00	3.599030e-02	4993.000000	0.000000e+00
2.123701e+01	2.570649e+00	3.459977e-02	5520.000000	0.000000e+00
2.126409e+01	2.659444e+00	3.841780e-02	4792.000000	0.000000e+00
2.128812e+01	2.612055e+00	4.456108e-02	3436.000000	0.000000e+00
2.130920e+01	2.600984e+00	4.409081e-02	3480.000000	0.000000e+00
2.133536e+01	2.604477e+00	4.269634e-02	3721.000000	0.000000e+00
2.136298e+01	2.731864e+00	4.881443e-02	3132.000000	0.000000e+00
2.138535e+01	2.784614e+00	6.611320e-02	1774.000000	0.000000e+00
2.140616e+01	2.851954e+00	5.807027e-02	2412.000000	0.000000e+00
2.143360e+01	2.862267e+00	6.085799e-02	2212.000000	0.000000e+00
2.146162e+01	2.915194e+00	6.801627e-02	1837.000000	0.000000e+00
2.148292e+01	2.827652e+00	9.898763e-02	816.000000	0.000000e+00
2.150387e+01	3.095808e+00	8.357897e-02	1372.000000	0.000000e+00
2.153200e+01	2.950491e+00	8.928591e-02	1092.000000	0.000000e+00
2.156014e+01	3.101912e+00	1.067722e-01	844.000000	0.000000e+00
2.158178e+01	3.058052e+00	1.660906e-01	339.000000	0.000000e+00
2.160234e+01	3.193561e+00	1.384584e-01	532.000000	0.000000e+00
2.163046e+01	3.262471e+00	1.709999e-01	364.000000	0.000000e+00
2.165853e+01	3.495374e+00	2.314868e-01	228.000000	0.000000e+00
2.168066e+01	2.890630e+00	3.383227e-01	73.000000	0.000000e+00
2.170037e+01	2.411262e+00	2.630903e-01	84.000000	0.000000e+00
2.172766e+01	2.493295e+00	4.711884e-01	28.000000	0.000000e+00
2.175143e+01	4.235995e+00	2.445653e+00	3.000000	0.000000e+00
