# [<k> (h/Mpc)]	[<P_0(k)> (Mpc/h)^3]	[ErrorBar (Mpc/h)^3]	nModes	[<P_2(k)> (Mpc/h)^3]
3.476422e-02	6.110801e+03	1.694831e+03	13.000000	0.000000e+00
5.890282e-02	2.598377e+03	4.523193e+02	33.000000	0.000000e+00
8.378087e-02	2.134698e+03	2.401723e+02	79.000000	0.000000e+00
1.087368e-01	1.122139e+03	1.037418e+02	117.000000	0.000000e+00
1.341836e-01	8.872839e+02	6.197060e+01	205.000000	0.000000e+00
1.581206e-01	6.553369e+02	4.274947e+01	235.000000	0.000000e+00
1.826843e-01	5.814529e+02	3.026923e+01	369.000000	0.000000e+00
2.073525e-01	4.933001e+02	2.370649e+01	433.000000	0.000000e+00
2.322407e-01	3.963885e+02	1.638865e+01	585.000000	0.000000e+00
2.568838e-01	3.215981e+02	1.234180e+01	679.000000	0.000000e+00
2.811185e-01	2.854503e+02	1.001118e+01	813.000000	0.000000e+00
3.057758e-01	2.454146e+02	7.819560e+00	985.000000	0.000000e+00
3.308750e-01	2.073845e+02	6.029536e+00	1183.000000	0.000000e+00
3.553459e-01	1.891214e+02	5.308965e+00	1269.000000	0.000000e+00
3.797184e-01	1.692583e+02	4.317308e+00	1537.000000	0.000000e+00
4.042043e-01	1.545841e+02	3.802144e+00	1653.000000	0.000000e+00
4.287408e-01	1.400084e+02	3.160050e+00	1963.000000	0.000000e+00
4.533372e-01	1.299266e+02	2.821160e+00	2121.000000	0.000000e+00
4.779960e-01	1.200658e+02	2.444221e+00	2413.000000	0.000000e+00
5.026630e-01	1.065386e+02	2.075471e+00	2635.000000	0.000000e+00
5.271488e-01	1.026899e+02	1.914510e+00	2877.000000	0.000000e+00
5.515428e-01	9.672570e+01	1.718228e+00	3169.000000	0.000000e+00
5.762241e-01	8.981909e+01	1.516704e+00	3507.000000	0.000000e+00
6.007286e-01	8.148201e+01	1.342280e+00	3685.000000	0.000000e+00
6.252569e-01	7.796630e+01	1.208090e+00	4165.000000	0.000000e+00
6.499966e-01	7.197873e+01	1.087967e+00	4377.000000	0.000000e+00
6.746858e-01	7.039416e+01	1.010281e+00	4855.000000	0.000000e+00
6.991271e-01	6.681673e+01	9.517125e-01	4929.000000	0.000000e+00
7.235757e-01	6.395139e+01	8.560398e-01	5581.000000	0.000000e+00
7.479714e-01	5.877361e+01	7.799135e-01	5679.000000	0.000000e+00
7.726133e-01	5.817233e+01	7.280077e-01	6385.000000	0.000000e+00
7.972413e-01	5.423602e+01	6.699890e-01	6553.000000	0.000000e+00
8.218513e-01	5.298632e+01	6.277277e-01	7125.000000	0.000000e+00
8.464491e-01	5.043410e+01	5.844315e-01	7447.000000	0.000000e+00
8.709767e-01	4.837042e+01	5.432136e-01	7929.000000	0.000000e+00
8.955547e-01	4.790098e+01	5.241108e-01	8353.000000	0.000000e+00
9.199772e-01	4.535545e+01	4.841790e-01	8775.000000	0.000000e+00
9.444963e-01	4.408600e+01	4.568313e-01	9313.000000	0.000000e+00
9.690846e-01	4.170570e+01	4.204126e-01	9841.000000	0.000000e+00
9.935517e-01	4.009084e+01	3.971337e-01	10191.000000	0.000000e+00
1.018099e+00	3.991086e+01	3.823293e-01	10897.000000	0.000000e+00
1.042679e+00	3.764893e+01	3.541557e-01	11301.000000	0.000000e+00
1.067353e+00	3.737940e+01	3.408708e-01	12025.000000	0.000000e+00
1.092004e+00	3.620877e+01	3.248632e-01	12423.000000	0.000000e+00
1.116549e+00	3.580984e+01	3.138197e-01	13021.000000	0.000000e+00
1.140967e+00	3.369201e+01	2.910004e-01	13405.000000	0.000000e+00
1.165410e+00	3.316065e+01	2.778186e-01	14247.000000	0.000000e+00
1.189942e+00	3.260599e+01	2.693606e-01	14653.000000	0.000000e+00
1.214340e+00	3.199839e+01	2.584131e-01	15333.000000	0.000000e+00
1.238824e+00	3.065407e+01	2.427289e-01	15949.000000	0.000000e+00
1.263616e+00	2.974170e+01	2.277136e-01	17059.000000	0.000000e+00
1.288278e+00	2.917044e+01	2.230915e-01	17097.000000	0.000000e+00
1.312698e+00	2.867138e+01	2.139119e-01	17965.000000	0.000000e+00
1.337129e+00	2.785233e+01	2.046031e-01	18531.000000	0.000000e+00
1.361846e+00	2.747880e+01	1.959326e-01	19669.000000	0.000000e+00
1.386459e+00	2.664551e+01	1.889183e-01	19893.000000	0.000000e+00
1.410760e+00	2.639489e+01	1.844174e-01	20485.000000	0.000000e+00
1.435294e+00	2.590243e+01	1.756309e-01	21751.000000	0.000000e+00
1.459966e+00	2.537402e+01	1.702648e-01	22209.000000	0.000000e+00
1.484553e+00	2.487981e+01	1.639066e-01	23041.000000	0.000000e+00
1.509059e+00	2.425430e+01	1.575785e-01	23691.000000	0.000000e+00
1.533565e+00	2.378146e+01	1.520677e-01	24457.000000	0.000000e+00
1.558284e+00	2.329806e+01	1.450558e-01	25797.000000	0.000000e+00
1.582818e+00	2.276386e+01	1.421992e-01	25627.000000	0.000000e+00
1.607259e+00	2.237692e+01	1.356376e-01	27217.000000	0.000000e+00
1.631809e+00	2.215985e+01	1.335100e-01	27549.000000	0.000000e+00
1.656366e+00	2.177546e+01	1.282842e-01	28813.000000	0.000000e+00
1.680925e+00	2.142585e+01	1.250538e-01	29355.000000	0.000000e+00
1.705257e+00	2.098808e+01	1.213427e-01	29917.000000	0.000000e+00
1.729806e+00	2.067607e+01	1.162146e-01	31653.000000	0.000000e+00
1.754462e+00	2.033008e+01	1.137357e-01	31951.000000	0.000000e+00
1.778992e+00	2.000427e+01	1.100183e-01	33061.000000	0.000000e+00
1.803411e+00	1.986172e+01	1.083594e-01	33597.000000	0.000000e+00
1.827963e+00	1.944758e+01	1.036604e-01	35197.000000	0.000000e+00
1.852647e+00	1.891450e+01	9.993413e-02	35823.000000	0.000000e+00
1.877249e+00	1.871951e+01	9.738526e-02	36949.000000	0.000000e+00
1.901733e+00	1.850894e+01	9.582411e-02	37309.000000	0.000000e+00
1.926241e+00	1.813553e+01	9.174467e-02	39075.000000	0.000000e+00
1.950830e+00	1.806277e+01	9.103014e-02	39373.000000	0.000000e+00
1.975308e+00	1.763102e+01	8.725128e-02	40833.000000	0.000000e+00
1.999729e+00	1.753147e+01	8.636819e-02	41203.000000	0.000000e+00
2.024419e+00	1.715989e+01	8.209723e-02	43689.000000	0.000000e+00
2.049126e+00	1.698158e+01	8.140828e-02	43513.000000	0.000000e+00
2.073508e+00	1.689180e+01	8.013157e-02	44437.000000	0.000000e+00
2.097846e+00	1.654326e+01	7.742763e-02	45651.000000	0.000000e+00
2.122473e+00	1.640102e+01	7.526494e-02	47485.000000	0.000000e+00
2.147106e+00	1.611221e+01	7.357173e-02	47961.000000	0.000000e+00
2.171601e+00	1.586943e+01	7.158348e-02	49147.000000	0.000000e+00
2.196158e+00	1.566131e+01	6.981299e-02	50325.000000	0.000000e+00
2.220735e+00	1.546848e+01	6.806388e-02	51649.000000	0.000000e+00
2.245251e+00	1.523459e+01	6.671001e-02	52153.000000	0.000000e+00
2.269729e+00	1.509366e+01	6.498710e-02	53943.000000	0.000000e+00
2.294271e+00	1.501608e+01	6.420590e-02	54697.000000	0.000000e+00
2.318928e+00	1.471015e+01	6.175234e-02	56745.000000	0.000000e+00
2.343538e+00	1.445954e+01	6.056063e-02	57007.000000	0.000000e+00
2.368026e+00	1.440882e+01	5.959301e-02	58461.000000	0.000000e+00
2.392423e+00	1.420979e+01	5.848044e-02	59041.000000	0.000000e+00
2.416863e+00	1.406383e+01	5.693580e-02	61015.000000	0.000000e+00
2.441509e+00	1.384237e+01	5.530890e-02	62637.000000	0.000000e+00
2.466080e+00	1.365282e+01	5.432131e-02	63169.000000	0.000000e+00
2.490575e+00	1.356810e+01	5.338091e-02	64605.000000	0.000000e+00
2.515186e+00	1.331676e+01	5.164522e-02	66487.000000	0.000000e+00
2.539777e+00	1.318959e+01	5.094329e-02	67033.000000	0.000000e+00
2.564215e+00	1.305783e+01	4.998598e-02	68241.000000	0.000000e+00
2.588707e+00	1.280558e+01	4.840365e-02	69991.000000	0.000000e+00
2.613337e+00	1.274736e+01	4.767077e-02	71505.000000	0.000000e+00
2.637925e+00	1.247941e+01	4.628071e-02	72709.000000	0.000000e+00
2.662420e+00	1.242632e+01	4.584360e-02	73473.000000	0.000000e+00
2.686963e+00	1.230789e+01	4.471519e-02	75763.000000	0.000000e+00
2.711515e+00	1.222277e+01	4.426073e-02	76261.000000	0.000000e+00
2.735982e+00	1.198719e+01	4.292515e-02	77985.000000	0.000000e+00
2.760573e+00	1.196173e+01	4.228818e-02	80011.000000	0.000000e+00
2.785237e+00	1.171247e+01	4.115114e-02	81009.000000	0.000000e+00
2.809671e+00	1.157855e+01	4.053279e-02	81601.000000	0.000000e+00
2.834151e+00	1.146392e+01	3.953521e-02	84081.000000	0.000000e+00
2.858722e+00	1.142570e+01	3.915322e-02	85159.000000	0.000000e+00
2.883250e+00	1.127986e+01	3.831616e-02	86665.000000	0.000000e+00
2.907819e+00	1.111201e+01	3.738620e-02	88341.000000	0.000000e+00
2.932335e+00	1.097710e+01	3.669672e-02	89479.000000	0.000000e+00
2.956914e+00	1.084943e+01	3.586298e-02	91521.000000	0.000000e+00
2.981449e+00	1.078600e+01	3.547853e-02	92425.000000	0.000000e+00
3.005876e+00	1.068569e+01	3.493117e-02	93579.000000	0.000000e+00
3.030403e+00	1.058187e+01	3.409942e-02	96301.000000	0.000000e+00
3.055041e+00	1.048675e+01	3.355748e-02	97657.000000	0.000000e+00
3.079692e+00	1.032092e+01	3.273711e-02	99393.000000	0.000000e+00
3.104241e+00	1.017547e+01	3.214632e-02	100195.000000	0.000000e+00
3.128710e+00	1.011111e+01	3.170437e-02	101709.000000	0.000000e+00
3.153123e+00	9.986856e+00	3.111472e-02	103021.000000	0.000000e+00
3.177619e+00	9.953209e+00	3.062787e-02	105607.000000	0.000000e+00
3.202185e+00	9.796548e+00	2.997569e-02	106809.000000	0.000000e+00
3.226708e+00	9.744793e+00	2.956867e-02	108613.000000	0.000000e+00
3.251321e+00	9.557795e+00	2.871607e-02	110781.000000	0.000000e+00
3.275882e+00	9.532226e+00	2.852848e-02	111643.000000	0.000000e+00
3.300393e+00	9.487314e+00	2.814087e-02	113661.000000	0.000000e+00
3.324955e+00	9.315476e+00	2.743872e-02	115261.000000	0.000000e+00
3.349528e+00	9.210649e+00	2.687309e-02	117475.000000	0.000000e+00
3.374087e+00	9.155910e+00	2.661006e-02	118389.000000	0.000000e+00
3.398541e+00	9.087542e+00	2.623205e-02	120013.000000	0.000000e+00
3.423011e+00	8.941823e+00	2.561097e-02	121899.000000	0.000000e+00
3.447546e+00	8.872508e+00	2.518435e-02	124117.000000	0.000000e+00
3.472176e+00	8.785655e+00	2.468533e-02	126669.000000	0.000000e+00
3.496772e+00	8.728717e+00	2.449713e-02	126961.000000	0.000000e+00
3.521302e+00	8.646499e+00	2.399076e-02	129895.000000	0.000000e+00
3.545845e+00	8.544434e+00	2.365609e-02	130461.000000	0.000000e+00
3.570351e+00	8.478026e+00	2.321910e-02	133321.000000	0.000000e+00
3.594817e+00	8.391001e+00	2.295478e-02	133623.000000	0.000000e+00
3.619340e+00	8.298612e+00	2.238677e-02	137413.000000	0.000000e+00
3.643921e+00	8.228500e+00	2.213106e-02	138241.000000	0.000000e+00
3.668501e+00	8.135236e+00	2.166809e-02	140961.000000	0.000000e+00
3.693083e+00	8.084480e+00	2.143475e-02	142255.000000	0.000000e+00
3.717636e+00	8.024811e+00	2.113513e-02	144165.000000	0.000000e+00
3.742123e+00	7.940131e+00	2.082532e-02	145369.000000	0.000000e+00
3.766623e+00	7.917367e+00	2.056695e-02	148191.000000	0.000000e+00
3.791211e+00	7.796918e+00	2.011862e-02	150193.000000	0.000000e+00
3.815740e+00	7.754412e+00	1.992395e-02	151477.000000	0.000000e+00
3.840250e+00	7.650793e+00	1.951130e-02	153759.000000	0.000000e+00
3.864816e+00	7.606913e+00	1.925209e-02	156121.000000	0.000000e+00
3.889416e+00	7.555921e+00	1.899522e-02	158229.000000	0.000000e+00
3.913984e+00	7.465971e+00	1.868754e-02	159613.000000	0.000000e+00
3.938439e+00	7.401797e+00	1.845548e-02	160851.000000	0.000000e+00
3.962856e+00	7.341073e+00	1.818585e-02	162949.000000	0.000000e+00
3.987408e+00	7.259329e+00	1.777129e-02	166861.000000	0.000000e+00
4.011951e+00	7.190574e+00	1.759844e-02	166947.000000	0.000000e+00
4.036502e+00	7.107803e+00	1.719808e-02	170809.000000	0.000000e+00
4.061101e+00	7.058756e+00	1.701814e-02	172041.000000	0.000000e+00
4.085632e+00	7.000673e+00	1.679205e-02	173809.000000	0.000000e+00
4.110226e+00	6.969192e+00	1.654765e-02	177375.000000	0.000000e+00
4.134760e+00	6.888802e+00	1.637515e-02	176977.000000	0.000000e+00
4.159247e+00	6.843452e+00	1.609315e-02	180829.000000	0.000000e+00
4.183807e+00	6.802883e+00	1.592072e-02	182583.000000	0.000000e+00
4.208321e+00	6.695534e+00	1.560459e-02	184105.000000	0.000000e+00
4.232839e+00	6.634514e+00	1.533022e-02	187293.000000	0.000000e+00
4.257376e+00	6.590608e+00	1.518682e-02	188329.000000	0.000000e+00
4.281944e+00	6.522509e+00	1.486807e-02	192451.000000	0.000000e+00
4.306505e+00	6.488564e+00	1.478555e-02	192585.000000	0.000000e+00
4.331033e+00	6.385607e+00	1.441931e-02	196117.000000	0.000000e+00
4.355617e+00	6.353566e+00	1.427112e-02	198207.000000	0.000000e+00
4.380161e+00	6.340800e+00	1.419277e-02	199597.000000	0.000000e+00
4.404676e+00	6.262083e+00	1.391378e-02	202557.000000	0.000000e+00
4.429249e+00	6.200721e+00	1.370022e-02	204847.000000	0.000000e+00
4.453772e+00	6.176823e+00	1.359792e-02	206341.000000	0.000000e+00
4.478282e+00	6.107541e+00	1.335266e-02	209217.000000	0.000000e+00
4.502777e+00	6.041436e+00	1.316767e-02	210505.000000	0.000000e+00
4.527289e+00	5.995087e+00	1.295047e-02	214299.000000	0.000000e+00
4.551889e+00	5.959780e+00	1.280667e-02	216565.000000	0.000000e+00
4.576426e+00	5.905455e+00	1.265329e-02	217821.000000	0.000000e+00
4.600893e+00	5.861934e+00	1.249385e-02	220135.000000	0.000000e+00
4.625467e+00	5.806876e+00	1.226092e-02	224305.000000	0.000000e+00
4.650035e+00	5.735785e+00	1.209443e-02	224913.000000	0.000000e+00
4.674541e+00	5.700510e+00	1.194530e-02	227737.000000	0.000000e+00
4.699104e+00	5.653848e+00	1.176775e-02	230835.000000	0.000000e+00
4.723670e+00	5.595438e+00	1.159749e-02	232777.000000	0.000000e+00
4.748182e+00	5.572390e+00	1.151013e-02	234381.000000	0.000000e+00
4.772682e+00	5.506175e+00	1.129475e-02	237655.000000	0.000000e+00
4.797203e+00	5.470299e+00	1.118212e-02	239317.000000	0.000000e+00
4.821755e+00	5.426557e+00	1.099618e-02	243537.000000	0.000000e+00
4.846361e+00	5.388798e+00	1.088198e-02	245227.000000	0.000000e+00
4.870915e+00	5.319169e+00	1.069692e-02	247269.000000	0.000000e+00
4.895426e+00	5.292127e+00	1.059220e-02	249625.000000	0.000000e+00
4.919952e+00	5.245214e+00	1.044174e-02	252337.000000	0.000000e+00
4.944496e+00	5.183173e+00	1.025740e-02	255339.000000	0.000000e+00
4.969013e+00	5.173118e+00	1.021500e-02	256465.000000	0.000000e+00
4.993562e+00	5.118448e+00	1.001362e-02	261273.000000	0.000000e+00
5.018138e+00	5.074312e+00	9.908441e-03	262267.000000	0.000000e+00
5.042642e+00	5.045340e+00	9.806838e-03	264681.000000	0.000000e+00
5.067215e+00	4.990805e+00	9.621053e-03	269089.000000	0.000000e+00
5.091775e+00	4.951596e+00	9.540790e-03	269353.000000	0.000000e+00
5.116309e+00	4.932148e+00	9.421783e-03	274035.000000	0.000000e+00
5.140838e+00	4.868606e+00	9.296363e-03	274273.000000	0.000000e+00
5.165333e+00	4.838556e+00	9.168323e-03	278517.000000	0.000000e+00
5.189818e+00	4.810967e+00	9.100994e-03	279439.000000	0.000000e+00
5.214351e+00	4.751104e+00	8.903429e-03	284757.000000	0.000000e+00
5.238947e+00	4.733823e+00	8.845486e-03	286405.000000	0.000000e+00
5.263479e+00	4.679346e+00	8.711539e-03	288523.000000	0.000000e+00
5.288002e+00	4.636224e+00	8.584761e-03	291657.000000	0.000000e+00
5.312546e+00	4.611535e+00	8.499561e-03	294373.000000	0.000000e+00
5.337121e+00	4.584187e+00	8.400047e-03	297825.000000	0.000000e+00
5.361672e+00	4.532339e+00	8.283570e-03	299371.000000	0.000000e+00
5.386196e+00	4.510339e+00	8.199085e-03	302613.000000	0.000000e+00
5.410715e+00	4.491911e+00	8.138467e-03	304633.000000	0.000000e+00
5.435244e+00	4.444741e+00	8.002024e-03	308527.000000	0.000000e+00
5.459823e+00	4.406981e+00	7.897854e-03	311361.000000	0.000000e+00
5.484389e+00	4.374213e+00	7.804863e-03	314101.000000	0.000000e+00
5.508889e+00	4.340399e+00	7.736454e-03	314757.000000	0.000000e+00
5.533464e+00	4.306649e+00	7.587881e-03	322135.000000	0.000000e+00
5.558036e+00	4.288763e+00	7.580053e-03	320125.000000	0.000000e+00
5.582484e+00	4.247291e+00	7.454175e-03	324657.000000	0.000000e+00
5.606956e+00	4.204200e+00	7.358473e-03	326431.000000	0.000000e+00
5.631560e+00	4.191039e+00	7.256093e-03	333609.000000	0.000000e+00
5.656168e+00	4.152464e+00	7.195867e-03	333001.000000	0.000000e+00
5.680698e+00	4.138846e+00	7.132709e-03	336705.000000	0.000000e+00
5.705204e+00	4.103073e+00	7.052880e-03	338443.000000	0.000000e+00
5.729704e+00	4.073467e+00	6.963639e-03	342181.000000	0.000000e+00
5.754232e+00	4.030036e+00	6.859668e-03	345153.000000	0.000000e+00
5.778772e+00	3.987466e+00	6.753384e-03	348619.000000	0.000000e+00
5.803342e+00	3.974262e+00	6.704057e-03	351429.000000	0.000000e+00
5.827902e+00	3.945671e+00	6.624983e-03	354709.000000	0.000000e+00
5.852409e+00	3.914570e+00	6.562540e-03	355815.000000	0.000000e+00
5.876957e+00	3.876522e+00	6.445518e-03	361717.000000	0.000000e+00
5.901534e+00	3.865713e+00	6.417546e-03	362845.000000	0.000000e+00
5.926030e+00	3.820547e+00	6.322247e-03	365181.000000	0.000000e+00
5.950548e+00	3.790978e+00	6.233619e-03	369847.000000	0.000000e+00
5.975137e+00	3.774989e+00	6.179702e-03	373161.000000	0.000000e+00
5.999657e+00	3.747339e+00	6.128497e-03	373885.000000	0.000000e+00
6.024161e+00	3.714023e+00	6.032987e-03	378987.000000	0.000000e+00
6.048714e+00	3.689631e+00	5.975339e-03	381277.000000	0.000000e+00
6.073267e+00	3.662004e+00	5.898202e-03	385477.000000	0.000000e+00
6.097868e+00	3.629117e+00	5.819862e-03	388845.000000	0.000000e+00
6.122369e+00	3.606402e+00	5.785146e-03	388615.000000	0.000000e+00
6.146867e+00	3.573581e+00	5.685365e-03	395085.000000	0.000000e+00
6.171452e+00	3.571665e+00	5.665878e-03	397381.000000	0.000000e+00
6.195974e+00	3.545126e+00	5.606240e-03	399871.000000	0.000000e+00
6.220444e+00	3.507271e+00	5.535161e-03	401493.000000	0.000000e+00
6.244986e+00	3.488928e+00	5.455868e-03	408937.000000	0.000000e+00
6.269588e+00	3.463544e+00	5.410527e-03	409791.000000	0.000000e+00
6.294124e+00	3.428335e+00	5.334569e-03	413017.000000	0.000000e+00
6.318633e+00	3.415125e+00	5.296449e-03	415761.000000	0.000000e+00
6.343202e+00	3.390686e+00	5.226562e-03	420865.000000	0.000000e+00
6.367770e+00	3.363189e+00	5.172502e-03	422767.000000	0.000000e+00
6.392288e+00	3.336239e+00	5.115025e-03	425421.000000	0.000000e+00
6.416837e+00	3.312892e+00	5.049032e-03	430525.000000	0.000000e+00
6.441383e+00	3.297503e+00	5.018507e-03	431739.000000	0.000000e+00
6.465913e+00	3.261454e+00	4.936359e-03	436525.000000	0.000000e+00
6.490433e+00	3.250126e+00	4.908923e-03	438357.000000	0.000000e+00
6.514946e+00	3.236455e+00	4.865991e-03	442381.000000	0.000000e+00
6.539518e+00	3.205337e+00	4.791247e-03	447559.000000	0.000000e+00
6.564059e+00	3.185999e+00	4.761372e-03	447741.000000	0.000000e+00
6.588587e+00	3.149538e+00	4.675082e-03	453853.000000	0.000000e+00
6.613110e+00	3.140993e+00	4.659433e-03	454431.000000	0.000000e+00
6.637622e+00	3.112767e+00	4.589720e-03	459961.000000	0.000000e+00
6.662172e+00	3.088124e+00	4.539547e-03	462769.000000	0.000000e+00
6.686693e+00	3.066237e+00	4.492883e-03	465759.000000	0.000000e+00
6.711227e+00	3.050706e+00	4.450115e-03	469957.000000	0.000000e+00
6.735777e+00	3.040640e+00	4.418895e-03	473481.000000	0.000000e+00
6.760323e+00	3.013174e+00	4.366255e-03	476245.000000	0.000000e+00
6.784855e+00	2.989827e+00	4.314083e-03	480303.000000	0.000000e+00
6.809427e+00	2.973411e+00	4.271451e-03	484573.000000	0.000000e+00
6.833979e+00	2.957099e+00	4.239626e-03	486493.000000	0.000000e+00
6.858503e+00	2.935900e+00	4.191530e-03	490611.000000	0.000000e+00
6.883055e+00	2.910519e+00	4.139889e-03	494269.000000	0.000000e+00
6.907584e+00	2.895154e+00	4.105561e-03	497277.000000	0.000000e+00
6.932134e+00	2.875155e+00	4.059250e-03	501685.000000	0.000000e+00
6.956669e+00	2.858008e+00	4.025224e-03	504135.000000	0.000000e+00
6.981221e+00	2.835490e+00	3.973797e-03	509149.000000	0.000000e+00
7.005753e+00	2.817290e+00	3.942579e-03	510625.000000	0.000000e+00
7.030233e+00	2.795962e+00	3.898187e-03	514443.000000	0.000000e+00
7.054782e+00	2.777111e+00	3.851038e-03	520033.000000	0.000000e+00
7.079343e+00	2.760905e+00	3.818460e-03	522789.000000	0.000000e+00
7.103883e+00	2.745597e+00	3.785648e-03	526009.000000	0.000000e+00
7.128424e+00	2.725014e+00	3.741419e-03	530475.000000	0.000000e+00
7.152965e+00	2.710179e+00	3.712250e-03	532993.000000	0.000000e+00
7.177501e+00	2.695166e+00	3.676076e-03	537529.000000	0.000000e+00
7.202013e+00	2.673353e+00	3.639014e-03	539691.000000	0.000000e+00
7.226577e+00	2.663411e+00	3.602373e-03	546637.000000	0.000000e+00
7.251125e+00	2.643441e+00	3.574317e-03	546957.000000	0.000000e+00
7.275651e+00	2.624798e+00	3.530765e-03	552655.000000	0.000000e+00
7.300226e+00	2.601454e+00	3.486687e-03	556681.000000	0.000000e+00
7.324759e+00	2.585645e+00	3.459848e-03	558501.000000	0.000000e+00
7.349299e+00	2.570769e+00	3.422545e-03	564193.000000	0.000000e+00
7.373825e+00	2.555172e+00	3.397694e-03	565551.000000	0.000000e+00
7.398312e+00	2.541189e+00	3.366380e-03	569833.000000	0.000000e+00
7.422892e+00	2.525095e+00	3.323100e-03	577389.000000	0.000000e+00
7.447442e+00	2.508901e+00	3.304818e-03	576331.000000	0.000000e+00
7.471956e+00	2.492999e+00	3.265446e-03	582853.000000	0.000000e+00
7.496499e+00	2.486416e+00	3.248353e-03	585897.000000	0.000000e+00
7.521014e+00	2.466780e+00	3.215190e-03	588637.000000	0.000000e+00
7.545557e+00	2.449815e+00	3.175288e-03	595251.000000	0.000000e+00
7.570086e+00	2.426799e+00	3.143879e-03	595849.000000	0.000000e+00
7.594613e+00	2.418635e+00	3.116598e-03	602253.000000	0.000000e+00
7.619172e+00	2.402373e+00	3.086407e-03	605863.000000	0.000000e+00
7.643756e+00	2.389856e+00	3.057710e-03	610873.000000	0.000000e+00
7.668263e+00	2.373654e+00	3.038274e-03	610353.000000	0.000000e+00
7.692777e+00	2.362270e+00	3.003462e-03	618607.000000	0.000000e+00
7.717371e+00	2.353186e+00	2.983298e-03	622185.000000	0.000000e+00
7.741929e+00	2.335256e+00	2.953332e-03	625237.000000	0.000000e+00
7.766457e+00	2.318411e+00	2.925504e-03	628029.000000	0.000000e+00
7.790953e+00	2.305388e+00	2.899974e-03	631975.000000	0.000000e+00
7.815489e+00	2.291071e+00	2.869392e-03	637525.000000	0.000000e+00
7.840050e+00	2.271930e+00	2.835917e-03	641805.000000	0.000000e+00
7.864588e+00	2.265805e+00	2.822739e-03	644323.000000	0.000000e+00
7.889126e+00	2.248708e+00	2.790491e-03	649389.000000	0.000000e+00
7.913643e+00	2.235946e+00	2.769711e-03	651709.000000	0.000000e+00
7.938181e+00	2.223471e+00	2.740417e-03	658309.000000	0.000000e+00
7.962760e+00	2.207237e+00	2.711571e-03	662607.000000	0.000000e+00
7.987311e+00	2.192892e+00	2.690640e-03	664237.000000	0.000000e+00
8.011811e+00	2.180160e+00	2.667136e-03	668169.000000	0.000000e+00
8.036325e+00	2.171949e+00	2.646329e-03	673615.000000	0.000000e+00
8.060868e+00	2.155823e+00	2.618851e-03	677649.000000	0.000000e+00
8.085446e+00	2.150112e+00	2.599962e-03	683893.000000	0.000000e+00
8.109989e+00	2.132487e+00	2.578627e-03	683905.000000	0.000000e+00
8.134471e+00	2.120855e+00	2.555338e-03	688851.000000	0.000000e+00
8.159038e+00	2.108284e+00	2.524957e-03	697189.000000	0.000000e+00
8.183598e+00	2.096464e+00	2.512495e-03	696249.000000	0.000000e+00
8.208073e+00	2.083809e+00	2.488151e-03	701395.000000	0.000000e+00
8.232590e+00	2.070521e+00	2.463340e-03	706497.000000	0.000000e+00
8.257144e+00	2.056176e+00	2.436315e-03	712285.000000	0.000000e+00
8.281710e+00	2.045298e+00	2.417699e-03	715663.000000	0.000000e+00
8.306271e+00	2.035048e+00	2.398232e-03	720057.000000	0.000000e+00
8.330826e+00	2.025563e+00	2.379584e-03	724585.000000	0.000000e+00
8.355374e+00	2.009333e+00	2.356178e-03	727257.000000	0.000000e+00
8.379901e+00	2.000649e+00	2.337259e-03	732703.000000	0.000000e+00
8.404418e+00	1.993906e+00	2.326010e-03	734829.000000	0.000000e+00
8.428928e+00	1.984845e+00	2.306262e-03	740689.000000	0.000000e+00
8.453504e+00	1.967942e+00	2.275452e-03	747979.000000	0.000000e+00
8.478051e+00	1.953127e+00	2.259842e-03	746973.000000	0.000000e+00
8.502580e+00	1.945916e+00	2.237500e-03	756349.000000	0.000000e+00
8.527138e+00	1.934808e+00	2.224310e-03	756633.000000	0.000000e+00
8.551634e+00	1.924055e+00	2.204724e-03	761599.000000	0.000000e+00
8.576156e+00	1.913044e+00	2.184129e-03	767173.000000	0.000000e+00
8.600697e+00	1.901059e+00	2.164685e-03	771261.000000	0.000000e+00
8.625259e+00	1.892564e+00	2.146301e-03	777535.000000	0.000000e+00
8.649836e+00	1.880011e+00	2.127831e-03	780633.000000	0.000000e+00
8.674376e+00	1.869618e+00	2.110538e-03	784729.000000	0.000000e+00
8.698927e+00	1.858856e+00	2.091711e-03	789747.000000	0.000000e+00
8.723450e+00	1.850496e+00	2.079480e-03	791893.000000	0.000000e+00
8.747957e+00	1.845612e+00	2.066460e-03	797677.000000	0.000000e+00
8.772521e+00	1.834565e+00	2.045451e-03	804429.000000	0.000000e+00
8.797047e+00	1.823745e+00	2.033255e-03	804535.000000	0.000000e+00
8.821541e+00	1.812100e+00	2.012375e-03	810861.000000	0.000000e+00
8.846076e+00	1.802954e+00	1.995506e-03	816325.000000	0.000000e+00
8.870641e+00	1.795790e+00	1.980224e-03	822399.000000	0.000000e+00
8.895170e+00	1.784562e+00	1.967716e-03	822505.000000	0.000000e+00
8.919713e+00	1.774630e+00	1.944799e-03	832657.000000	0.000000e+00
8.944263e+00	1.769454e+00	1.940054e-03	831861.000000	0.000000e+00
8.968772e+00	1.757877e+00	1.918761e-03	839335.000000	0.000000e+00
8.993334e+00	1.747110e+00	1.900942e-03	844701.000000	0.000000e+00
9.017895e+00	1.738033e+00	1.887445e-03	847945.000000	0.000000e+00
9.042430e+00	1.731599e+00	1.874971e-03	852915.000000	0.000000e+00
9.066970e+00	1.719567e+00	1.857728e-03	856789.000000	0.000000e+00
9.091538e+00	1.715259e+00	1.844364e-03	864901.000000	0.000000e+00
9.116063e+00	1.704788e+00	1.835702e-03	862455.000000	0.000000e+00
9.140573e+00	1.696982e+00	1.815727e-03	873481.000000	0.000000e+00
9.165140e+00	1.684816e+00	1.800279e-03	875841.000000	0.000000e+00
9.189653e+00	1.677414e+00	1.789402e-03	878749.000000	0.000000e+00
9.214176e+00	1.667513e+00	1.771039e-03	886507.000000	0.000000e+00
9.238722e+00	1.660723e+00	1.761217e-03	889137.000000	0.000000e+00
9.263252e+00	1.653473e+00	1.747567e-03	895213.000000	0.000000e+00
9.287810e+00	1.646829e+00	1.735272e-03	900663.000000	0.000000e+00
9.312363e+00	1.635204e+00	1.719590e-03	904261.000000	0.000000e+00
9.336898e+00	1.630443e+00	1.709999e-03	909117.000000	0.000000e+00
9.361428e+00	1.618569e+00	1.693990e-03	912937.000000	0.000000e+00
9.385969e+00	1.608344e+00	1.676805e-03	920011.000000	0.000000e+00
9.410496e+00	1.605078e+00	1.672275e-03	921249.000000	0.000000e+00
9.435027e+00	1.599689e+00	1.658778e-03	930025.000000	0.000000e+00
9.459577e+00	1.587747e+00	1.644379e-03	932307.000000	0.000000e+00
9.484080e+00	1.582808e+00	1.636109e-03	935905.000000	0.000000e+00
9.508599e+00	1.573665e+00	1.619781e-03	943869.000000	0.000000e+00
9.533177e+00	1.569595e+00	1.610824e-03	949465.000000	0.000000e+00
9.557740e+00	1.558725e+00	1.596841e-03	952831.000000	0.000000e+00
9.582283e+00	1.553072e+00	1.587025e-03	957669.000000	0.000000e+00
9.606825e+00	1.543419e+00	1.573260e-03	962425.000000	0.000000e+00
9.631356e+00	1.536032e+00	1.562013e-03	967011.000000	0.000000e+00
9.655881e+00	1.529558e+00	1.551968e-03	971329.000000	0.000000e+00
9.680426e+00	1.521317e+00	1.537738e-03	978757.000000	0.000000e+00
9.704942e+00	1.515561e+00	1.531796e-03	978915.000000	0.000000e+00
9.729497e+00	1.507501e+00	1.513893e-03	991573.000000	0.000000e+00
9.754046e+00	1.501480e+00	1.509788e-03	989025.000000	0.000000e+00
9.778535e+00	1.495167e+00	1.498400e-03	995689.000000	0.000000e+00
9.803103e+00	1.485892e+00	1.481154e-03	1006407.000000	0.000000e+00
9.827649e+00	1.478036e+00	1.475606e-03	1003297.000000	0.000000e+00
9.852180e+00	1.470851e+00	1.459530e-03	1015573.000000	0.000000e+00
9.876731e+00	1.465059e+00	1.454082e-03	1015155.000000	0.000000e+00
9.901284e+00	1.457714e+00	1.439740e-03	1025125.000000	0.000000e+00
9.925835e+00	1.455124e+00	1.436411e-03	1026225.000000	0.000000e+00
9.950350e+00	1.444684e+00	1.422531e-03	1031389.000000	0.000000e+00
9.974902e+00	1.440328e+00	1.412320e-03	1040055.000000	0.000000e+00
9.999429e+00	1.432610e+00	1.405476e-03	1038985.000000	0.000000e+00
1.002392e+01	1.427206e+00	1.394357e-03	1047673.000000	0.000000e+00
1.004849e+01	1.419463e+00	1.381664e-03	1055463.000000	0.000000e+00
1.007303e+01	1.414376e+00	1.376252e-03	1056169.000000	0.000000e+00
1.009756e+01	1.405993e+00	1.362736e-03	1064493.000000	0.000000e+00
1.012209e+01	1.400931e+00	1.356486e-03	1066603.000000	0.000000e+00
1.014664e+01	1.393771e+00	1.343482e-03	1076265.000000	0.000000e+00
1.017120e+01	1.386651e+00	1.335307e-03	1078381.000000	0.000000e+00
1.019572e+01	1.382840e+00	1.329147e-03	1082425.000000	0.000000e+00
1.022025e+01	1.377635e+00	1.319259e-03	1090455.000000	0.000000e+00
1.024479e+01	1.371172e+00	1.311269e-03	1093453.000000	0.000000e+00
1.026933e+01	1.368181e+00	1.304310e-03	1100337.000000	0.000000e+00
1.029386e+01	1.360672e+00	1.294853e-03	1104247.000000	0.000000e+00
1.031842e+01	1.354320e+00	1.284221e-03	1112149.000000	0.000000e+00
1.034296e+01	1.350632e+00	1.279168e-03	1114857.000000	0.000000e+00
1.036749e+01	1.342327e+00	1.268361e-03	1120033.000000	0.000000e+00
1.039203e+01	1.337839e+00	1.259848e-03	1127643.000000	0.000000e+00
1.041655e+01	1.334546e+00	1.256360e-03	1128337.000000	0.000000e+00
1.044111e+01	1.326633e+00	1.241619e-03	1141629.000000	0.000000e+00
1.046570e+01	1.321603e+00	1.236633e-03	1142143.000000	0.000000e+00
1.049021e+01	1.317368e+00	1.231199e-03	1144873.000000	0.000000e+00
1.051473e+01	1.311277e+00	1.220561e-03	1154169.000000	0.000000e+00
1.053925e+01	1.307851e+00	1.216925e-03	1155019.000000	0.000000e+00
1.056380e+01	1.301886e+00	1.204548e-03	1168149.000000	0.000000e+00
1.058835e+01	1.296638e+00	1.200467e-03	1166641.000000	0.000000e+00
1.061283e+01	1.289589e+00	1.191823e-03	1170789.000000	0.000000e+00
1.063739e+01	1.287741e+00	1.182595e-03	1185727.000000	0.000000e+00
1.066197e+01	1.279564e+00	1.175910e-03	1184065.000000	0.000000e+00
1.068650e+01	1.277850e+00	1.170682e-03	1191465.000000	0.000000e+00
1.071103e+01	1.274840e+00	1.166441e-03	1194499.000000	0.000000e+00
1.073555e+01	1.266394e+00	1.155126e-03	1201929.000000	0.000000e+00
1.076011e+01	1.263048e+00	1.148455e-03	1209517.000000	0.000000e+00
1.078466e+01	1.258087e+00	1.142569e-03	1212429.000000	0.000000e+00
1.080918e+01	1.254171e+00	1.136923e-03	1216891.000000	0.000000e+00
1.083370e+01	1.248693e+00	1.129263e-03	1222705.000000	0.000000e+00
1.085823e+01	1.245893e+00	1.123079e-03	1230669.000000	0.000000e+00
1.088282e+01	1.241180e+00	1.114978e-03	1239187.000000	0.000000e+00
1.090737e+01	1.238012e+00	1.112794e-03	1237713.000000	0.000000e+00
1.093189e+01	1.233681e+00	1.104873e-03	1246753.000000	0.000000e+00
1.095642e+01	1.226557e+00	1.096958e-03	1250245.000000	0.000000e+00
1.098096e+01	1.224240e+00	1.090592e-03	1260111.000000	0.000000e+00
1.100552e+01	1.220514e+00	1.086482e-03	1261945.000000	0.000000e+00
1.103005e+01	1.214683e+00	1.078425e-03	1268661.000000	0.000000e+00
1.105458e+01	1.211780e+00	1.073556e-03	1274083.000000	0.000000e+00
1.107911e+01	1.209448e+00	1.069256e-03	1279413.000000	0.000000e+00
1.110366e+01	1.204327e+00	1.061407e-03	1287433.000000	0.000000e+00
1.112821e+01	1.200257e+00	1.056303e-03	1291135.000000	0.000000e+00
1.115273e+01	1.197764e+00	1.052315e-03	1295541.000000	0.000000e+00
1.117726e+01	1.191950e+00	1.044231e-03	1302937.000000	0.000000e+00
1.120181e+01	1.191743e+00	1.041373e-03	1309641.000000	0.000000e+00
1.122634e+01	1.186090e+00	1.035344e-03	1312399.000000	0.000000e+00
1.125085e+01	1.182258e+00	1.029488e-03	1318809.000000	0.000000e+00
1.127541e+01	1.179019e+00	1.022497e-03	1329589.000000	0.000000e+00
1.129999e+01	1.177593e+00	1.020443e-03	1331719.000000	0.000000e+00
1.132451e+01	1.173538e+00	1.015594e-03	1335225.000000	0.000000e+00
1.134903e+01	1.169816e+00	1.009179e-03	1343689.000000	0.000000e+00
1.137357e+01	1.167249e+00	1.005288e-03	1348173.000000	0.000000e+00
1.139811e+01	1.164596e+00	1.000013e-03	1356247.000000	0.000000e+00
1.142265e+01	1.161018e+00	9.959720e-04	1358889.000000	0.000000e+00
1.144718e+01	1.158027e+00	9.903744e-04	1367221.000000	0.000000e+00
1.147174e+01	1.154730e+00	9.850996e-04	1374043.000000	0.000000e+00
1.149628e+01	1.152631e+00	9.821557e-04	1377273.000000	0.000000e+00
1.152079e+01	1.150579e+00	9.789395e-04	1381405.000000	0.000000e+00
1.154533e+01	1.146759e+00	9.716123e-04	1393023.000000	0.000000e+00
1.156988e+01	1.142678e+00	9.678512e-04	1393897.000000	0.000000e+00
1.159441e+01	1.140218e+00	9.626566e-04	1402921.000000	0.000000e+00
1.161895e+01	1.137962e+00	9.591178e-04	1407705.000000	0.000000e+00
1.164349e+01	1.136960e+00	9.560759e-04	1414183.000000	0.000000e+00
1.166804e+01	1.133358e+00	9.511639e-04	1419789.000000	0.000000e+00
1.169259e+01	1.132516e+00	9.479393e-04	1427341.000000	0.000000e+00
1.171712e+01	1.130676e+00	9.458894e-04	1428879.000000	0.000000e+00
1.174164e+01	1.126945e+00	9.396923e-04	1438249.000000	0.000000e+00
1.176619e+01	1.125763e+00	9.363934e-04	1445365.000000	0.000000e+00
1.179072e+01	1.123477e+00	9.340858e-04	1446621.000000	0.000000e+00
1.181525e+01	1.121239e+00	9.287580e-04	1457443.000000	0.000000e+00
1.183979e+01	1.118978e+00	9.257379e-04	1461057.000000	0.000000e+00
1.186435e+01	1.117440e+00	9.216334e-04	1470049.000000	0.000000e+00
1.188889e+01	1.114824e+00	9.184264e-04	1473411.000000	0.000000e+00
1.191343e+01	1.115008e+00	9.165578e-04	1479913.000000	0.000000e+00
1.193797e+01	1.112221e+00	9.121504e-04	1486789.000000	0.000000e+00
1.196251e+01	1.109156e+00	9.081417e-04	1491687.000000	0.000000e+00
1.198703e+01	1.107428e+00	9.050762e-04	1497133.000000	0.000000e+00
1.201156e+01	1.106707e+00	9.021017e-04	1505061.000000	0.000000e+00
1.203612e+01	1.105351e+00	8.990799e-04	1511485.000000	0.000000e+00
1.206065e+01	1.103137e+00	8.961056e-04	1515447.000000	0.000000e+00
1.208515e+01	1.102266e+00	8.941074e-04	1519825.000000	0.000000e+00
1.210971e+01	1.102364e+00	8.895523e-04	1535701.000000	0.000000e+00
1.213428e+01	1.100456e+00	8.890687e-04	1532055.000000	0.000000e+00
1.215881e+01	1.098356e+00	8.836299e-04	1545061.000000	0.000000e+00
1.218336e+01	1.097231e+00	8.825684e-04	1545609.000000	0.000000e+00
1.220787e+01	1.095634e+00	8.793425e-04	1552441.000000	0.000000e+00
1.223242e+01	1.096540e+00	8.768510e-04	1563859.000000	0.000000e+00
1.225696e+01	1.096693e+00	8.770535e-04	1563573.000000	0.000000e+00
1.228148e+01	1.095996e+00	8.736931e-04	1573621.000000	0.000000e+00
1.230602e+01	1.096509e+00	8.726985e-04	1578687.000000	0.000000e+00
1.233056e+01	1.093897e+00	8.687142e-04	1585621.000000	0.000000e+00
1.235512e+01	1.093907e+00	8.661018e-04	1595229.000000	0.000000e+00
1.237965e+01	1.093597e+00	8.663705e-04	1593337.000000	0.000000e+00
1.240419e+01	1.094074e+00	8.623186e-04	1609747.000000	0.000000e+00
1.242874e+01	1.092579e+00	8.618408e-04	1607133.000000	0.000000e+00
1.245325e+01	1.092914e+00	8.596588e-04	1616293.000000	0.000000e+00
1.247780e+01	1.092416e+00	8.562744e-04	1627611.000000	0.000000e+00
1.250235e+01	1.093252e+00	8.572365e-04	1626445.000000	0.000000e+00
1.252688e+01	1.091487e+00	8.525510e-04	1639065.000000	0.000000e+00
1.255143e+01	1.092405e+00	8.526009e-04	1641631.000000	0.000000e+00
1.257596e+01	1.091662e+00	8.511196e-04	1645109.500000	0.000000e+00
1.260049e+01	1.088059e+00	8.490482e-04	1642254.000000	0.000000e+00
1.262503e+01	1.085800e+00	8.480915e-04	1639132.000000	0.000000e+00
1.264958e+01	1.082227e+00	8.458734e-04	1636914.000000	0.000000e+00
1.267411e+01	1.079841e+00	8.456196e-04	1630684.000000	0.000000e+00
1.269864e+01	1.076395e+00	8.434281e-04	1628722.000000	0.000000e+00
1.272316e+01	1.070855e+00	8.401969e-04	1624422.000000	0.000000e+00
1.274773e+01	1.068840e+00	8.378818e-04	1627270.000000	0.000000e+00
1.277225e+01	1.064032e+00	8.380180e-04	1612140.000000	0.000000e+00
1.279677e+01	1.060898e+00	8.336289e-04	1619578.000000	0.000000e+00
1.282133e+01	1.058272e+00	8.340329e-04	1610010.000000	0.000000e+00
1.284587e+01	1.055605e+00	8.317518e-04	1610704.000000	0.000000e+00
1.287043e+01	1.052149e+00	8.304324e-04	1605262.000000	0.000000e+00
1.289495e+01	1.049334e+00	8.297372e-04	1599360.000000	0.000000e+00
1.291951e+01	1.045134e+00	8.257528e-04	1601932.000000	0.000000e+00
1.294403e+01	1.044182e+00	8.284592e-04	1588584.000000	0.000000e+00
1.296853e+01	1.039082e+00	8.236176e-04	1591654.000000	0.000000e+00
1.299309e+01	1.035260e+00	8.212657e-04	1589028.000000	0.000000e+00
1.301763e+01	1.033367e+00	8.217696e-04	1581280.000000	0.000000e+00
1.304217e+01	1.031808e+00	8.205906e-04	1581046.000000	0.000000e+00
1.306670e+01	1.028883e+00	8.198458e-04	1574952.000000	0.000000e+00
1.309123e+01	1.025315e+00	8.179107e-04	1571458.000000	0.000000e+00
1.311579e+01	1.022463e+00	8.157020e-04	1571202.000000	0.000000e+00
1.314034e+01	1.020412e+00	8.158100e-04	1564492.000000	0.000000e+00
1.316488e+01	1.016451e+00	8.136512e-04	1560618.000000	0.000000e+00
1.318940e+01	1.012792e+00	8.119407e-04	1555936.000000	0.000000e+00
1.321393e+01	1.010576e+00	8.111176e-04	1552282.000000	0.000000e+00
1.323848e+01	1.008624e+00	8.096719e-04	1551816.000000	0.000000e+00
1.326302e+01	1.003693e+00	8.080594e-04	1542820.000000	0.000000e+00
1.328757e+01	1.003073e+00	8.071347e-04	1544448.000000	0.000000e+00
1.331210e+01	9.990397e-01	8.064438e-04	1534678.000000	0.000000e+00
1.333662e+01	9.973030e-01	8.054088e-04	1533280.000000	0.000000e+00
1.336117e+01	9.946520e-01	8.038448e-04	1531080.000000	0.000000e+00
1.338570e+01	9.901138e-01	8.022680e-04	1523110.000000	0.000000e+00
1.341022e+01	9.898836e-01	8.025743e-04	1521240.000000	0.000000e+00
1.343476e+01	9.863913e-01	8.008925e-04	1516876.000000	0.000000e+00
1.345932e+01	9.841683e-01	7.994222e-04	1515606.000000	0.000000e+00
1.348389e+01	9.815749e-01	7.985072e-04	1511086.000000	0.000000e+00
1.350843e+01	9.769207e-01	7.969471e-04	1502656.000000	0.000000e+00
1.353293e+01	9.762172e-01	7.974146e-04	1498734.000000	0.000000e+00
1.355748e+01	9.740743e-01	7.957205e-04	1498522.000000	0.000000e+00
1.358203e+01	9.716419e-01	7.955442e-04	1491708.000000	0.000000e+00
1.360658e+01	9.684412e-01	7.934893e-04	1489582.000000	0.000000e+00
1.363111e+01	9.660525e-01	7.938951e-04	1480728.000000	0.000000e+00
1.365563e+01	9.634862e-01	7.918267e-04	1480576.000000	0.000000e+00
1.368019e+01	9.623165e-01	7.921264e-04	1475866.000000	0.000000e+00
1.370473e+01	9.589720e-01	7.910695e-04	1469544.000000	0.000000e+00
1.372924e+01	9.586409e-01	7.923334e-04	1463848.000000	0.000000e+00
1.375380e+01	9.561572e-01	7.893972e-04	1467126.000000	0.000000e+00
1.377836e+01	9.551867e-01	7.919934e-04	1454566.000000	0.000000e+00
1.380287e+01	9.519643e-01	7.901248e-04	1451610.000000	0.000000e+00
1.382737e+01	9.479835e-01	7.883952e-04	1445818.000000	0.000000e+00
1.385191e+01	9.461749e-01	7.868372e-04	1446016.000000	0.000000e+00
1.387648e+01	9.447425e-01	7.871952e-04	1440330.000000	0.000000e+00
1.390103e+01	9.410632e-01	7.852447e-04	1436242.000000	0.000000e+00
1.392557e+01	9.410201e-01	7.874780e-04	1427976.000000	0.000000e+00
1.395012e+01	9.376396e-01	7.843926e-04	1428910.000000	0.000000e+00
1.397464e+01	9.352210e-01	7.860899e-04	1415416.000000	0.000000e+00
1.399917e+01	9.332943e-01	7.830306e-04	1420626.000000	0.000000e+00
1.402372e+01	9.308292e-01	7.843208e-04	1408486.000000	0.000000e+00
1.404824e+01	9.297458e-01	7.838115e-04	1407036.000000	0.000000e+00
1.407278e+01	9.283111e-01	7.838872e-04	1402426.000000	0.000000e+00
1.409731e+01	9.258889e-01	7.838155e-04	1395372.000000	0.000000e+00
1.412183e+01	9.239492e-01	7.829690e-04	1392538.000000	0.000000e+00
1.414639e+01	9.218428e-01	7.818041e-04	1390330.000000	0.000000e+00
1.417094e+01	9.185119e-01	7.817448e-04	1380510.000000	0.000000e+00
1.419546e+01	9.176713e-01	7.814019e-04	1379194.000000	0.000000e+00
1.422001e+01	9.163122e-01	7.821741e-04	1372398.000000	0.000000e+00
1.424455e+01	9.151072e-01	7.820698e-04	1369156.000000	0.000000e+00
1.426908e+01	9.130380e-01	7.826796e-04	1360848.000000	0.000000e+00
1.429362e+01	9.109426e-01	7.808617e-04	1360924.000000	0.000000e+00
1.431818e+01	9.093665e-01	7.819414e-04	1352476.000000	0.000000e+00
1.434273e+01	9.070447e-01	7.807569e-04	1349664.000000	0.000000e+00
1.436724e+01	9.049549e-01	7.821152e-04	1338790.000000	0.000000e+00
1.439177e+01	9.051413e-01	7.813046e-04	1342122.000000	0.000000e+00
1.441633e+01	9.037166e-01	7.832667e-04	1331206.000000	0.000000e+00
1.444087e+01	9.006520e-01	7.812510e-04	1329024.000000	0.000000e+00
1.446541e+01	9.003169e-01	7.830672e-04	1321882.000000	0.000000e+00
1.448996e+01	8.995874e-01	7.831868e-04	1319338.000000	0.000000e+00
1.451448e+01	8.961045e-01	7.832591e-04	1308900.000000	0.000000e+00
1.453902e+01	8.955544e-01	7.824131e-04	1310122.000000	0.000000e+00
1.456356e+01	8.943437e-01	7.844269e-04	1299882.000000	0.000000e+00
1.458809e+01	8.909394e-01	7.825133e-04	1296322.000000	0.000000e+00
1.461262e+01	8.902173e-01	7.831433e-04	1292140.000000	0.000000e+00
1.463716e+01	8.894775e-01	7.848442e-04	1284408.000000	0.000000e+00
1.466171e+01	8.883205e-01	7.842032e-04	1283164.000000	0.000000e+00
1.468625e+01	8.876304e-01	7.865467e-04	1273548.000000	0.000000e+00
1.471078e+01	8.855830e-01	7.858705e-04	1269862.000000	0.000000e+00
1.473534e+01	8.842094e-01	7.855218e-04	1267050.000000	0.000000e+00
1.475987e+01	8.825534e-01	7.876777e-04	1255408.000000	0.000000e+00
1.478439e+01	8.824180e-01	7.875399e-04	1255462.000000	0.000000e+00
1.480894e+01	8.801966e-01	7.882814e-04	1246800.000000	0.000000e+00
1.483348e+01	8.778779e-01	7.869936e-04	1244302.000000	0.000000e+00
1.485802e+01	8.766860e-01	7.888398e-04	1235124.000000	0.000000e+00
1.488256e+01	8.767758e-01	7.895908e-04	1233028.000000	0.000000e+00
1.490708e+01	8.741518e-01	7.905424e-04	1222710.000000	0.000000e+00
1.493162e+01	8.741317e-01	7.907518e-04	1222006.000000	0.000000e+00
1.495618e+01	8.751693e-01	7.937215e-04	1215760.000000	0.000000e+00
1.498071e+01	8.721208e-01	7.938724e-04	1206846.000000	0.000000e+00
1.500525e+01	8.706493e-01	7.933189e-04	1204456.000000	0.000000e+00
1.502980e+01	8.717369e-01	7.965643e-04	1197648.000000	0.000000e+00
1.505434e+01	8.706296e-01	7.979010e-04	1190608.000000	0.000000e+00
1.507886e+01	8.677184e-01	7.967435e-04	1186098.000000	0.000000e+00
1.510342e+01	8.668519e-01	7.975944e-04	1181206.000000	0.000000e+00
1.512796e+01	8.656498e-01	7.993703e-04	1172704.000000	0.000000e+00
1.515246e+01	8.669358e-01	8.023676e-04	1167420.000000	0.000000e+00
1.517700e+01	8.650352e-01	8.020470e-04	1163236.000000	0.000000e+00
1.520157e+01	8.645192e-01	8.029691e-04	1159182.000000	0.000000e+00
1.522611e+01	8.633085e-01	8.058849e-04	1147588.000000	0.000000e+00
1.525063e+01	8.633235e-01	8.063670e-04	1146256.000000	0.000000e+00
1.527518e+01	8.622006e-01	8.082398e-04	1137984.000000	0.000000e+00
1.529972e+01	8.613126e-01	8.091720e-04	1133026.000000	0.000000e+00
1.532424e+01	8.617938e-01	8.123575e-04	1125414.000000	0.000000e+00
1.534877e+01	8.599174e-01	8.121736e-04	1121026.000000	0.000000e+00
1.537332e+01	8.592778e-01	8.136313e-04	1115352.000000	0.000000e+00
1.539786e+01	8.602617e-01	8.173472e-04	1107766.000000	0.000000e+00
1.542240e+01	8.593356e-01	8.180017e-04	1103614.000000	0.000000e+00
1.544694e+01	8.576332e-01	8.194670e-04	1095318.000000	0.000000e+00
1.547149e+01	8.568159e-01	8.203016e-04	1091008.000000	0.000000e+00
1.549603e+01	8.573624e-01	8.234457e-04	1084074.000000	0.000000e+00
1.552054e+01	8.560627e-01	8.259829e-04	1074160.000000	0.000000e+00
1.554506e+01	8.553718e-01	8.256684e-04	1073244.000000	0.000000e+00
1.556963e+01	8.556205e-01	8.284932e-04	1066558.000000	0.000000e+00
1.559418e+01	8.563718e-01	8.325975e-04	1057924.000000	0.000000e+00
1.561873e+01	8.548828e-01	8.326758e-04	1054050.000000	0.000000e+00
1.564327e+01	8.555550e-01	8.372173e-04	1044286.000000	0.000000e+00
1.566780e+01	8.559238e-01	8.386551e-04	1041606.000000	0.000000e+00
1.569233e+01	8.552336e-01	8.423605e-04	1030798.000000	0.000000e+00
1.571685e+01	8.558706e-01	8.443183e-04	1027552.000000	0.000000e+00
1.574141e+01	8.551726e-01	8.461922e-04	1021338.000000	0.000000e+00
1.576595e+01	8.547957e-01	8.491514e-04	1013338.000000	0.000000e+00
1.579049e+01	8.551676e-01	8.516888e-04	1008186.000000	0.000000e+00
1.581502e+01	8.544519e-01	8.547109e-04	999394.000000	0.000000e+00
1.583955e+01	8.560484e-01	8.583268e-04	994698.000000	0.000000e+00
1.586407e+01	8.543067e-01	8.598865e-04	987064.000000	0.000000e+00
1.588861e+01	8.541640e-01	8.623758e-04	981046.000000	0.000000e+00
1.591315e+01	8.553725e-01	8.661016e-04	975378.000000	0.000000e+00
1.593770e+01	8.555018e-01	8.695076e-04	968044.000000	0.000000e+00
1.596225e+01	8.551884e-01	8.721473e-04	961488.000000	0.000000e+00
1.598677e+01	8.547349e-01	8.754250e-04	953290.000000	0.000000e+00
1.601131e+01	8.554504e-01	8.781044e-04	949068.000000	0.000000e+00
1.603586e+01	8.561633e-01	8.826117e-04	940966.000000	0.000000e+00
1.606040e+01	8.559169e-01	8.856248e-04	934036.000000	0.000000e+00
1.608493e+01	8.570487e-01	8.898498e-04	927636.000000	0.000000e+00
1.610947e+01	8.565719e-01	8.931331e-04	919804.000000	0.000000e+00
1.613400e+01	8.590889e-01	8.986039e-04	913986.000000	0.000000e+00
1.615854e+01	8.590780e-01	9.017662e-04	907564.000000	0.000000e+00
1.618310e+01	8.580652e-01	9.042390e-04	900480.000000	0.000000e+00
1.620765e+01	8.584082e-01	9.081727e-04	893410.000000	0.000000e+00
1.623216e+01	8.598148e-01	9.148084e-04	883384.000000	0.000000e+00
1.625669e+01	8.593695e-01	9.155813e-04	880980.000000	0.000000e+00
1.628123e+01	8.601483e-01	9.215193e-04	871240.000000	0.000000e+00
1.630580e+01	8.610178e-01	9.244797e-04	867420.000000	0.000000e+00
1.633036e+01	8.610635e-01	9.298514e-04	857518.000000	0.000000e+00
1.635486e+01	8.640615e-01	9.379614e-04	848632.000000	0.000000e+00
1.637939e+01	8.647367e-01	9.403702e-04	845610.000000	0.000000e+00
1.640395e+01	8.634363e-01	9.441533e-04	836326.000000	0.000000e+00
1.642848e+01	8.648807e-01	9.497294e-04	829302.000000	0.000000e+00
1.645298e+01	8.660279e-01	9.560881e-04	820480.000000	0.000000e+00
1.647753e+01	8.660569e-01	9.581425e-04	817020.000000	0.000000e+00
1.650209e+01	8.666303e-01	9.638917e-04	808372.000000	0.000000e+00
1.652660e+01	8.691877e-01	9.728278e-04	798280.000000	0.000000e+00
1.655114e+01	8.692099e-01	9.744640e-04	795642.000000	0.000000e+00
1.657571e+01	8.690960e-01	9.801310e-04	786262.000000	0.000000e+00
1.660025e+01	8.702573e-01	9.867167e-04	777876.000000	0.000000e+00
1.662478e+01	8.719582e-01	9.921308e-04	772420.000000	0.000000e+00
1.664931e+01	8.714018e-01	9.979748e-04	762426.000000	0.000000e+00
1.667386e+01	8.757370e-01	1.005290e-03	758866.000000	0.000000e+00
1.669842e+01	8.741314e-01	1.010518e-03	748282.000000	0.000000e+00
1.672293e+01	8.760041e-01	1.017754e-03	740844.000000	0.000000e+00
1.674748e+01	8.781695e-01	1.023663e-03	735940.000000	0.000000e+00
1.677204e+01	8.789096e-01	1.031618e-03	725856.000000	0.000000e+00
1.679655e+01	8.791667e-01	1.037086e-03	718642.000000	0.000000e+00
1.682107e+01	8.804344e-01	1.043721e-03	711582.000000	0.000000e+00
1.684563e+01	8.840317e-01	1.053038e-03	704770.000000	0.000000e+00
1.687018e+01	8.830721e-01	1.057833e-03	696880.000000	0.000000e+00
1.689472e+01	8.850469e-01	1.067101e-03	687894.000000	0.000000e+00
1.691924e+01	8.869100e-01	1.074133e-03	681778.000000	0.000000e+00
1.694378e+01	8.878584e-01	1.082666e-03	672510.000000	0.000000e+00
1.696830e+01	8.929889e-01	1.094351e-03	665854.000000	0.000000e+00
1.699283e+01	8.912472e-01	1.099036e-03	657616.000000	0.000000e+00
1.701740e+01	8.911706e-01	1.103851e-03	651780.000000	0.000000e+00
1.704195e+01	8.950646e-01	1.117057e-03	642034.000000	0.000000e+00
1.706646e+01	8.954213e-01	1.125416e-03	633036.000000	0.000000e+00
1.709097e+01	8.965858e-01	1.131638e-03	627724.000000	0.000000e+00
1.711553e+01	8.956223e-01	1.138143e-03	619236.000000	0.000000e+00
1.714008e+01	8.967537e-01	1.147414e-03	610810.000000	0.000000e+00
1.716463e+01	8.990679e-01	1.156113e-03	604762.000000	0.000000e+00
1.718918e+01	8.970235e-01	1.164127e-03	593754.000000	0.000000e+00
1.721369e+01	9.016827e-01	1.176134e-03	587752.000000	0.000000e+00
1.723823e+01	8.999619e-01	1.182936e-03	578796.000000	0.000000e+00
1.726278e+01	9.023452e-01	1.193167e-03	571930.000000	0.000000e+00
1.728731e+01	9.030048e-01	1.203519e-03	562956.000000	0.000000e+00
1.731188e+01	9.031775e-01	1.211092e-03	556150.000000	0.000000e+00
1.733641e+01	9.059202e-01	1.225634e-03	546334.000000	0.000000e+00
1.736091e+01	9.063329e-01	1.236120e-03	537594.000000	0.000000e+00
1.738543e+01	9.078677e-01	1.244285e-03	532360.000000	0.000000e+00
1.741000e+01	9.066027e-01	1.254835e-03	521988.000000	0.000000e+00
1.743456e+01	9.051777e-01	1.260239e-03	515896.000000	0.000000e+00
1.745909e+01	9.066308e-01	1.275410e-03	505314.000000	0.000000e+00
1.748363e+01	9.080405e-01	1.285890e-03	498658.000000	0.000000e+00
1.750818e+01	9.100332e-01	1.299960e-03	490066.000000	0.000000e+00
1.753269e+01	9.042298e-01	1.305184e-03	479970.000000	0.000000e+00
1.755722e+01	9.075422e-01	1.317583e-03	474436.000000	0.000000e+00
1.758176e+01	9.068174e-01	1.331282e-03	463980.000000	0.000000e+00
1.760629e+01	9.078434e-01	1.343246e-03	456784.000000	0.000000e+00
1.763083e+01	9.053660e-01	1.352097e-03	448366.000000	0.000000e+00
1.765539e+01	9.004411e-01	1.357617e-03	439902.000000	0.000000e+00
1.767993e+01	8.999784e-01	1.370610e-03	431158.000000	0.000000e+00
1.770446e+01	9.008523e-01	1.385471e-03	422778.000000	0.000000e+00
1.772897e+01	8.958975e-01	1.393081e-03	413584.000000	0.000000e+00
1.775351e+01	8.954587e-01	1.404500e-03	406488.000000	0.000000e+00
1.777808e+01	8.917921e-01	1.414022e-03	397754.500000	0.000000e+00
1.780261e+01	8.904561e-01	1.427429e-03	389149.000000	0.000000e+00
1.782713e+01	8.899576e-01	1.439546e-03	382197.000000	0.000000e+00
1.785169e+01	8.871775e-01	1.447543e-03	375628.000000	0.000000e+00
1.787623e+01	8.846500e-01	1.458794e-03	367752.000000	0.000000e+00
1.790076e+01	8.843009e-01	1.469924e-03	361918.000000	0.000000e+00
1.792530e+01	8.833464e-01	1.482296e-03	355134.000000	0.000000e+00
1.794985e+01	8.815734e-01	1.492977e-03	348667.000000	0.000000e+00
1.797440e+01	8.815684e-01	1.505350e-03	342955.000000	0.000000e+00
1.799891e+01	8.818587e-01	1.521976e-03	335724.000000	0.000000e+00
1.802344e+01	8.803950e-01	1.530171e-03	331036.000000	0.000000e+00
1.804802e+01	8.813669e-01	1.545003e-03	325428.000000	0.000000e+00
1.807255e+01	8.787326e-01	1.557652e-03	318253.000000	0.000000e+00
1.809707e+01	8.802384e-01	1.570760e-03	314037.000000	0.000000e+00
1.812164e+01	8.766340e-01	1.579203e-03	308149.000000	0.000000e+00
1.814617e+01	8.786814e-01	1.598245e-03	302257.000000	0.000000e+00
1.817068e+01	8.776505e-01	1.610119e-03	297117.000000	0.000000e+00
1.819523e+01	8.806400e-01	1.627901e-03	292645.000000	0.000000e+00
1.821979e+01	8.781108e-01	1.638980e-03	287046.000000	0.000000e+00
1.824431e+01	8.790606e-01	1.657340e-03	281329.000000	0.000000e+00
1.826883e+01	8.792952e-01	1.669764e-03	277306.000000	0.000000e+00
1.829337e+01	8.792885e-01	1.685333e-03	272202.000000	0.000000e+00
1.831793e+01	8.831705e-01	1.706891e-03	267718.000000	0.000000e+00
1.834250e+01	8.820720e-01	1.720066e-03	262977.000000	0.000000e+00
1.836701e+01	8.801976e-01	1.736016e-03	257071.000000	0.000000e+00
1.839152e+01	8.859903e-01	1.758852e-03	253746.000000	0.000000e+00
1.841609e+01	8.813057e-01	1.765261e-03	249250.000000	0.000000e+00
1.844064e+01	8.827690e-01	1.786477e-03	244174.000000	0.000000e+00
1.846515e+01	8.829459e-01	1.801968e-03	240090.000000	0.000000e+00
1.848971e+01	8.851149e-01	1.821984e-03	235999.000000	0.000000e+00
1.851428e+01	8.846789e-01	1.837562e-03	231786.000000	0.000000e+00
1.853881e+01	8.871332e-01	1.861742e-03	227059.000000	0.000000e+00
1.856328e+01	8.851522e-01	1.877033e-03	222378.000000	0.000000e+00
1.858784e+01	8.850290e-01	1.886053e-03	220195.000000	0.000000e+00
1.861244e+01	8.885936e-01	1.916381e-03	215002.000000	0.000000e+00
1.863693e+01	8.893372e-01	1.938216e-03	210537.000000	0.000000e+00
1.866143e+01	8.876179e-01	1.949651e-03	207271.000000	0.000000e+00
1.868601e+01	8.918913e-01	1.975305e-03	203871.000000	0.000000e+00
1.871055e+01	8.913121e-01	1.996742e-03	199258.000000	0.000000e+00
1.873503e+01	8.935968e-01	2.021883e-03	195331.000000	0.000000e+00
1.875958e+01	8.960021e-01	2.039854e-03	192939.000000	0.000000e+00
1.878417e+01	8.980277e-01	2.068974e-03	188395.000000	0.000000e+00
1.880870e+01	9.012692e-01	2.095505e-03	184983.000000	0.000000e+00
1.883322e+01	9.025097e-01	2.120069e-03	181219.000000	0.000000e+00
1.885775e+01	9.029684e-01	2.140968e-03	177879.000000	0.000000e+00
1.888231e+01	9.069427e-01	2.170297e-03	174631.000000	0.000000e+00
1.890684e+01	9.067040e-01	2.193289e-03	170899.000000	0.000000e+00
1.893134e+01	9.072640e-01	2.217123e-03	167451.000000	0.000000e+00
1.895590e+01	9.103909e-01	2.242077e-03	164875.000000	0.000000e+00
1.898046e+01	9.104811e-01	2.270089e-03	160863.000000	0.000000e+00
1.900495e+01	9.125329e-01	2.298637e-03	157600.000000	0.000000e+00
1.902946e+01	9.151893e-01	2.325701e-03	154851.000000	0.000000e+00
1.905406e+01	9.191011e-01	2.356522e-03	152119.000000	0.000000e+00
1.907863e+01	9.247876e-01	2.400540e-03	148411.000000	0.000000e+00
1.910311e+01	9.255215e-01	2.431025e-03	144942.000000	0.000000e+00
1.912765e+01	9.223750e-01	2.438960e-03	143023.000000	0.000000e+00
1.915226e+01	9.275582e-01	2.482028e-03	139659.000000	0.000000e+00
1.917678e+01	9.305978e-01	2.521214e-03	136240.000000	0.000000e+00
1.920124e+01	9.345162e-01	2.558456e-03	133419.000000	0.000000e+00
1.922581e+01	9.344733e-01	2.577968e-03	131395.000000	0.000000e+00
1.925040e+01	9.359807e-01	2.616923e-03	127924.000000	0.000000e+00
1.927489e+01	9.424391e-01	2.665418e-03	125019.000000	0.000000e+00
1.929941e+01	9.424710e-01	2.690009e-03	122752.000000	0.000000e+00
1.932402e+01	9.429977e-01	2.718498e-03	120327.000000	0.000000e+00
1.934855e+01	9.486105e-01	2.777231e-03	116668.000000	0.000000e+00
1.937298e+01	9.522890e-01	2.817682e-03	114223.000000	0.000000e+00
1.939755e+01	9.530010e-01	2.837632e-03	112791.000000	0.000000e+00
1.942217e+01	9.536304e-01	2.884338e-03	109312.000000	0.000000e+00
1.944667e+01	9.625776e-01	2.943786e-03	106920.000000	0.000000e+00
1.947113e+01	9.594774e-01	2.975142e-03	104005.000000	0.000000e+00
1.949570e+01	9.731221e-01	3.035025e-03	102804.000000	0.000000e+00
1.952032e+01	9.694896e-01	3.071467e-03	99631.000000	0.000000e+00
1.954482e+01	9.822816e-01	3.152162e-03	97108.000000	0.000000e+00
1.956930e+01	9.799848e-01	3.180579e-03	94935.000000	0.000000e+00
1.959391e+01	9.832413e-01	3.221613e-03	93148.000000	0.000000e+00
1.961850e+01	9.873068e-01	3.284678e-03	90348.000000	0.000000e+00
1.964294e+01	9.970756e-01	3.366827e-03	87703.000000	0.000000e+00
1.966740e+01	9.963830e-01	3.396138e-03	86076.000000	0.000000e+00
1.969204e+01	1.003266e+00	3.453383e-03	84400.000000	0.000000e+00
1.971660e+01	1.007346e+00	3.532244e-03	81331.000000	0.000000e+00
1.974103e+01	1.012309e+00	3.591374e-03	79452.000000	0.000000e+00
1.976563e+01	1.016331e+00	3.635322e-03	78160.000000	0.000000e+00
1.979032e+01	1.021136e+00	3.710157e-03	75750.000000	0.000000e+00
1.981482e+01	1.026189e+00	3.794278e-03	73147.000000	0.000000e+00
1.983914e+01	1.027114e+00	3.859806e-03	70812.000000	0.000000e+00
1.986374e+01	1.032220e+00	3.883823e-03	70636.000000	0.000000e+00
1.988844e+01	1.038412e+00	3.994601e-03	67576.000000	0.000000e+00
1.991292e+01	1.044961e+00	4.075945e-03	65727.000000	0.000000e+00
1.993736e+01	1.050285e+00	4.160203e-03	63736.000000	0.000000e+00
1.996197e+01	1.061312e+00	4.238879e-03	62688.000000	0.000000e+00
1.998658e+01	1.062993e+00	4.330854e-03	60244.000000	0.000000e+00
2.001095e+01	1.063576e+00	4.413521e-03	58072.000000	0.000000e+00
2.003547e+01	1.066132e+00	4.448127e-03	57447.000000	0.000000e+00
2.006019e+01	1.079748e+00	4.587822e-03	55390.000000	0.000000e+00
2.008472e+01	1.085587e+00	4.699378e-03	53364.000000	0.000000e+00
2.010903e+01	1.097475e+00	4.846983e-03	51268.000000	0.000000e+00
2.013363e+01	1.091406e+00	4.826017e-03	51144.000000	0.000000e+00
2.015842e+01	1.103991e+00	4.998967e-03	48772.000000	0.000000e+00
2.018288e+01	1.111769e+00	5.137620e-03	46828.000000	0.000000e+00
2.020721e+01	1.112784e+00	5.224165e-03	45372.000000	0.000000e+00
2.023181e+01	1.117580e+00	5.295518e-03	44539.000000	0.000000e+00
2.025650e+01	1.121829e+00	5.427640e-03	42720.000000	0.000000e+00
2.028095e+01	1.121686e+00	5.543939e-03	40936.000000	0.000000e+00
2.030542e+01	1.149815e+00	5.750657e-03	39978.000000	0.000000e+00
2.033011e+01	1.148986e+00	5.847577e-03	38608.000000	0.000000e+00
2.035466e+01	1.148068e+00	5.977253e-03	36892.000000	0.000000e+00
2.037892e+01	1.176895e+00	6.272161e-03	35208.000000	0.000000e+00
2.040348e+01	1.169413e+00	6.248990e-03	35020.000000	0.000000e+00
2.042837e+01	1.174448e+00	6.428988e-03	33372.000000	0.000000e+00
2.045281e+01	1.191772e+00	6.723415e-03	31420.000000	0.000000e+00
2.047697e+01	1.218619e+00	6.995243e-03	30348.000000	0.000000e+00
2.050165e+01	1.204470e+00	6.949382e-03	30040.000000	0.000000e+00
2.052659e+01	1.218783e+00	7.215903e-03	28528.000000	0.000000e+00
2.055100e+01	1.246080e+00	7.637047e-03	26622.000000	0.000000e+00
2.057510e+01	1.247304e+00	7.768390e-03	25780.000000	0.000000e+00
2.059985e+01	1.253640e+00	7.857998e-03	25452.000000	0.000000e+00
2.062477e+01	1.252412e+00	8.087654e-03	23980.000000	0.000000e+00
2.064904e+01	1.249595e+00	8.385980e-03	22204.000000	0.000000e+00
2.067328e+01	1.273503e+00	8.600824e-03	21924.000000	0.000000e+00
2.069813e+01	1.288464e+00	8.880256e-03	21052.000000	0.000000e+00
2.072282e+01	1.295011e+00	9.220021e-03	19728.000000	0.000000e+00
2.074689e+01	1.311002e+00	9.686968e-03	18316.000000	0.000000e+00
2.077148e+01	1.310326e+00	9.627987e-03	18522.000000	0.000000e+00
2.079650e+01	1.332785e+00	1.020520e-02	17056.000000	0.000000e+00
2.082086e+01	1.348261e+00	1.069207e-02	15901.000000	0.000000e+00
2.084494e+01	1.350990e+00	1.098257e-02	15132.000000	0.000000e+00
2.086988e+01	1.351741e+00	1.103104e-02	15016.000000	0.000000e+00
2.089484e+01	1.383641e+00	1.188211e-02	13560.000000	0.000000e+00
2.091874e+01	1.409426e+00	1.263869e-02	12436.000000	0.000000e+00
2.094286e+01	1.422627e+00	1.282114e-02	12312.000000	0.000000e+00
2.096835e+01	1.418936e+00	1.294442e-02	12016.000000	0.000000e+00
2.099333e+01	1.427977e+00	1.399305e-02	10414.000000	0.000000e+00
2.101635e+01	1.428663e+00	1.483369e-02	9276.000000	0.000000e+00
2.104066e+01	1.483751e+00	1.486653e-02	9961.000000	0.000000e+00
2.106684e+01	1.481861e+00	1.542601e-02	9228.000000	0.000000e+00
2.109169e+01	1.491978e+00	1.696744e-02	7732.000000	0.000000e+00
2.111385e+01	1.508258e+00	1.834978e-02	6756.000000	0.000000e+00
2.113864e+01	1.498245e+00	1.701234e-02	7756.000000	0.000000e+00
2.116547e+01	1.543989e+00	1.869615e-02	6820.000000	0.000000e+00
2.118998e+01	1.567607e+00	2.141587e-02	5358.000000	0.000000e+00
2.121167e+01	1.565159e+00	2.215020e-02	4993.000000	0.000000e+00
2.123701e+01	1.627127e+00	2.190039e-02	5520.000000	0.000000e+00
2.126409e+01	1.620578e+00	2.341055e-02	4792.000000	0.000000e+00
2.128812e+01	1.681784e+00	2.869087e-02	3436.000000	0.000000e+00
2.130920e+01	1.607482e+00	2.724937e-02	3480.000000	0.000000e+00
2.133536e+01	1.667808e+00	2.734112e-02	3721.000000	0.000000e+00
2.136298e+01	1.677350e+00	2.997180e-02	3132.000000	0.000000e+00
2.138535e+01	1.758581e+00	4.175279e-02	1774.000000	0.000000e+00
2.140616e+01	1.716862e+00	3.495801e-02	2412.000000	0.000000e+00
2.143360e+01	1.768179e+00	3.759530e-02	2212.000000	0.000000e+00
2.146162e+01	1.777005e+00	4.146047e-02	1837.000000	0.000000e+00
2.148292e+01	1.749540e+00	6.124615e-02	816.000000	0.000000e+00
2.150387e+01	1.690766e+00	4.564640e-02	1372.000000	0.000000e+00
2.153200e+01	1.756875e+00	5.316546e-02	1092.000000	0.000000e+00
2.156014e+01	1.818674e+00	6.260133e-02	844.000000	0.000000e+00
2.158178e+01	1.887863e+00	1.025346e-01	339.000000	0.000000e+00
2.160234e+01	1.858972e+00	8.059666e-02	532.000000	0.000000e+00
2.163046e+01	1.989798e+00	1.042937e-01	364.000000	0.000000e+00
2.165853e+01	1.679771e+00	1.112455e-01	228.000000	0.000000e+00
2.168066e+01	1.820633e+00	2.130889e-01	73.000000	0.000000e+00
2.170037e+01	2.086823e+00	2.276911e-01	84.000000	0.000000e+00
2.172766e+01	1.700972e+00	3.214535e-01	28.000000	0.000000e+00
2.175143e+01	1.597466e+00	9.222973e-01	3.000000	0.000000e+00
