# [<k> (h/Mpc)]	[<P_0(k)> (Mpc/h)^3]	[ErrorBar (Mpc/h)^3]	nModes	[<P_2(k)> (Mpc/h)^3]
3.476422e-02	2.219292e+04	6.155209e+03	13.000000	0.000000e+00
5.890282e-02	9.179760e+03	1.597991e+03	33.000000	0.000000e+00
8.378087e-02	7.941494e+03	8.934879e+02	79.000000	0.000000e+00
1.087368e-01	4.261109e+03	3.939397e+02	117.000000	0.000000e+00
1.341836e-01	3.192290e+03	2.229592e+02	205.000000	0.000000e+00
1.581206e-01	2.580504e+03	1.683335e+02	235.000000	0.000000e+00
1.826843e-01	2.351725e+03	1.224259e+02	369.000000	0.000000e+00
2.073525e-01	1.948714e+03	9.364922e+01	433.000000	0.000000e+00
2.322407e-01	1.708521e+03	7.063864e+01	585.000000	0.000000e+00
2.568838e-01	1.416803e+03	5.437191e+01	679.000000	0.000000e+00
2.811185e-01	1.254280e+03	4.398953e+01	813.000000	0.000000e+00
3.057758e-01	1.099748e+03	3.504089e+01	985.000000	0.000000e+00
3.308750e-01	1.027953e+03	2.988691e+01	1183.000000	0.000000e+00
3.553459e-01	9.085983e+02	2.550593e+01	1269.000000	0.000000e+00
3.797184e-01	8.631264e+02	2.201595e+01	1537.000000	0.000000e+00
4.042043e-01	7.841801e+02	1.928765e+01	1653.000000	0.000000e+00
4.287408e-01	7.237467e+02	1.633528e+01	1963.000000	0.000000e+00
4.533372e-01	7.146824e+02	1.551825e+01	2121.000000	0.000000e+00
4.779960e-01	6.738338e+02	1.371747e+01	2413.000000	0.000000e+00
5.026630e-01	6.409423e+02	1.248615e+01	2635.000000	0.000000e+00
5.271488e-01	6.011237e+02	1.120712e+01	2877.000000	0.000000e+00
5.515428e-01	5.739376e+02	1.019538e+01	3169.000000	0.000000e+00
5.762241e-01	5.382614e+02	9.089194e+00	3507.000000	0.000000e+00
6.007286e-01	5.315621e+02	8.756595e+00	3685.000000	0.000000e+00
6.252569e-01	4.984498e+02	7.723497e+00	4165.000000	0.000000e+00
6.499966e-01	4.864969e+02	7.353461e+00	4377.000000	0.000000e+00
6.746858e-01	4.879145e+02	7.002436e+00	4855.000000	0.000000e+00
6.991271e-01	4.481942e+02	6.383911e+00	4929.000000	0.000000e+00
7.235757e-01	4.387417e+02	5.872904e+00	5581.000000	0.000000e+00
7.479714e-01	4.360284e+02	5.786005e+00	5679.000000	0.000000e+00
7.726133e-01	4.128772e+02	5.167024e+00	6385.000000	0.000000e+00
7.972413e-01	4.048856e+02	5.001638e+00	6553.000000	0.000000e+00
8.218513e-01	3.926165e+02	4.651319e+00	7125.000000	0.000000e+00
8.464491e-01	3.899716e+02	4.519000e+00	7447.000000	0.000000e+00
8.709767e-01	3.738939e+02	4.198935e+00	7929.000000	0.000000e+00
8.955547e-01	3.632624e+02	3.974653e+00	8353.000000	0.000000e+00
9.199772e-01	3.457007e+02	3.690428e+00	8775.000000	0.000000e+00
9.444963e-01	3.427653e+02	3.551829e+00	9313.000000	0.000000e+00
9.690846e-01	3.267296e+02	3.293585e+00	9841.000000	0.000000e+00
9.935517e-01	3.284299e+02	3.253377e+00	10191.000000	0.000000e+00
1.018099e+00	3.137368e+02	3.005467e+00	10897.000000	0.000000e+00
1.042679e+00	3.102337e+02	2.918304e+00	11301.000000	0.000000e+00
1.067353e+00	3.002164e+02	2.737737e+00	12025.000000	0.000000e+00
1.092004e+00	2.944423e+02	2.641721e+00	12423.000000	0.000000e+00
1.116549e+00	2.894185e+02	2.536320e+00	13021.000000	0.000000e+00
1.140967e+00	2.832111e+02	2.446115e+00	13405.000000	0.000000e+00
1.165410e+00	2.794525e+02	2.341242e+00	14247.000000	0.000000e+00
1.189942e+00	2.691270e+02	2.223279e+00	14653.000000	0.000000e+00
1.214340e+00	2.635670e+02	2.128519e+00	15333.000000	0.000000e+00
1.238824e+00	2.597209e+02	2.056555e+00	15949.000000	0.000000e+00
1.263616e+00	2.561583e+02	1.961244e+00	17059.000000	0.000000e+00
1.288278e+00	2.499135e+02	1.911304e+00	17097.000000	0.000000e+00
1.312698e+00	2.447336e+02	1.825913e+00	17965.000000	0.000000e+00
1.337129e+00	2.371802e+02	1.742324e+00	18531.000000	0.000000e+00
1.361846e+00	2.371586e+02	1.691016e+00	19669.000000	0.000000e+00
1.386459e+00	2.290093e+02	1.623689e+00	19893.000000	0.000000e+00
1.410760e+00	2.284312e+02	1.596017e+00	20485.000000	0.000000e+00
1.435294e+00	2.238950e+02	1.518115e+00	21751.000000	0.000000e+00
1.459966e+00	2.168223e+02	1.454921e+00	22209.000000	0.000000e+00
1.484553e+00	2.152381e+02	1.417974e+00	23041.000000	0.000000e+00
1.509059e+00	2.100157e+02	1.364458e+00	23691.000000	0.000000e+00
1.533565e+00	2.064493e+02	1.320115e+00	24457.000000	0.000000e+00
1.558284e+00	2.005346e+02	1.248547e+00	25797.000000	0.000000e+00
1.582818e+00	1.978358e+02	1.235822e+00	25627.000000	0.000000e+00
1.607259e+00	1.935901e+02	1.173446e+00	27217.000000	0.000000e+00
1.631809e+00	1.906734e+02	1.148781e+00	27549.000000	0.000000e+00
1.656366e+00	1.876704e+02	1.105609e+00	28813.000000	0.000000e+00
1.680925e+00	1.863944e+02	1.087907e+00	29355.000000	0.000000e+00
1.705257e+00	1.800298e+02	1.040843e+00	29917.000000	0.000000e+00
1.729806e+00	1.787544e+02	1.004730e+00	31653.000000	0.000000e+00
1.754462e+00	1.743431e+02	9.753547e-01	31951.000000	0.000000e+00
1.778992e+00	1.691239e+02	9.301373e-01	33061.000000	0.000000e+00
1.803411e+00	1.677982e+02	9.154553e-01	33597.000000	0.000000e+00
1.827963e+00	1.637391e+02	8.727696e-01	35197.000000	0.000000e+00
1.852647e+00	1.619064e+02	8.554272e-01	35823.000000	0.000000e+00
1.877249e+00	1.585001e+02	8.245714e-01	36949.000000	0.000000e+00
1.901733e+00	1.559578e+02	8.074213e-01	37309.000000	0.000000e+00
1.926241e+00	1.534890e+02	7.764754e-01	39075.000000	0.000000e+00
1.950830e+00	1.517438e+02	7.647365e-01	39373.000000	0.000000e+00
1.975308e+00	1.497533e+02	7.410896e-01	40833.000000	0.000000e+00
1.999729e+00	1.472551e+02	7.254474e-01	41203.000000	0.000000e+00
2.024419e+00	1.417354e+02	6.780977e-01	43689.000000	0.000000e+00
2.049126e+00	1.409574e+02	6.757382e-01	43513.000000	0.000000e+00
2.073508e+00	1.388916e+02	6.588758e-01	44437.000000	0.000000e+00
2.097846e+00	1.374419e+02	6.432709e-01	45651.000000	0.000000e+00
2.122473e+00	1.351073e+02	6.200129e-01	47485.000000	0.000000e+00
2.147106e+00	1.317386e+02	6.015462e-01	47961.000000	0.000000e+00
2.171601e+00	1.303319e+02	5.878985e-01	49147.000000	0.000000e+00
2.196158e+00	1.290479e+02	5.752533e-01	50325.000000	0.000000e+00
2.220735e+00	1.267545e+02	5.577409e-01	51649.000000	0.000000e+00
2.245251e+00	1.257485e+02	5.506343e-01	52153.000000	0.000000e+00
2.269729e+00	1.228445e+02	5.289176e-01	53943.000000	0.000000e+00
2.294271e+00	1.200252e+02	5.132047e-01	54697.000000	0.000000e+00
2.318928e+00	1.190259e+02	4.996635e-01	56745.000000	0.000000e+00
2.343538e+00	1.163271e+02	4.872108e-01	57007.000000	0.000000e+00
2.368026e+00	1.146716e+02	4.742670e-01	58461.000000	0.000000e+00
2.392423e+00	1.132192e+02	4.659544e-01	59041.000000	0.000000e+00
2.416863e+00	1.115453e+02	4.515783e-01	61015.000000	0.000000e+00
2.441509e+00	1.097934e+02	4.386932e-01	62637.000000	0.000000e+00
2.466080e+00	1.087829e+02	4.328213e-01	63169.000000	0.000000e+00
2.490575e+00	1.063858e+02	4.185530e-01	64605.000000	0.000000e+00
2.515186e+00	1.043118e+02	4.045435e-01	66487.000000	0.000000e+00
2.539777e+00	1.026467e+02	3.964611e-01	67033.000000	0.000000e+00
2.564215e+00	1.018445e+02	3.898656e-01	68241.000000	0.000000e+00
2.588707e+00	9.985664e+01	3.774469e-01	69991.000000	0.000000e+00
2.613337e+00	9.876989e+01	3.693655e-01	71505.000000	0.000000e+00
2.637925e+00	9.713327e+01	3.602250e-01	72709.000000	0.000000e+00
2.662420e+00	9.566498e+01	3.529304e-01	73473.000000	0.000000e+00
2.686963e+00	9.425289e+01	3.424255e-01	75763.000000	0.000000e+00
2.711515e+00	9.257870e+01	3.352431e-01	76261.000000	0.000000e+00
2.735982e+00	9.164041e+01	3.281568e-01	77985.000000	0.000000e+00
2.760573e+00	9.081272e+01	3.210494e-01	80011.000000	0.000000e+00
2.785237e+00	8.851353e+01	3.109876e-01	81009.000000	0.000000e+00
2.809671e+00	8.780268e+01	3.073690e-01	81601.000000	0.000000e+00
2.834151e+00	8.638118e+01	2.978998e-01	84081.000000	0.000000e+00
2.858722e+00	8.538359e+01	2.925898e-01	85159.000000	0.000000e+00
2.883250e+00	8.339738e+01	2.832895e-01	86665.000000	0.000000e+00
2.907819e+00	8.293383e+01	2.790298e-01	88341.000000	0.000000e+00
2.932335e+00	8.219273e+01	2.747722e-01	89479.000000	0.000000e+00
2.956914e+00	8.056600e+01	2.663124e-01	91521.000000	0.000000e+00
2.981449e+00	7.972705e+01	2.622473e-01	92425.000000	0.000000e+00
3.005876e+00	7.912130e+01	2.586451e-01	93579.000000	0.000000e+00
3.030403e+00	7.792034e+01	2.510935e-01	96301.000000	0.000000e+00
3.055041e+00	7.652911e+01	2.448922e-01	97657.000000	0.000000e+00
3.079692e+00	7.533160e+01	2.389458e-01	99393.000000	0.000000e+00
3.104241e+00	7.454935e+01	2.355162e-01	100195.000000	0.000000e+00
3.128710e+00	7.399633e+01	2.320227e-01	101709.000000	0.000000e+00
3.153123e+00	7.239593e+01	2.255544e-01	103021.000000	0.000000e+00
3.177619e+00	7.194045e+01	2.213741e-01	105607.000000	0.000000e+00
3.202185e+00	7.078328e+01	2.165842e-01	106809.000000	0.000000e+00
3.226708e+00	7.000069e+01	2.124034e-01	108613.000000	0.000000e+00
3.251321e+00	6.874647e+01	2.065465e-01	110781.000000	0.000000e+00
3.275882e+00	6.776710e+01	2.028164e-01	111643.000000	0.000000e+00
3.300393e+00	6.730127e+01	1.996262e-01	113661.000000	0.000000e+00
3.324955e+00	6.635913e+01	1.954607e-01	115261.000000	0.000000e+00
3.349528e+00	6.565196e+01	1.915468e-01	117475.000000	0.000000e+00
3.374087e+00	6.520303e+01	1.895013e-01	118389.000000	0.000000e+00
3.398541e+00	6.397816e+01	1.846790e-01	120013.000000	0.000000e+00
3.423011e+00	6.325205e+01	1.811651e-01	121899.000000	0.000000e+00
3.447546e+00	6.233014e+01	1.769222e-01	124117.000000	0.000000e+00
3.472176e+00	6.170178e+01	1.733654e-01	126669.000000	0.000000e+00
3.496772e+00	6.091644e+01	1.709619e-01	126961.000000	0.000000e+00
3.521302e+00	6.015778e+01	1.669151e-01	129895.000000	0.000000e+00
3.545845e+00	5.973493e+01	1.653819e-01	130461.000000	0.000000e+00
3.570351e+00	5.892291e+01	1.613745e-01	133321.000000	0.000000e+00
3.594817e+00	5.817317e+01	1.591410e-01	133623.000000	0.000000e+00
3.619340e+00	5.729969e+01	1.545747e-01	137413.000000	0.000000e+00
3.643921e+00	5.680371e+01	1.527771e-01	138241.000000	0.000000e+00
3.668501e+00	5.594838e+01	1.490178e-01	140961.000000	0.000000e+00
3.693083e+00	5.519312e+01	1.463360e-01	142255.000000	0.000000e+00
3.717636e+00	5.487529e+01	1.445263e-01	144165.000000	0.000000e+00
3.742123e+00	5.401116e+01	1.416601e-01	145369.000000	0.000000e+00
3.766623e+00	5.352138e+01	1.390325e-01	148191.000000	0.000000e+00
3.791211e+00	5.276661e+01	1.361552e-01	150193.000000	0.000000e+00
3.815740e+00	5.237328e+01	1.345663e-01	151477.000000	0.000000e+00
3.840250e+00	5.164804e+01	1.317145e-01	153759.000000	0.000000e+00
3.864816e+00	5.119027e+01	1.295558e-01	156121.000000	0.000000e+00
3.889416e+00	5.057554e+01	1.271445e-01	158229.000000	0.000000e+00
3.913984e+00	5.004442e+01	1.252626e-01	159613.000000	0.000000e+00
3.938439e+00	4.950380e+01	1.234317e-01	160851.000000	0.000000e+00
3.962856e+00	4.909052e+01	1.216107e-01	162949.000000	0.000000e+00
3.987408e+00	4.836434e+01	1.183989e-01	166861.000000	0.000000e+00
4.011951e+00	4.803330e+01	1.175583e-01	166947.000000	0.000000e+00
4.036502e+00	4.734643e+01	1.145597e-01	170809.000000	0.000000e+00
4.061101e+00	4.690178e+01	1.130767e-01	172041.000000	0.000000e+00
4.085632e+00	4.657245e+01	1.117102e-01	173809.000000	0.000000e+00
4.110226e+00	4.591541e+01	1.090215e-01	177375.000000	0.000000e+00
4.134760e+00	4.550870e+01	1.081773e-01	176977.000000	0.000000e+00
4.159247e+00	4.507034e+01	1.059880e-01	180829.000000	0.000000e+00
4.183807e+00	4.448118e+01	1.040989e-01	182583.000000	0.000000e+00
4.208321e+00	4.409386e+01	1.027650e-01	184105.000000	0.000000e+00
4.232839e+00	4.356118e+01	1.006558e-01	187293.000000	0.000000e+00
4.257376e+00	4.305858e+01	9.922044e-02	188329.000000	0.000000e+00
4.281944e+00	4.274825e+01	9.744470e-02	192451.000000	0.000000e+00
4.306505e+00	4.264906e+01	9.718478e-02	192585.000000	0.000000e+00
4.331033e+00	4.163363e+01	9.401273e-02	196117.000000	0.000000e+00
4.355617e+00	4.143533e+01	9.307035e-02	198207.000000	0.000000e+00
4.380161e+00	4.101905e+01	9.181394e-02	199597.000000	0.000000e+00
4.404676e+00	4.070823e+01	9.044999e-02	202557.000000	0.000000e+00
4.429249e+00	4.021354e+01	8.885001e-02	204847.000000	0.000000e+00
4.453772e+00	3.973705e+01	8.747881e-02	206341.000000	0.000000e+00
4.478282e+00	3.942162e+01	8.618586e-02	209217.000000	0.000000e+00
4.502777e+00	3.911730e+01	8.525849e-02	210505.000000	0.000000e+00
4.527289e+00	3.872989e+01	8.366354e-02	214299.000000	0.000000e+00
4.551889e+00	3.819822e+01	8.208220e-02	216565.000000	0.000000e+00
4.576426e+00	3.783810e+01	8.107360e-02	217821.000000	0.000000e+00
4.600893e+00	3.754832e+01	8.002873e-02	220135.000000	0.000000e+00
4.625467e+00	3.728111e+01	7.871716e-02	224305.000000	0.000000e+00
4.650035e+00	3.682205e+01	7.764271e-02	224913.000000	0.000000e+00
4.674541e+00	3.643444e+01	7.634758e-02	227737.000000	0.000000e+00
4.699104e+00	3.602343e+01	7.497806e-02	230835.000000	0.000000e+00
4.723670e+00	3.581030e+01	7.422291e-02	232777.000000	0.000000e+00
4.748182e+00	3.545634e+01	7.323737e-02	234381.000000	0.000000e+00
4.772682e+00	3.506454e+01	7.192745e-02	237655.000000	0.000000e+00
4.797203e+00	3.487128e+01	7.128220e-02	239317.000000	0.000000e+00
4.821755e+00	3.442499e+01	6.975757e-02	243537.000000	0.000000e+00
4.846361e+00	3.410925e+01	6.887920e-02	245227.000000	0.000000e+00
4.870915e+00	3.376690e+01	6.790572e-02	247269.000000	0.000000e+00
4.895426e+00	3.355618e+01	6.716276e-02	249625.000000	0.000000e+00
4.919952e+00	3.318048e+01	6.605294e-02	252337.000000	0.000000e+00
4.944496e+00	3.302046e+01	6.534684e-02	255339.000000	0.000000e+00
4.969013e+00	3.258947e+01	6.435218e-02	256465.000000	0.000000e+00
4.993562e+00	3.237947e+01	6.334648e-02	261273.000000	0.000000e+00
5.018138e+00	3.207117e+01	6.262432e-02	262267.000000	0.000000e+00
5.042642e+00	3.176273e+01	6.173856e-02	264681.000000	0.000000e+00
5.067215e+00	3.145995e+01	6.064710e-02	269089.000000	0.000000e+00
5.091775e+00	3.117123e+01	6.006107e-02	269353.000000	0.000000e+00
5.116309e+00	3.086351e+01	5.895793e-02	274035.000000	0.000000e+00
5.140838e+00	3.066265e+01	5.854882e-02	274273.000000	0.000000e+00
5.165333e+00	3.022756e+01	5.727661e-02	278517.000000	0.000000e+00
5.189818e+00	3.011525e+01	5.696956e-02	279439.000000	0.000000e+00
5.214351e+00	2.974119e+01	5.573412e-02	284757.000000	0.000000e+00
5.238947e+00	2.961892e+01	5.534506e-02	286405.000000	0.000000e+00
5.263479e+00	2.931276e+01	5.457157e-02	288523.000000	0.000000e+00
5.288002e+00	2.910514e+01	5.389315e-02	291657.000000	0.000000e+00
5.312546e+00	2.881447e+01	5.310820e-02	294373.000000	0.000000e+00
5.337121e+00	2.857973e+01	5.236939e-02	297825.000000	0.000000e+00
5.361672e+00	2.828471e+01	5.169481e-02	299371.000000	0.000000e+00
5.386196e+00	2.798073e+01	5.086455e-02	302613.000000	0.000000e+00
5.410715e+00	2.784741e+01	5.045408e-02	304633.000000	0.000000e+00
5.435244e+00	2.758967e+01	4.967065e-02	308527.000000	0.000000e+00
5.459823e+00	2.741027e+01	4.912259e-02	311361.000000	0.000000e+00
5.484389e+00	2.713500e+01	4.841670e-02	314101.000000	0.000000e+00
5.508889e+00	2.685353e+01	4.786452e-02	314757.000000	0.000000e+00
5.533464e+00	2.666934e+01	4.698869e-02	322135.000000	0.000000e+00
5.558036e+00	2.646802e+01	4.678016e-02	320125.000000	0.000000e+00
5.582484e+00	2.625059e+01	4.607090e-02	324657.000000	0.000000e+00
5.606956e+00	2.598568e+01	4.548187e-02	326431.000000	0.000000e+00
5.631560e+00	2.578752e+01	4.464684e-02	333609.000000	0.000000e+00
5.656168e+00	2.558387e+01	4.433468e-02	333001.000000	0.000000e+00
5.680698e+00	2.540583e+01	4.378332e-02	336705.000000	0.000000e+00
5.705204e+00	2.513045e+01	4.319739e-02	338443.000000	0.000000e+00
5.729704e+00	2.496927e+01	4.268526e-02	342181.000000	0.000000e+00
5.754232e+00	2.470879e+01	4.205771e-02	345153.000000	0.000000e+00
5.778772e+00	2.452525e+01	4.153726e-02	348619.000000	0.000000e+00
5.803342e+00	2.428483e+01	4.096531e-02	351429.000000	0.000000e+00
5.827902e+00	2.408914e+01	4.044690e-02	354709.000000	0.000000e+00
5.852409e+00	2.400892e+01	4.024949e-02	355815.000000	0.000000e+00
5.876957e+00	2.378023e+01	3.953954e-02	361717.000000	0.000000e+00
5.901534e+00	2.364979e+01	3.926148e-02	362845.000000	0.000000e+00
5.926030e+00	2.346917e+01	3.883681e-02	365181.000000	0.000000e+00
5.950548e+00	2.328549e+01	3.828903e-02	369847.000000	0.000000e+00
5.975137e+00	2.302432e+01	3.769109e-02	373161.000000	0.000000e+00
5.999657e+00	2.291343e+01	3.747323e-02	373885.000000	0.000000e+00
6.024161e+00	2.272843e+01	3.691962e-02	378987.000000	0.000000e+00
6.048714e+00	2.258675e+01	3.657913e-02	381277.000000	0.000000e+00
6.073267e+00	2.233070e+01	3.596690e-02	385477.000000	0.000000e+00
6.097868e+00	2.222283e+01	3.563783e-02	388845.000000	0.000000e+00
6.122369e+00	2.202289e+01	3.532763e-02	388615.000000	0.000000e+00
6.146867e+00	2.177421e+01	3.464154e-02	395085.000000	0.000000e+00
6.171452e+00	2.170838e+01	3.443689e-02	397381.000000	0.000000e+00
6.195974e+00	2.151230e+01	3.401942e-02	399871.000000	0.000000e+00
6.220444e+00	2.132442e+01	3.365412e-02	401493.000000	0.000000e+00
6.244986e+00	2.113431e+01	3.304911e-02	408937.000000	0.000000e+00
6.269588e+00	2.102173e+01	3.283880e-02	409791.000000	0.000000e+00
6.294124e+00	2.082172e+01	3.239907e-02	413017.000000	0.000000e+00
6.318633e+00	2.069774e+01	3.209971e-02	415761.000000	0.000000e+00
6.343202e+00	2.057281e+01	3.171189e-02	420865.000000	0.000000e+00
6.367770e+00	2.039722e+01	3.137043e-02	422767.000000	0.000000e+00
6.392288e+00	2.025098e+01	3.104821e-02	425421.000000	0.000000e+00
6.416837e+00	2.011869e+01	3.066200e-02	430525.000000	0.000000e+00
6.441383e+00	1.993372e+01	3.033735e-02	431739.000000	0.000000e+00
6.465913e+00	1.987091e+01	3.007552e-02	436525.000000	0.000000e+00
6.490433e+00	1.970361e+01	2.975993e-02	438357.000000	0.000000e+00
6.514946e+00	1.952919e+01	2.936203e-02	442381.000000	0.000000e+00
6.539518e+00	1.939211e+01	2.898678e-02	447559.000000	0.000000e+00
6.564059e+00	1.927406e+01	2.880446e-02	447741.000000	0.000000e+00
6.588587e+00	1.911094e+01	2.836772e-02	453853.000000	0.000000e+00
6.613110e+00	1.904650e+01	2.825408e-02	454431.000000	0.000000e+00
6.637622e+00	1.885077e+01	2.779512e-02	459961.000000	0.000000e+00
6.662172e+00	1.873981e+01	2.754756e-02	462769.000000	0.000000e+00
6.686693e+00	1.861405e+01	2.727472e-02	465759.000000	0.000000e+00
6.711227e+00	1.844680e+01	2.690865e-02	469957.000000	0.000000e+00
6.735777e+00	1.832120e+01	2.662580e-02	473481.000000	0.000000e+00
6.760323e+00	1.818591e+01	2.635237e-02	476245.000000	0.000000e+00
6.784855e+00	1.804453e+01	2.603682e-02	480303.000000	0.000000e+00
6.809427e+00	1.790644e+01	2.572347e-02	484573.000000	0.000000e+00
6.833979e+00	1.784673e+01	2.558706e-02	486493.000000	0.000000e+00
6.858503e+00	1.774569e+01	2.533520e-02	490611.000000	0.000000e+00
6.883055e+00	1.756681e+01	2.498683e-02	494269.000000	0.000000e+00
6.907584e+00	1.747494e+01	2.478086e-02	497277.000000	0.000000e+00
6.932134e+00	1.732251e+01	2.445656e-02	501685.000000	0.000000e+00
6.956669e+00	1.722214e+01	2.425569e-02	504135.000000	0.000000e+00
6.981221e+00	1.708453e+01	2.394311e-02	509149.000000	0.000000e+00
7.005753e+00	1.698780e+01	2.377311e-02	510625.000000	0.000000e+00
7.030233e+00	1.686172e+01	2.350894e-02	514443.000000	0.000000e+00
7.054782e+00	1.676799e+01	2.325228e-02	520033.000000	0.000000e+00
7.079343e+00	1.666616e+01	2.305008e-02	522789.000000	0.000000e+00
7.103883e+00	1.648837e+01	2.273428e-02	526009.000000	0.000000e+00
7.128424e+00	1.639792e+01	2.251418e-02	530475.000000	0.000000e+00
7.152965e+00	1.634582e+01	2.238958e-02	532993.000000	0.000000e+00
7.177501e+00	1.621588e+01	2.211768e-02	537529.000000	0.000000e+00
7.202013e+00	1.611971e+01	2.194242e-02	539691.000000	0.000000e+00
7.226577e+00	1.600797e+01	2.165143e-02	546637.000000	0.000000e+00
7.251125e+00	1.587140e+01	2.146045e-02	546957.000000	0.000000e+00
7.275651e+00	1.580273e+01	2.125715e-02	552655.000000	0.000000e+00
7.300226e+00	1.568100e+01	2.101699e-02	556681.000000	0.000000e+00
7.324759e+00	1.555679e+01	2.081651e-02	558501.000000	0.000000e+00
7.349299e+00	1.549077e+01	2.062335e-02	564193.000000	0.000000e+00
7.373825e+00	1.538399e+01	2.045658e-02	565551.000000	0.000000e+00
7.398312e+00	1.523119e+01	2.017716e-02	569833.000000	0.000000e+00
7.422892e+00	1.520075e+01	2.000464e-02	577389.000000	0.000000e+00
7.447442e+00	1.506742e+01	1.984736e-02	576331.000000	0.000000e+00
7.471956e+00	1.500313e+01	1.965180e-02	582853.000000	0.000000e+00
7.496499e+00	1.486567e+01	1.942110e-02	585897.000000	0.000000e+00
7.521014e+00	1.479588e+01	1.928488e-02	588637.000000	0.000000e+00
7.545557e+00	1.468209e+01	1.902996e-02	595251.000000	0.000000e+00
7.570086e+00	1.464470e+01	1.897196e-02	595849.000000	0.000000e+00
7.594613e+00	1.450952e+01	1.869664e-02	602253.000000	0.000000e+00
7.619172e+00	1.443594e+01	1.854632e-02	605863.000000	0.000000e+00
7.643756e+00	1.434094e+01	1.834856e-02	610873.000000	0.000000e+00
7.668263e+00	1.422477e+01	1.820769e-02	610353.000000	0.000000e+00
7.692777e+00	1.416522e+01	1.801008e-02	618607.000000	0.000000e+00
7.717371e+00	1.406815e+01	1.783516e-02	622185.000000	0.000000e+00
7.741929e+00	1.397590e+01	1.767493e-02	625237.000000	0.000000e+00
7.766457e+00	1.388180e+01	1.751685e-02	628029.000000	0.000000e+00
7.790953e+00	1.383888e+01	1.740809e-02	631975.000000	0.000000e+00
7.815489e+00	1.372333e+01	1.718743e-02	637525.000000	0.000000e+00
7.840050e+00	1.365750e+01	1.704785e-02	641805.000000	0.000000e+00
7.864588e+00	1.359060e+01	1.693117e-02	644323.000000	0.000000e+00
7.889126e+00	1.348009e+01	1.672786e-02	649389.000000	0.000000e+00
7.913643e+00	1.340687e+01	1.660736e-02	651709.000000	0.000000e+00
7.938181e+00	1.331818e+01	1.641459e-02	658309.000000	0.000000e+00
7.962760e+00	1.321597e+01	1.623570e-02	662607.000000	0.000000e+00
7.987311e+00	1.317378e+01	1.616400e-02	664237.000000	0.000000e+00
8.011811e+00	1.305352e+01	1.596924e-02	668169.000000	0.000000e+00
8.036325e+00	1.299145e+01	1.582893e-02	673615.000000	0.000000e+00
8.060868e+00	1.290823e+01	1.568066e-02	677649.000000	0.000000e+00
8.085446e+00	1.283144e+01	1.551606e-02	683893.000000	0.000000e+00
8.109989e+00	1.276842e+01	1.543972e-02	683905.000000	0.000000e+00
8.134471e+00	1.267569e+01	1.527246e-02	688851.000000	0.000000e+00
8.159038e+00	1.261449e+01	1.510756e-02	697189.000000	0.000000e+00
8.183598e+00	1.251740e+01	1.500140e-02	696249.000000	0.000000e+00
8.208073e+00	1.245242e+01	1.486868e-02	701395.000000	0.000000e+00
8.232590e+00	1.235709e+01	1.470147e-02	706497.000000	0.000000e+00
8.257144e+00	1.229902e+01	1.457282e-02	712285.000000	0.000000e+00
8.281710e+00	1.223560e+01	1.446342e-02	715663.000000	0.000000e+00
8.306271e+00	1.214960e+01	1.431788e-02	720057.000000	0.000000e+00
8.330826e+00	1.207277e+01	1.418281e-02	724585.000000	0.000000e+00
8.355374e+00	1.204136e+01	1.411990e-02	727257.000000	0.000000e+00
8.379901e+00	1.195102e+01	1.396179e-02	732703.000000	0.000000e+00
8.404418e+00	1.187882e+01	1.385735e-02	734829.000000	0.000000e+00
8.428928e+00	1.181731e+01	1.373096e-02	740689.000000	0.000000e+00
8.453504e+00	1.175124e+01	1.358748e-02	747979.000000	0.000000e+00
8.478051e+00	1.166163e+01	1.349294e-02	746973.000000	0.000000e+00
8.502580e+00	1.161125e+01	1.335113e-02	756349.000000	0.000000e+00
8.527138e+00	1.155137e+01	1.327978e-02	756633.000000	0.000000e+00
8.551634e+00	1.149042e+01	1.316657e-02	761599.000000	0.000000e+00
8.576156e+00	1.141290e+01	1.303015e-02	767173.000000	0.000000e+00
8.600697e+00	1.137077e+01	1.294760e-02	771261.000000	0.000000e+00
8.625259e+00	1.130210e+01	1.281738e-02	777535.000000	0.000000e+00
8.649836e+00	1.126244e+01	1.274703e-02	780633.000000	0.000000e+00
8.674376e+00	1.119388e+01	1.263633e-02	784729.000000	0.000000e+00
8.698927e+00	1.110866e+01	1.250022e-02	789747.000000	0.000000e+00
8.723450e+00	1.104511e+01	1.241186e-02	791893.000000	0.000000e+00
8.747957e+00	1.099249e+01	1.230786e-02	797677.000000	0.000000e+00
8.772521e+00	1.092198e+01	1.217748e-02	804429.000000	0.000000e+00
8.797047e+00	1.086288e+01	1.211079e-02	804535.000000	0.000000e+00
8.821541e+00	1.082886e+01	1.202568e-02	810861.000000	0.000000e+00
8.846076e+00	1.075960e+01	1.190870e-02	816325.000000	0.000000e+00
8.870641e+00	1.069270e+01	1.179088e-02	822399.000000	0.000000e+00
8.895170e+00	1.064805e+01	1.174089e-02	822505.000000	0.000000e+00
8.919713e+00	1.059744e+01	1.161363e-02	832657.000000	0.000000e+00
8.944263e+00	1.053644e+01	1.155230e-02	831861.000000	0.000000e+00
8.968772e+00	1.046530e+01	1.142310e-02	839335.000000	0.000000e+00
8.993334e+00	1.041805e+01	1.133535e-02	844701.000000	0.000000e+00
9.017895e+00	1.035956e+01	1.125013e-02	847945.000000	0.000000e+00
9.042430e+00	1.032319e+01	1.117792e-02	852915.000000	0.000000e+00
9.066970e+00	1.026037e+01	1.108475e-02	856789.000000	0.000000e+00
9.091538e+00	1.023681e+01	1.100732e-02	864901.000000	0.000000e+00
9.116063e+00	1.015853e+01	1.093863e-02	862455.000000	0.000000e+00
9.140573e+00	1.007592e+01	1.078098e-02	873481.000000	0.000000e+00
9.165140e+00	1.005024e+01	1.073900e-02	875841.000000	0.000000e+00
9.189653e+00	1.000246e+01	1.067024e-02	878749.000000	0.000000e+00
9.214176e+00	9.963694e+00	1.058228e-02	886507.000000	0.000000e+00
9.238722e+00	9.884267e+00	1.048239e-02	889137.000000	0.000000e+00
9.263252e+00	9.836221e+00	1.039597e-02	895213.000000	0.000000e+00
9.287810e+00	9.795714e+00	1.032179e-02	900663.000000	0.000000e+00
9.312363e+00	9.752146e+00	1.025542e-02	904261.000000	0.000000e+00
9.336898e+00	9.708985e+00	1.018272e-02	909117.000000	0.000000e+00
9.361428e+00	9.643633e+00	1.009300e-02	912937.000000	0.000000e+00
9.385969e+00	9.612186e+00	1.002134e-02	920011.000000	0.000000e+00
9.410496e+00	9.552402e+00	9.952314e-03	921249.000000	0.000000e+00
9.435027e+00	9.494215e+00	9.844910e-03	930025.000000	0.000000e+00
9.459577e+00	9.457653e+00	9.794988e-03	932307.000000	0.000000e+00
9.484080e+00	9.430551e+00	9.748127e-03	935905.000000	0.000000e+00
9.508599e+00	9.371244e+00	9.645870e-03	943869.000000	0.000000e+00
9.533177e+00	9.314210e+00	9.558870e-03	949465.000000	0.000000e+00
9.557740e+00	9.264680e+00	9.491230e-03	952831.000000	0.000000e+00
9.582283e+00	9.231400e+00	9.433218e-03	957669.000000	0.000000e+00
9.606825e+00	9.197359e+00	9.375182e-03	962425.000000	0.000000e+00
9.631356e+00	9.123508e+00	9.277825e-03	967011.000000	0.000000e+00
9.655881e+00	9.095729e+00	9.228994e-03	971329.000000	0.000000e+00
9.680426e+00	9.058398e+00	9.156172e-03	978757.000000	0.000000e+00
9.704942e+00	9.010854e+00	9.107380e-03	978915.000000	0.000000e+00
9.729497e+00	8.967171e+00	9.005194e-03	991573.000000	0.000000e+00
9.754046e+00	8.955429e+00	9.004981e-03	989025.000000	0.000000e+00
9.778535e+00	8.889111e+00	8.908334e-03	995689.000000	0.000000e+00
9.803103e+00	8.842242e+00	8.814052e-03	1006407.000000	0.000000e+00
9.827649e+00	8.812157e+00	8.797666e-03	1003297.000000	0.000000e+00
9.852180e+00	8.756611e+00	8.689213e-03	1015573.000000	0.000000e+00
9.876731e+00	8.713589e+00	8.648303e-03	1015155.000000	0.000000e+00
9.901284e+00	8.688483e+00	8.581349e-03	1025125.000000	0.000000e+00
9.925835e+00	8.625243e+00	8.514321e-03	1026225.000000	0.000000e+00
9.950350e+00	8.615622e+00	8.483507e-03	1031389.000000	0.000000e+00
9.974902e+00	8.559251e+00	8.392814e-03	1040055.000000	0.000000e+00
9.999429e+00	8.531571e+00	8.369979e-03	1038985.000000	0.000000e+00
1.002392e+01	8.489863e+00	8.294454e-03	1047673.000000	0.000000e+00
1.004849e+01	8.465323e+00	8.239902e-03	1055463.000000	0.000000e+00
1.007303e+01	8.412510e+00	8.185758e-03	1056169.000000	0.000000e+00
1.009756e+01	8.390213e+00	8.132079e-03	1064493.000000	0.000000e+00
1.012209e+01	8.353670e+00	8.088648e-03	1066603.000000	0.000000e+00
1.014664e+01	8.332474e+00	8.031827e-03	1076265.000000	0.000000e+00
1.017120e+01	8.277171e+00	7.970689e-03	1078381.000000	0.000000e+00
1.019572e+01	8.245997e+00	7.925822e-03	1082425.000000	0.000000e+00
1.022025e+01	8.202748e+00	7.855169e-03	1090455.000000	0.000000e+00
1.024479e+01	8.175642e+00	7.818471e-03	1093453.000000	0.000000e+00
1.026933e+01	8.131644e+00	7.752031e-03	1100337.000000	0.000000e+00
1.029386e+01	8.096424e+00	7.704778e-03	1104247.000000	0.000000e+00
1.031842e+01	8.070331e+00	7.652615e-03	1112149.000000	0.000000e+00
1.034296e+01	8.043471e+00	7.617876e-03	1114857.000000	0.000000e+00
1.036749e+01	7.999986e+00	7.559165e-03	1120033.000000	0.000000e+00
1.039203e+01	7.972409e+00	7.507646e-03	1127643.000000	0.000000e+00
1.041655e+01	7.938139e+00	7.473074e-03	1128337.000000	0.000000e+00
1.044111e+01	7.922403e+00	7.414714e-03	1141629.000000	0.000000e+00
1.046570e+01	7.867508e+00	7.361680e-03	1142143.000000	0.000000e+00
1.049021e+01	7.842157e+00	7.329205e-03	1144873.000000	0.000000e+00
1.051473e+01	7.811637e+00	7.271221e-03	1154169.000000	0.000000e+00
1.053925e+01	7.782841e+00	7.241751e-03	1155019.000000	0.000000e+00
1.056380e+01	7.750311e+00	7.170840e-03	1168149.000000	0.000000e+00
1.058835e+01	7.735595e+00	7.161848e-03	1166641.000000	0.000000e+00
1.061283e+01	7.705465e+00	7.121304e-03	1170789.000000	0.000000e+00
1.063739e+01	7.666550e+00	7.040567e-03	1185727.000000	0.000000e+00
1.066197e+01	7.633064e+00	7.014733e-03	1184065.000000	0.000000e+00
1.068650e+01	7.617298e+00	6.978472e-03	1191465.000000	0.000000e+00
1.071103e+01	7.589570e+00	6.944233e-03	1194499.000000	0.000000e+00
1.073555e+01	7.545103e+00	6.882176e-03	1201929.000000	0.000000e+00
1.076011e+01	7.523031e+00	6.840485e-03	1209517.000000	0.000000e+00
1.078466e+01	7.493736e+00	6.805660e-03	1212429.000000	0.000000e+00
1.080918e+01	7.488335e+00	6.788275e-03	1216891.000000	0.000000e+00
1.083370e+01	7.451166e+00	6.738502e-03	1222705.000000	0.000000e+00
1.085823e+01	7.423662e+00	6.691871e-03	1230669.000000	0.000000e+00
1.088282e+01	7.397588e+00	6.645409e-03	1239187.000000	0.000000e+00
1.090737e+01	7.367204e+00	6.622054e-03	1237713.000000	0.000000e+00
1.093189e+01	7.340240e+00	6.573854e-03	1246753.000000	0.000000e+00
1.095642e+01	7.334330e+00	6.559381e-03	1250245.000000	0.000000e+00
1.098096e+01	7.289893e+00	6.494067e-03	1260111.000000	0.000000e+00
1.100552e+01	7.271685e+00	6.473138e-03	1261945.000000	0.000000e+00
1.103005e+01	7.235912e+00	6.424221e-03	1268661.000000	0.000000e+00
1.105458e+01	7.223784e+00	6.399793e-03	1274083.000000	0.000000e+00
1.107911e+01	7.211743e+00	6.375803e-03	1279413.000000	0.000000e+00
1.110366e+01	7.181426e+00	6.329194e-03	1287433.000000	0.000000e+00
1.112821e+01	7.164832e+00	6.305509e-03	1291135.000000	0.000000e+00
1.115273e+01	7.133806e+00	6.267520e-03	1295541.000000	0.000000e+00
1.117726e+01	7.113040e+00	6.231513e-03	1302937.000000	0.000000e+00
1.120181e+01	7.092012e+00	6.197169e-03	1309641.000000	0.000000e+00
1.122634e+01	7.073973e+00	6.174908e-03	1312399.000000	0.000000e+00
1.125085e+01	7.055245e+00	6.143575e-03	1318809.000000	0.000000e+00
1.127541e+01	7.032091e+00	6.098539e-03	1329589.000000	0.000000e+00
1.129999e+01	7.022015e+00	6.084928e-03	1331719.000000	0.000000e+00
1.132451e+01	6.997860e+00	6.056030e-03	1335225.000000	0.000000e+00
1.134903e+01	6.975821e+00	6.017914e-03	1343689.000000	0.000000e+00
1.137357e+01	6.954436e+00	5.989479e-03	1348173.000000	0.000000e+00
1.139811e+01	6.931240e+00	5.951707e-03	1356247.000000	0.000000e+00
1.142265e+01	6.926384e+00	5.941753e-03	1358889.000000	0.000000e+00
1.144718e+01	6.909995e+00	5.909604e-03	1367221.000000	0.000000e+00
1.147174e+01	6.894724e+00	5.881888e-03	1374043.000000	0.000000e+00
1.149628e+01	6.865799e+00	5.850339e-03	1377273.000000	0.000000e+00
1.152079e+01	6.864157e+00	5.840186e-03	1381405.000000	0.000000e+00
1.154533e+01	6.838828e+00	5.794321e-03	1393023.000000	0.000000e+00
1.156988e+01	6.823250e+00	5.779309e-03	1393897.000000	0.000000e+00
1.159441e+01	6.812390e+00	5.751523e-03	1402921.000000	0.000000e+00
1.161895e+01	6.788069e+00	5.721243e-03	1407705.000000	0.000000e+00
1.164349e+01	6.781582e+00	5.702670e-03	1414183.000000	0.000000e+00
1.166804e+01	6.768875e+00	5.680736e-03	1419789.000000	0.000000e+00
1.169259e+01	6.754750e+00	5.653865e-03	1427341.000000	0.000000e+00
1.171712e+01	6.728620e+00	5.628961e-03	1428879.000000	0.000000e+00
1.174164e+01	6.722278e+00	5.605307e-03	1438249.000000	0.000000e+00
1.176619e+01	6.710970e+00	5.582086e-03	1445365.000000	0.000000e+00
1.179072e+01	6.689303e+00	5.561648e-03	1446621.000000	0.000000e+00
1.181525e+01	6.680781e+00	5.533902e-03	1457443.000000	0.000000e+00
1.183979e+01	6.671088e+00	5.519034e-03	1461057.000000	0.000000e+00
1.186435e+01	6.657883e+00	5.491238e-03	1470049.000000	0.000000e+00
1.188889e+01	6.642473e+00	5.472274e-03	1473411.000000	0.000000e+00
1.191343e+01	6.636244e+00	5.455119e-03	1479913.000000	0.000000e+00
1.193797e+01	6.623885e+00	5.432355e-03	1486789.000000	0.000000e+00
1.196251e+01	6.614002e+00	5.415336e-03	1491687.000000	0.000000e+00
1.198703e+01	6.614149e+00	5.405599e-03	1497133.000000	0.000000e+00
1.201156e+01	6.598552e+00	5.378629e-03	1505061.000000	0.000000e+00
1.203612e+01	6.583735e+00	5.355135e-03	1511485.000000	0.000000e+00
1.206065e+01	6.584761e+00	5.348964e-03	1515447.000000	0.000000e+00
1.208515e+01	6.570155e+00	5.329406e-03	1519825.000000	0.000000e+00
1.210971e+01	6.576137e+00	5.306614e-03	1535701.000000	0.000000e+00
1.213428e+01	6.558974e+00	5.299059e-03	1532055.000000	0.000000e+00
1.215881e+01	6.560546e+00	5.277973e-03	1545061.000000	0.000000e+00
1.218336e+01	6.546535e+00	5.265767e-03	1545609.000000	0.000000e+00
1.220787e+01	6.536235e+00	5.245901e-03	1552441.000000	0.000000e+00
1.223242e+01	6.533619e+00	5.224624e-03	1563859.000000	0.000000e+00
1.225696e+01	6.546888e+00	5.235713e-03	1563573.000000	0.000000e+00
1.228148e+01	6.535438e+00	5.209843e-03	1573621.000000	0.000000e+00
1.230602e+01	6.522006e+00	5.190787e-03	1578687.000000	0.000000e+00
1.233056e+01	6.528927e+00	5.184921e-03	1585621.000000	0.000000e+00
1.235512e+01	6.520225e+00	5.162393e-03	1595229.000000	0.000000e+00
1.237965e+01	6.525796e+00	5.169871e-03	1593337.000000	0.000000e+00
1.240419e+01	6.515152e+00	5.135062e-03	1609747.000000	0.000000e+00
1.242874e+01	6.521160e+00	5.143976e-03	1607133.000000	0.000000e+00
1.245325e+01	6.520254e+00	5.128666e-03	1616293.000000	0.000000e+00
1.247780e+01	6.509163e+00	5.102111e-03	1627611.000000	0.000000e+00
1.250235e+01	6.513693e+00	5.107491e-03	1626445.000000	0.000000e+00
1.252688e+01	6.508599e+00	5.083812e-03	1639065.000000	0.000000e+00
1.255143e+01	6.521547e+00	5.089942e-03	1641631.000000	0.000000e+00
1.257596e+01	6.512330e+00	5.077372e-03	1645109.500000	0.000000e+00
1.260049e+01	6.482714e+00	5.058674e-03	1642254.000000	0.000000e+00
1.262503e+01	6.471302e+00	5.054576e-03	1639132.000000	0.000000e+00
1.264958e+01	6.454911e+00	5.045188e-03	1636914.000000	0.000000e+00
1.267411e+01	6.434560e+00	5.038879e-03	1630684.000000	0.000000e+00
1.269864e+01	6.416719e+00	5.027934e-03	1628722.000000	0.000000e+00
1.272316e+01	6.393068e+00	5.016027e-03	1624422.000000	0.000000e+00
1.274773e+01	6.377124e+00	4.999137e-03	1627270.000000	0.000000e+00
1.277225e+01	6.349350e+00	5.000667e-03	1612140.000000	0.000000e+00
1.279677e+01	6.345798e+00	4.986380e-03	1619578.000000	0.000000e+00
1.282133e+01	6.320462e+00	4.981206e-03	1610010.000000	0.000000e+00
1.284587e+01	6.302129e+00	4.965688e-03	1610704.000000	0.000000e+00
1.287043e+01	6.282669e+00	4.958739e-03	1605262.000000	0.000000e+00
1.289495e+01	6.250954e+00	4.942802e-03	1599360.000000	0.000000e+00
1.291951e+01	6.241449e+00	4.931323e-03	1601932.000000	0.000000e+00
1.294403e+01	6.219049e+00	4.934224e-03	1588584.000000	0.000000e+00
1.296853e+01	6.207191e+00	4.920065e-03	1591654.000000	0.000000e+00
1.299309e+01	6.187183e+00	4.908256e-03	1589028.000000	0.000000e+00
1.301763e+01	6.166484e+00	4.903806e-03	1581280.000000	0.000000e+00
1.304217e+01	6.144270e+00	4.886502e-03	1581046.000000	0.000000e+00
1.306670e+01	6.135212e+00	4.888728e-03	1574952.000000	0.000000e+00
1.309123e+01	6.114457e+00	4.877604e-03	1571458.000000	0.000000e+00
1.311579e+01	6.095915e+00	4.863208e-03	1571202.000000	0.000000e+00
1.314034e+01	6.086438e+00	4.866049e-03	1564492.000000	0.000000e+00
1.316488e+01	6.060978e+00	4.851705e-03	1560618.000000	0.000000e+00
1.318940e+01	6.046699e+00	4.847552e-03	1555936.000000	0.000000e+00
1.321393e+01	6.034909e+00	4.843791e-03	1552282.000000	0.000000e+00
1.323848e+01	6.018302e+00	4.831188e-03	1551816.000000	0.000000e+00
1.326302e+01	5.994479e+00	4.826073e-03	1542820.000000	0.000000e+00
1.328757e+01	5.985981e+00	4.816690e-03	1544448.000000	0.000000e+00
1.331210e+01	5.964471e+00	4.814634e-03	1534678.000000	0.000000e+00
1.333662e+01	5.952897e+00	4.807481e-03	1533280.000000	0.000000e+00
1.336117e+01	5.938801e+00	4.799542e-03	1531080.000000	0.000000e+00
1.338570e+01	5.924655e+00	4.800621e-03	1523110.000000	0.000000e+00
1.341022e+01	5.900548e+00	4.784025e-03	1521240.000000	0.000000e+00
1.343476e+01	5.888457e+00	4.781085e-03	1516876.000000	0.000000e+00
1.345932e+01	5.870747e+00	4.768703e-03	1515606.000000	0.000000e+00
1.348389e+01	5.854615e+00	4.762705e-03	1511086.000000	0.000000e+00
1.350843e+01	5.839772e+00	4.763938e-03	1502656.000000	0.000000e+00
1.353293e+01	5.814853e+00	4.749812e-03	1498734.000000	0.000000e+00
1.355748e+01	5.813750e+00	4.749247e-03	1498522.000000	0.000000e+00
1.358203e+01	5.806125e+00	4.753839e-03	1491708.000000	0.000000e+00
1.360658e+01	5.789663e+00	4.743742e-03	1489582.000000	0.000000e+00
1.363111e+01	5.782416e+00	4.751948e-03	1480728.000000	0.000000e+00
1.365563e+01	5.766566e+00	4.739166e-03	1480576.000000	0.000000e+00
1.368019e+01	5.746151e+00	4.729918e-03	1475866.000000	0.000000e+00
1.370473e+01	5.738789e+00	4.734008e-03	1469544.000000	0.000000e+00
1.372924e+01	5.716522e+00	4.724805e-03	1463848.000000	0.000000e+00
1.375380e+01	5.693562e+00	4.700568e-03	1467126.000000	0.000000e+00
1.377836e+01	5.696806e+00	4.723508e-03	1454566.000000	0.000000e+00
1.380287e+01	5.675457e+00	4.710596e-03	1451610.000000	0.000000e+00
1.382737e+01	5.661689e+00	4.708572e-03	1445818.000000	0.000000e+00
1.385191e+01	5.654215e+00	4.702034e-03	1446016.000000	0.000000e+00
1.387648e+01	5.642415e+00	4.701474e-03	1440330.000000	0.000000e+00
1.390103e+01	5.621482e+00	4.690693e-03	1436242.000000	0.000000e+00
1.392557e+01	5.613976e+00	4.697968e-03	1427976.000000	0.000000e+00
1.395012e+01	5.609371e+00	4.692581e-03	1428910.000000	0.000000e+00
1.397464e+01	5.596447e+00	4.704033e-03	1415416.000000	0.000000e+00
1.399917e+01	5.580784e+00	4.682258e-03	1420626.000000	0.000000e+00
1.402372e+01	5.575615e+00	4.698038e-03	1408486.000000	0.000000e+00
1.404824e+01	5.566319e+00	4.692621e-03	1407036.000000	0.000000e+00
1.407278e+01	5.541576e+00	4.679434e-03	1402426.000000	0.000000e+00
1.409731e+01	5.525202e+00	4.677386e-03	1395372.000000	0.000000e+00
1.412183e+01	5.514898e+00	4.673411e-03	1392538.000000	0.000000e+00
1.414639e+01	5.513449e+00	4.675891e-03	1390330.000000	0.000000e+00
1.417094e+01	5.508758e+00	4.688500e-03	1380510.000000	0.000000e+00
1.419546e+01	5.482686e+00	4.668536e-03	1379194.000000	0.000000e+00
1.422001e+01	5.471335e+00	4.670391e-03	1372398.000000	0.000000e+00
1.424455e+01	5.459711e+00	4.665984e-03	1369156.000000	0.000000e+00
1.426908e+01	5.443959e+00	4.666702e-03	1360848.000000	0.000000e+00
1.429362e+01	5.437760e+00	4.661258e-03	1360924.000000	0.000000e+00
1.431818e+01	5.433222e+00	4.671891e-03	1352476.000000	0.000000e+00
1.434273e+01	5.408377e+00	4.655369e-03	1349664.000000	0.000000e+00
1.436724e+01	5.404539e+00	4.670920e-03	1338790.000000	0.000000e+00
1.439177e+01	5.407526e+00	4.667697e-03	1342122.000000	0.000000e+00
1.441633e+01	5.371956e+00	4.655966e-03	1331206.000000	0.000000e+00
1.444087e+01	5.383395e+00	4.669709e-03	1329024.000000	0.000000e+00
1.446541e+01	5.373135e+00	4.673383e-03	1321882.000000	0.000000e+00
1.448996e+01	5.359043e+00	4.665619e-03	1319338.000000	0.000000e+00
1.451448e+01	5.352719e+00	4.678657e-03	1308900.000000	0.000000e+00
1.453902e+01	5.343405e+00	4.668337e-03	1310122.000000	0.000000e+00
1.456356e+01	5.329189e+00	4.674220e-03	1299882.000000	0.000000e+00
1.458809e+01	5.322387e+00	4.674659e-03	1296322.000000	0.000000e+00
1.461262e+01	5.320230e+00	4.680321e-03	1292140.000000	0.000000e+00
1.463716e+01	5.309692e+00	4.685089e-03	1284408.000000	0.000000e+00
1.466171e+01	5.301414e+00	4.680051e-03	1283164.000000	0.000000e+00
1.468625e+01	5.293565e+00	4.690732e-03	1273548.000000	0.000000e+00
1.471078e+01	5.283402e+00	4.688516e-03	1269862.000000	0.000000e+00
1.473534e+01	5.275427e+00	4.686630e-03	1267050.000000	0.000000e+00
1.475987e+01	5.275225e+00	4.708131e-03	1255408.000000	0.000000e+00
1.478439e+01	5.263682e+00	4.697728e-03	1255462.000000	0.000000e+00
1.480894e+01	5.251079e+00	4.702731e-03	1246800.000000	0.000000e+00
1.483348e+01	5.242277e+00	4.699558e-03	1244302.000000	0.000000e+00
1.485802e+01	5.233436e+00	4.709032e-03	1235124.000000	0.000000e+00
1.488256e+01	5.237358e+00	4.716565e-03	1233028.000000	0.000000e+00
1.490708e+01	5.223505e+00	4.723896e-03	1222710.000000	0.000000e+00
1.493162e+01	5.218845e+00	4.721041e-03	1222006.000000	0.000000e+00
1.495618e+01	5.209822e+00	4.724969e-03	1215760.000000	0.000000e+00
1.498071e+01	5.210469e+00	4.742975e-03	1206846.000000	0.000000e+00
1.500525e+01	5.205457e+00	4.743112e-03	1204456.000000	0.000000e+00
1.502980e+01	5.195411e+00	4.747395e-03	1197648.000000	0.000000e+00
1.505434e+01	5.181776e+00	4.748914e-03	1190608.000000	0.000000e+00
1.507886e+01	5.178619e+00	4.755034e-03	1186098.000000	0.000000e+00
1.510342e+01	5.170564e+00	4.757459e-03	1181206.000000	0.000000e+00
1.512796e+01	5.168833e+00	4.773076e-03	1172704.000000	0.000000e+00
1.515246e+01	5.163389e+00	4.778827e-03	1167420.000000	0.000000e+00
1.517700e+01	5.164850e+00	4.788768e-03	1163236.000000	0.000000e+00
1.520157e+01	5.156829e+00	4.789685e-03	1159182.000000	0.000000e+00
1.522611e+01	5.152377e+00	4.809663e-03	1147588.000000	0.000000e+00
1.525063e+01	5.144005e+00	4.804637e-03	1146256.000000	0.000000e+00
1.527518e+01	5.132328e+00	4.811122e-03	1137984.000000	0.000000e+00
1.529972e+01	5.145003e+00	4.833545e-03	1133026.000000	0.000000e+00
1.532424e+01	5.134619e+00	4.840075e-03	1125414.000000	0.000000e+00
1.534877e+01	5.128209e+00	4.843484e-03	1121026.000000	0.000000e+00
1.537332e+01	5.123637e+00	4.851459e-03	1115352.000000	0.000000e+00
1.539786e+01	5.121317e+00	4.865838e-03	1107766.000000	0.000000e+00
1.542240e+01	5.116905e+00	4.870783e-03	1103614.000000	0.000000e+00
1.544694e+01	5.113686e+00	4.886118e-03	1095318.000000	0.000000e+00
1.547149e+01	5.114059e+00	4.896117e-03	1091008.000000	0.000000e+00
1.549603e+01	5.108237e+00	4.906158e-03	1084074.000000	0.000000e+00
1.552054e+01	5.088278e+00	4.909489e-03	1074160.000000	0.000000e+00
1.554506e+01	5.109221e+00	4.931800e-03	1073244.000000	0.000000e+00
1.556963e+01	5.109598e+00	4.947599e-03	1066558.000000	0.000000e+00
1.559418e+01	5.098237e+00	4.956702e-03	1057924.000000	0.000000e+00
1.561873e+01	5.110226e+00	4.977480e-03	1054050.000000	0.000000e+00
1.564327e+01	5.107844e+00	4.998364e-03	1044286.000000	0.000000e+00
1.566780e+01	5.105828e+00	5.002815e-03	1041606.000000	0.000000e+00
1.569233e+01	5.108998e+00	5.032096e-03	1030798.000000	0.000000e+00
1.571685e+01	5.096595e+00	5.027802e-03	1027552.000000	0.000000e+00
1.574141e+01	5.098892e+00	5.045347e-03	1021338.000000	0.000000e+00
1.576595e+01	5.089164e+00	5.055560e-03	1013338.000000	0.000000e+00
1.579049e+01	5.099957e+00	5.079210e-03	1008186.000000	0.000000e+00
1.581502e+01	5.093229e+00	5.094773e-03	999394.000000	0.000000e+00
1.583955e+01	5.088564e+00	5.102107e-03	994698.000000	0.000000e+00
1.586407e+01	5.096428e+00	5.129715e-03	987064.000000	0.000000e+00
1.588861e+01	5.087483e+00	5.136393e-03	981046.000000	0.000000e+00
1.591315e+01	5.097398e+00	5.161335e-03	975378.000000	0.000000e+00
1.593770e+01	5.099076e+00	5.182556e-03	968044.000000	0.000000e+00
1.596225e+01	5.097821e+00	5.198915e-03	961488.000000	0.000000e+00
1.598677e+01	5.105675e+00	5.229265e-03	953290.000000	0.000000e+00
1.601131e+01	5.098353e+00	5.233368e-03	949068.000000	0.000000e+00
1.603586e+01	5.093944e+00	5.251305e-03	940966.000000	0.000000e+00
1.606040e+01	5.102379e+00	5.279477e-03	934036.000000	0.000000e+00
1.608493e+01	5.102831e+00	5.298127e-03	927636.000000	0.000000e+00
1.610947e+01	5.098917e+00	5.316555e-03	919804.000000	0.000000e+00
1.613400e+01	5.115762e+00	5.351069e-03	913986.000000	0.000000e+00
1.615854e+01	5.109635e+00	5.363537e-03	907564.000000	0.000000e+00
1.618310e+01	5.106867e+00	5.381675e-03	900480.000000	0.000000e+00
1.620765e+01	5.111606e+00	5.407942e-03	893410.000000	0.000000e+00
1.623216e+01	5.113681e+00	5.440751e-03	883384.000000	0.000000e+00
1.625669e+01	5.116895e+00	5.451593e-03	880980.000000	0.000000e+00
1.628123e+01	5.128668e+00	5.494594e-03	871240.000000	0.000000e+00
1.630580e+01	5.146783e+00	5.526131e-03	867420.000000	0.000000e+00
1.633036e+01	5.129040e+00	5.538785e-03	857518.000000	0.000000e+00
1.635486e+01	5.148166e+00	5.588469e-03	848632.000000	0.000000e+00
1.637939e+01	5.143787e+00	5.593684e-03	845610.000000	0.000000e+00
1.640395e+01	5.151120e+00	5.632665e-03	836326.000000	0.000000e+00
1.642848e+01	5.157868e+00	5.663878e-03	829302.000000	0.000000e+00
1.645298e+01	5.152337e+00	5.688140e-03	820480.000000	0.000000e+00
1.647753e+01	5.157283e+00	5.705643e-03	817020.000000	0.000000e+00
1.650209e+01	5.169901e+00	5.750116e-03	808372.000000	0.000000e+00
1.652660e+01	5.180793e+00	5.798540e-03	798280.000000	0.000000e+00
1.655114e+01	5.186725e+00	5.814794e-03	795642.000000	0.000000e+00
1.657571e+01	5.169396e+00	5.829834e-03	786262.000000	0.000000e+00
1.660025e+01	5.192215e+00	5.887047e-03	777876.000000	0.000000e+00
1.662478e+01	5.197228e+00	5.913506e-03	772420.000000	0.000000e+00
1.664931e+01	5.194807e+00	5.949364e-03	762426.000000	0.000000e+00
1.667386e+01	5.221190e+00	5.993589e-03	758866.000000	0.000000e+00
1.669842e+01	5.212939e+00	6.026289e-03	748282.000000	0.000000e+00
1.672293e+01	5.225839e+00	6.071453e-03	740844.000000	0.000000e+00
1.674748e+01	5.228241e+00	6.094449e-03	735940.000000	0.000000e+00
1.677204e+01	5.232471e+00	6.141601e-03	725856.000000	0.000000e+00
1.679655e+01	5.247398e+00	6.189958e-03	718642.000000	0.000000e+00
1.682107e+01	5.249641e+00	6.223249e-03	711582.000000	0.000000e+00
1.684563e+01	5.261066e+00	6.266861e-03	704770.000000	0.000000e+00
1.687018e+01	5.260488e+00	6.301545e-03	696880.000000	0.000000e+00
1.689472e+01	5.266537e+00	6.349863e-03	687894.000000	0.000000e+00
1.691924e+01	5.271012e+00	6.383701e-03	681778.000000	0.000000e+00
1.694378e+01	5.288778e+00	6.449202e-03	672510.000000	0.000000e+00
1.696830e+01	5.303900e+00	6.499887e-03	665854.000000	0.000000e+00
1.699283e+01	5.295994e+00	6.530724e-03	657616.000000	0.000000e+00
1.701740e+01	5.302498e+00	6.567953e-03	651780.000000	0.000000e+00
1.704195e+01	5.313648e+00	6.631530e-03	642034.000000	0.000000e+00
1.706646e+01	5.317194e+00	6.682951e-03	633036.000000	0.000000e+00
1.709097e+01	5.338814e+00	6.738456e-03	627724.000000	0.000000e+00
1.711553e+01	5.344676e+00	6.791931e-03	619236.000000	0.000000e+00
1.714008e+01	5.346625e+00	6.841111e-03	610810.000000	0.000000e+00
1.716463e+01	5.357721e+00	6.889503e-03	604762.000000	0.000000e+00
1.718918e+01	5.354521e+00	6.948920e-03	593754.000000	0.000000e+00
1.721369e+01	5.366957e+00	7.000532e-03	587752.000000	0.000000e+00
1.723823e+01	5.366875e+00	7.054377e-03	578796.000000	0.000000e+00
1.726278e+01	5.382513e+00	7.117273e-03	571930.000000	0.000000e+00
1.728731e+01	5.381631e+00	7.172602e-03	562956.000000	0.000000e+00
1.731188e+01	5.394394e+00	7.233470e-03	556150.000000	0.000000e+00
1.733641e+01	5.379671e+00	7.278244e-03	546334.000000	0.000000e+00
1.736091e+01	5.393444e+00	7.355953e-03	537594.000000	0.000000e+00
1.738543e+01	5.399051e+00	7.399711e-03	532360.000000	0.000000e+00
1.741000e+01	5.399890e+00	7.474027e-03	521988.000000	0.000000e+00
1.743456e+01	5.420765e+00	7.547089e-03	515896.000000	0.000000e+00
1.745909e+01	5.402921e+00	7.600602e-03	505314.000000	0.000000e+00
1.748363e+01	5.395095e+00	7.640076e-03	498658.000000	0.000000e+00
1.750818e+01	5.397179e+00	7.709737e-03	490066.000000	0.000000e+00
1.753269e+01	5.395525e+00	7.788012e-03	479970.000000	0.000000e+00
1.755722e+01	5.403085e+00	7.844279e-03	474436.000000	0.000000e+00
1.758176e+01	5.407167e+00	7.938166e-03	463980.000000	0.000000e+00
1.760629e+01	5.391446e+00	7.977188e-03	456784.000000	0.000000e+00
1.763083e+01	5.386152e+00	8.043819e-03	448366.000000	0.000000e+00
1.765539e+01	5.364715e+00	8.088513e-03	439902.000000	0.000000e+00
1.767993e+01	5.373043e+00	8.182803e-03	431158.000000	0.000000e+00
1.770446e+01	5.353074e+00	8.232791e-03	422778.000000	0.000000e+00
1.772897e+01	5.340968e+00	8.304970e-03	413584.000000	0.000000e+00
1.775351e+01	5.314276e+00	8.335280e-03	406488.000000	0.000000e+00
1.777808e+01	5.294542e+00	8.395003e-03	397754.500000	0.000000e+00
1.780261e+01	5.291206e+00	8.481970e-03	389149.000000	0.000000e+00
1.782713e+01	5.275963e+00	8.534108e-03	382197.000000	0.000000e+00
1.785169e+01	5.262968e+00	8.587203e-03	375628.000000	0.000000e+00
1.787623e+01	5.260565e+00	8.674708e-03	367752.000000	0.000000e+00
1.790076e+01	5.264867e+00	8.751496e-03	361918.000000	0.000000e+00
1.792530e+01	5.262241e+00	8.830283e-03	355134.000000	0.000000e+00
1.794985e+01	5.253723e+00	8.897373e-03	348667.000000	0.000000e+00
1.797440e+01	5.250047e+00	8.964884e-03	342955.000000	0.000000e+00
1.799891e+01	5.238842e+00	9.041576e-03	335724.000000	0.000000e+00
1.802344e+01	5.227969e+00	9.086474e-03	331036.000000	0.000000e+00
1.804802e+01	5.243642e+00	9.191906e-03	325428.000000	0.000000e+00
1.807255e+01	5.238867e+00	9.286481e-03	318253.000000	0.000000e+00
1.809707e+01	5.242519e+00	9.355126e-03	314037.000000	0.000000e+00
1.812164e+01	5.235531e+00	9.431491e-03	308149.000000	0.000000e+00
1.814617e+01	5.239315e+00	9.529856e-03	302257.000000	0.000000e+00
1.817068e+01	5.227559e+00	9.590367e-03	297117.000000	0.000000e+00
1.819523e+01	5.249107e+00	9.703197e-03	292645.000000	0.000000e+00
1.821979e+01	5.231234e+00	9.764014e-03	287046.000000	0.000000e+00
1.824431e+01	5.270702e+00	9.937135e-03	281329.000000	0.000000e+00
1.826883e+01	5.236028e+00	9.943112e-03	277306.000000	0.000000e+00
1.829337e+01	5.264516e+00	1.009050e-02	272202.000000	0.000000e+00
1.831793e+01	5.250312e+00	1.014720e-02	267718.000000	0.000000e+00
1.834250e+01	5.258319e+00	1.025388e-02	262977.000000	0.000000e+00
1.836701e+01	5.264965e+00	1.038410e-02	257071.000000	0.000000e+00
1.839152e+01	5.275471e+00	1.047277e-02	253746.000000	0.000000e+00
1.841609e+01	5.254978e+00	1.052576e-02	249250.000000	0.000000e+00
1.844064e+01	5.273090e+00	1.067126e-02	244174.000000	0.000000e+00
1.846515e+01	5.251343e+00	1.071725e-02	240090.000000	0.000000e+00
1.848971e+01	5.271335e+00	1.085089e-02	235999.000000	0.000000e+00
1.851428e+01	5.274641e+00	1.095593e-02	231786.000000	0.000000e+00
1.853881e+01	5.271091e+00	1.106194e-02	227059.000000	0.000000e+00
1.856328e+01	5.308555e+00	1.125720e-02	222378.000000	0.000000e+00
1.858784e+01	5.290863e+00	1.127516e-02	220195.000000	0.000000e+00
1.861244e+01	5.306545e+00	1.144434e-02	215002.000000	0.000000e+00
1.863693e+01	5.309750e+00	1.157204e-02	210537.000000	0.000000e+00
1.866143e+01	5.308128e+00	1.165929e-02	207271.000000	0.000000e+00
1.868601e+01	5.323385e+00	1.178990e-02	203871.000000	0.000000e+00
1.871055e+01	5.338606e+00	1.195969e-02	199258.000000	0.000000e+00
1.873503e+01	5.367068e+00	1.214371e-02	195331.000000	0.000000e+00
1.875958e+01	5.349052e+00	1.217774e-02	192939.000000	0.000000e+00
1.878417e+01	5.345467e+00	1.231547e-02	188395.000000	0.000000e+00
1.880870e+01	5.364180e+00	1.247204e-02	184983.000000	0.000000e+00
1.883322e+01	5.375789e+00	1.262817e-02	181219.000000	0.000000e+00
1.885775e+01	5.370951e+00	1.273470e-02	177879.000000	0.000000e+00
1.888231e+01	5.388955e+00	1.289567e-02	174631.000000	0.000000e+00
1.890684e+01	5.393311e+00	1.304625e-02	170899.000000	0.000000e+00
1.893134e+01	5.381716e+00	1.315155e-02	167451.000000	0.000000e+00
1.895590e+01	5.396417e+00	1.329009e-02	164875.000000	0.000000e+00
1.898046e+01	5.424965e+00	1.352598e-02	160863.000000	0.000000e+00
1.900495e+01	5.448209e+00	1.372384e-02	157600.000000	0.000000e+00
1.902946e+01	5.445950e+00	1.383938e-02	154851.000000	0.000000e+00
1.905406e+01	5.454220e+00	1.398431e-02	152119.000000	0.000000e+00
1.907863e+01	5.481287e+00	1.422818e-02	148411.000000	0.000000e+00
1.910311e+01	5.475392e+00	1.438196e-02	144942.000000	0.000000e+00
1.912765e+01	5.463649e+00	1.444707e-02	143023.000000	0.000000e+00
1.915226e+01	5.552653e+00	1.485819e-02	139659.000000	0.000000e+00
1.917678e+01	5.530477e+00	1.498340e-02	136240.000000	0.000000e+00
1.920124e+01	5.552202e+00	1.520045e-02	133419.000000	0.000000e+00
1.922581e+01	5.584614e+00	1.540649e-02	131395.000000	0.000000e+00
1.925040e+01	5.584880e+00	1.561485e-02	127924.000000	0.000000e+00
1.927489e+01	5.614109e+00	1.587789e-02	125019.000000	0.000000e+00
1.929941e+01	5.598190e+00	1.597840e-02	122752.000000	0.000000e+00
1.932402e+01	5.624387e+00	1.621413e-02	120327.000000	0.000000e+00
1.934855e+01	5.610629e+00	1.642615e-02	116668.000000	0.000000e+00
1.937298e+01	5.661144e+00	1.675049e-02	114223.000000	0.000000e+00
1.939755e+01	5.668090e+00	1.687717e-02	112791.000000	0.000000e+00
1.942217e+01	5.679845e+00	1.717918e-02	109312.000000	0.000000e+00
1.944667e+01	5.740128e+00	1.755465e-02	106920.000000	0.000000e+00
1.947113e+01	5.747727e+00	1.782251e-02	104005.000000	0.000000e+00
1.949570e+01	5.747623e+00	1.792599e-02	102804.000000	0.000000e+00
1.952032e+01	5.766984e+00	1.827054e-02	99631.000000	0.000000e+00
1.954482e+01	5.806795e+00	1.863412e-02	97108.000000	0.000000e+00
1.956930e+01	5.815958e+00	1.887592e-02	94935.000000	0.000000e+00
1.959391e+01	5.843307e+00	1.914573e-02	93148.000000	0.000000e+00
1.961850e+01	5.875741e+00	1.954805e-02	90348.000000	0.000000e+00
1.964294e+01	5.878844e+00	1.985111e-02	87703.000000	0.000000e+00
1.966740e+01	5.951942e+00	2.028699e-02	86076.000000	0.000000e+00
1.969204e+01	5.923983e+00	2.039119e-02	84400.000000	0.000000e+00
1.971660e+01	5.966304e+00	2.092076e-02	81331.000000	0.000000e+00
1.974103e+01	6.025940e+00	2.137826e-02	79452.000000	0.000000e+00
1.976563e+01	6.013454e+00	2.150957e-02	78160.000000	0.000000e+00
1.979032e+01	6.072884e+00	2.206499e-02	75750.000000	0.000000e+00
1.981482e+01	6.135832e+00	2.268690e-02	73147.000000	0.000000e+00
1.983914e+01	6.136754e+00	2.306138e-02	70812.000000	0.000000e+00
1.986374e+01	6.154687e+00	2.315757e-02	70636.000000	0.000000e+00
1.988844e+01	6.249611e+00	2.404123e-02	67576.000000	0.000000e+00
1.991292e+01	6.196036e+00	2.416807e-02	65727.000000	0.000000e+00
1.993736e+01	6.233293e+00	2.469023e-02	63736.000000	0.000000e+00
1.996197e+01	6.306728e+00	2.518905e-02	62688.000000	0.000000e+00
1.998658e+01	6.303437e+00	2.568151e-02	60244.000000	0.000000e+00
2.001095e+01	6.320000e+00	2.622610e-02	58072.000000	0.000000e+00
2.003547e+01	6.378991e+00	2.661450e-02	57447.000000	0.000000e+00
2.006019e+01	6.403958e+00	2.721027e-02	55390.000000	0.000000e+00
2.008472e+01	6.478700e+00	2.804553e-02	53364.000000	0.000000e+00
2.010903e+01	6.503754e+00	2.872373e-02	51268.000000	0.000000e+00
2.013363e+01	6.523893e+00	2.884758e-02	51144.000000	0.000000e+00
2.015842e+01	6.558083e+00	2.969557e-02	48772.000000	0.000000e+00
2.018288e+01	6.604624e+00	3.052076e-02	46828.000000	0.000000e+00
2.020721e+01	6.682545e+00	3.137241e-02	45372.000000	0.000000e+00
2.023181e+01	6.671274e+00	3.161102e-02	44539.000000	0.000000e+00
2.025650e+01	6.743465e+00	3.262628e-02	42720.000000	0.000000e+00
2.028095e+01	6.726752e+00	3.324702e-02	40936.000000	0.000000e+00
2.030542e+01	6.735947e+00	3.368900e-02	39978.000000	0.000000e+00
2.033011e+01	6.746994e+00	3.433774e-02	38608.000000	0.000000e+00
2.035466e+01	6.881650e+00	3.582832e-02	36892.000000	0.000000e+00
2.037892e+01	6.976585e+00	3.718110e-02	35208.000000	0.000000e+00
2.040348e+01	7.042325e+00	3.763206e-02	35020.000000	0.000000e+00
2.042837e+01	6.961426e+00	3.810720e-02	33372.000000	0.000000e+00
2.045281e+01	7.092673e+00	4.001353e-02	31420.000000	0.000000e+00
2.047697e+01	7.107559e+00	4.079956e-02	30348.000000	0.000000e+00
2.050165e+01	7.157860e+00	4.129840e-02	30040.000000	0.000000e+00
2.052659e+01	7.223135e+00	4.276515e-02	28528.000000	0.000000e+00
2.055100e+01	7.277444e+00	4.460243e-02	26622.000000	0.000000e+00
2.057510e+01	7.354889e+00	4.580730e-02	25780.000000	0.000000e+00
2.059985e+01	7.427198e+00	4.655475e-02	25452.000000	0.000000e+00
2.062477e+01	7.516111e+00	4.853651e-02	23980.000000	0.000000e+00
2.064904e+01	7.502118e+00	5.034638e-02	22204.000000	0.000000e+00
2.067328e+01	7.545246e+00	5.095813e-02	21924.000000	0.000000e+00
2.069813e+01	7.680251e+00	5.293327e-02	21052.000000	0.000000e+00
2.072282e+01	7.701830e+00	5.483432e-02	19728.000000	0.000000e+00
2.074689e+01	7.608534e+00	5.621933e-02	18316.000000	0.000000e+00
2.077148e+01	7.766837e+00	5.706900e-02	18522.000000	0.000000e+00
2.079650e+01	7.866954e+00	6.023765e-02	17056.000000	0.000000e+00
2.082086e+01	7.937176e+00	6.294392e-02	15901.000000	0.000000e+00
2.084494e+01	7.928529e+00	6.445320e-02	15132.000000	0.000000e+00
2.086988e+01	8.065531e+00	6.581969e-02	15016.000000	0.000000e+00
2.089484e+01	8.253128e+00	7.087429e-02	13560.000000	0.000000e+00
2.091874e+01	8.240981e+00	7.389900e-02	12436.000000	0.000000e+00
2.094286e+01	8.259796e+00	7.443977e-02	12312.000000	0.000000e+00
2.096835e+01	8.241441e+00	7.518361e-02	12016.000000	0.000000e+00
2.099333e+01	8.340837e+00	8.173364e-02	10414.000000	0.000000e+00
2.101635e+01	8.498744e+00	8.824180e-02	9276.000000	0.000000e+00
2.104066e+01	8.530774e+00	8.547457e-02	9961.000000	0.000000e+00
2.106684e+01	8.706834e+00	9.063720e-02	9228.000000	0.000000e+00
2.109169e+01	8.688431e+00	9.880875e-02	7732.000000	0.000000e+00
2.111385e+01	9.186438e+00	1.117641e-01	6756.000000	0.000000e+00
2.113864e+01	9.075481e+00	1.030507e-01	7756.000000	0.000000e+00
2.116547e+01	9.104258e+00	1.102433e-01	6820.000000	0.000000e+00
2.118998e+01	9.187315e+00	1.255126e-01	5358.000000	0.000000e+00
2.121167e+01	9.440145e+00	1.335974e-01	4993.000000	0.000000e+00
2.123701e+01	9.510177e+00	1.280027e-01	5520.000000	0.000000e+00
2.126409e+01	9.304089e+00	1.344050e-01	4792.000000	0.000000e+00
2.128812e+01	9.728844e+00	1.659719e-01	3436.000000	0.000000e+00
2.130920e+01	9.540880e+00	1.617331e-01	3480.000000	0.000000e+00
2.133536e+01	9.788333e+00	1.604645e-01	3721.000000	0.000000e+00
2.136298e+01	9.671678e+00	1.728188e-01	3132.000000	0.000000e+00
2.138535e+01	1.004448e+01	2.384792e-01	1774.000000	0.000000e+00
2.140616e+01	1.046562e+01	2.130964e-01	2412.000000	0.000000e+00
2.143360e+01	9.841414e+00	2.092498e-01	2212.000000	0.000000e+00
2.146162e+01	1.019301e+01	2.378198e-01	1837.000000	0.000000e+00
2.148292e+01	1.058401e+01	3.705145e-01	816.000000	0.000000e+00
2.150387e+01	1.017058e+01	2.745798e-01	1372.000000	0.000000e+00
2.153200e+01	1.103039e+01	3.337946e-01	1092.000000	0.000000e+00
2.156014e+01	1.062878e+01	3.658576e-01	844.000000	0.000000e+00
2.158178e+01	1.034818e+01	5.620362e-01	339.000000	0.000000e+00
2.160234e+01	1.183552e+01	5.131349e-01	532.000000	0.000000e+00
2.163046e+01	1.044158e+01	5.472874e-01	364.000000	0.000000e+00
2.165853e+01	1.204691e+01	7.978263e-01	228.000000	0.000000e+00
2.168066e+01	1.092349e+01	1.278498e+00	73.000000	0.000000e+00
2.170037e+01	9.989747e+00	1.089971e+00	84.000000	0.000000e+00
2.172766e+01	1.035539e+01	1.956985e+00	28.000000	0.000000e+00
2.175143e+01	2.767750e+01	1.597961e+01	3.000000	0.000000e+00
